1.000000000000000000e+00
1.000000000000000000e+00
1.000000000000000000e+00
1.000000000000000000e+00
1.000000000000000000e+00
1.000000000000000000e+00
1.000000000000000000e+00
1.000000000000000000e+00
1.000000000000000000e+00
1.000000000000000000e+00
1.000000000000000000e+00
1.000000000000000000e+00
1.000000000000000000e+00
1.000000000000000000e+00
1.000000000000000000e+00
1.000000000000000000e+00
1.000000000000000000e+00
1.000000000000000000e+00
1.000000000000000000e+00
1.000000000000000000e+00
1.000000000000000000e+00
1.000000000000000000e+00
1.000000000000000000e+00
1.000000000000000000e+00
0.000000000000000000e+00
0.000000000000000000e+00
0.000000000000000000e+00
0.000000000000000000e+00
5.894229165627061784e-01
3.577680490659650991e-01
1.000000000000000000e+00
1.000000000000000000e+00
8.709420264478805462e-01
1.000000000000000000e+00
9.793801866039257842e-01
1.000000000000000000e+00
1.000000000000000000e+00
9.586070358194586083e-01
1.000000000000000000e+00
9.652093477969307944e-01
8.573366190893214611e-01
1.000000000000000000e+00
1.000000000000000000e+00
1.000000000000000000e+00
8.470178175309612811e-01
9.059307439095258818e-01
1.000000000000000000e+00
8.377312339844229516e-01
9.729613332587242480e-01
1.000000000000000000e+00
1.000000000000000000e+00
9.519345731435578939e-01
1.658015384462381192e+01
-5.455753228085895579e-01
7.419325351715087835e-02
-3.726845979690551758e-02
3.445968878208952590e-01
6.007321647347918514e-01
5.068202669961168194e-01
8.477603537019432478e-01
9.054013974614234517e-01
9.941706365193530015e-01
9.239933705932162900e-01
9.262969982404566371e-01
1.000000000000000000e+00
1.000000000000000000e+00
1.000000000000000000e+00
8.392102461829564763e-01
9.502078746905379125e-01
1.000000000000000000e+00
1.000000000000000000e+00
9.819184249273197329e-01
1.000000000000000000e+00
1.000000000000000000e+00
1.000000000000000000e+00
1.000000000000000000e+00
9.973913108136337469e-01
9.928978925263104438e-01
8.607209277516284507e-01
1.000000000000000000e+00
1.657463905530740789e+01
-5.217427856851108992e-01
2.600000000000000089e-01
-3.129551708698272705e-01
4.577914435759372624e-01
4.301844657763230773e-01
6.054235618255062734e-01
1.000000000000000000e+00
8.999166855332497716e-01
9.900502836885023417e-01
1.000000000000000000e+00
9.137681035210246661e-01
1.000000000000000000e+00
1.000000000000000000e+00
1.000000000000000000e+00
1.000000000000000000e+00
8.609573065155515792e-01
9.961602154872399861e-01
1.000000000000000000e+00
1.000000000000000000e+00
9.342364285621176379e-01
9.610300977336503347e-01
8.452721598037246098e-01
9.832514708804117598e-01
8.800996689644959847e-01
8.520363245705949717e-01
8.582716613003009698e-01
8.804945552427938527e-01
1.656520318243079615e+01
-4.688228406166023987e-01
2.600000000000000089e-01
-1.448658406734466553e-01
6.129436839393453962e-01
4.769163544051068793e-01
4.220596136417074651e-01
1.000000000000000000e+00
9.444690635013327507e-01
1.000000000000000000e+00
1.000000000000000000e+00
9.672937987361128753e-01
1.000000000000000000e+00
9.713596310224618113e-01
1.000000000000000000e+00
9.995917230850065449e-01
1.000000000000000000e+00
1.000000000000000000e+00
1.000000000000000000e+00
8.837816869392207675e-01
9.087518844353621450e-01
9.510190032730196918e-01
8.364569085244152324e-01
8.407871275600514727e-01
8.384133313713884039e-01
9.769163921258500194e-01
8.469635120061864697e-01
8.327910477468181139e-01
1.653951297730149861e+01
-4.094126726171989361e-01
2.600000000000000089e-01
-2.434913665056228638e-01
3.277002465943312237e-01
3.803533970048360024e-01
3.192244860455070166e-01
1.000000000000000000e+00
9.015656555463682498e-01
1.000000000000000000e+00
8.202223393986536326e-01
1.000000000000000000e+00
8.978021841337311404e-01
8.344536915022340295e-01
8.495180782552865795e-01
9.186647890446500986e-01
9.735839187142227846e-01
8.716398160602276679e-01
1.000000000000000000e+00
9.170644405378699515e-01
8.805423904043608863e-01
1.000000000000000000e+00
8.663507578456809410e-01
1.000000000000000000e+00
1.000000000000000000e+00
9.740629100035652632e-01
1.000000000000000000e+00
8.745194715092853288e-01
1.651694924627948424e+01
-3.954274344946306918e-01
2.600000000000000089e-01
-2.326536923646926880e-01
4.646361710920959287e-01
3.490482609469919284e-01
5.805871101508205401e-01
1.000000000000000000e+00
1.000000000000000000e+00
1.000000000000000000e+00
9.336061853069927974e-01
9.296857306039133517e-01
1.000000000000000000e+00
8.478741359636315922e-01
1.000000000000000000e+00
1.000000000000000000e+00
1.000000000000000000e+00
1.000000000000000000e+00
8.620573875269638142e-01
1.000000000000000000e+00
1.000000000000000000e+00
1.000000000000000000e+00
1.000000000000000000e+00
1.000000000000000000e+00
9.482543046627877059e-01
8.425620295300986218e-01
1.000000000000000000e+00
9.449206628796487095e-01
1.649312072364964266e+01
-3.841080107084269279e-01
2.600000000000000089e-01
6.339818239212036133e-02
2.899306867999082438e-01
3.719860162666910885e-01
5.705257959119919287e-01
9.139630542488669240e-01
1.000000000000000000e+00
1.000000000000000000e+00
8.707061482649764983e-01
9.828664502020936222e-01
1.000000000000000000e+00
8.802007199854026132e-01
9.124301970358358327e-01
1.000000000000000000e+00
1.000000000000000000e+00
1.000000000000000000e+00
9.122134569199399357e-01
1.000000000000000000e+00
9.411718771365223946e-01
1.000000000000000000e+00
1.000000000000000000e+00
1.000000000000000000e+00
8.916309717910032573e-01
8.641924388789521405e-01
1.000000000000000000e+00
8.357620219486516788e-01
1.646188110838430774e+01
-3.826527750817265705e-01
2.600000000000000089e-01
-1.430069357156753540e-01
2.923929904029236582e-01
4.558124585888551628e-01
5.460429698941565713e-01
8.245406327733607599e-01
1.000000000000000000e+00
1.000000000000000000e+00
9.240825926762512577e-01
8.382665820204656670e-01
9.723755931354202131e-01
8.503076900144936889e-01
1.000000000000000000e+00
9.202223817331851574e-01
1.000000000000000000e+00
9.593455382047796354e-01
9.766366878681923547e-01
9.953983394877964352e-01
8.564123471044059466e-01
1.000000000000000000e+00
8.685719103460579626e-01
8.560638038374799308e-01
9.378107691258632528e-01
8.666914650708194001e-01
1.000000000000000000e+00
8.857073414909922837e-01
1.643775113836377244e+01
-3.747487342367956664e-01
2.600000000000000089e-01
-6.449047476053237915e-02
3.602984801872247123e-01
4.381959651907222364e-01
5.618801012221602553e-01
8.615155353645269631e-01
8.976162792132146295e-01
1.000000000000000000e+00
9.236545980452575133e-01
8.969334968653089879e-01
9.305473059908242472e-01
1.000000000000000000e+00
1.000000000000000000e+00
9.030489752347519161e-01
1.000000000000000000e+00
1.000000000000000000e+00
8.954836701107815600e-01
8.937794548737316713e-01
9.105905194597629926e-01
8.611134483786578864e-01
1.000000000000000000e+00
8.555040239767587318e-01
1.000000000000000000e+00
8.350332002691568389e-01
9.544027505594691041e-01
1.000000000000000000e+00
1.640512441850793479e+01
-3.643383093019307850e-01
2.600000000000000089e-01
-9.218560904264450073e-02
2.944712307452400091e-01
3.061926110894382380e-01
4.067844261989656540e-01
9.006337770658785491e-01
8.345851560729754537e-01
9.511970321358670377e-01
1.000000000000000000e+00
1.000000000000000000e+00
1.000000000000000000e+00
8.259291763401891417e-01
1.000000000000000000e+00
8.715718544324378980e-01
9.267501554033664712e-01
8.760396376494901105e-01
8.610552411787403271e-01
9.829633184921789946e-01
1.000000000000000000e+00
9.473014704897027016e-01
1.000000000000000000e+00
9.097825070552107984e-01
9.884796171253168451e-01
9.761818997165548906e-01
9.497299129880000246e-01
9.228776710331313415e-01
1.638066767142650448e+01
-3.526664370594381204e-01
2.600000000000000089e-01
-1.333954930305480957e-01
3.022344342972574371e-01
5.338407715215758298e-01
5.112084494541596635e-01
1.000000000000000000e+00
9.697924518546707784e-01
1.000000000000000000e+00
1.000000000000000000e+00
1.000000000000000000e+00
8.290874693924088490e-01
1.000000000000000000e+00
9.822626278811628087e-01
9.537370799613738015e-01
9.777499051565321508e-01
1.000000000000000000e+00
9.434058965036121736e-01
1.000000000000000000e+00
1.000000000000000000e+00
1.000000000000000000e+00
9.710697782131715305e-01
1.000000000000000000e+00
9.695503444815199989e-01
1.000000000000000000e+00
9.878446868155789096e-01
1.000000000000000000e+00
1.635625682235339440e+01
-3.490728001463869745e-01
2.600000000000000089e-01
3.824336081743240356e-02
2.936240701137475262e-01
4.281201205152417866e-01
5.186553554593332782e-01
1.000000000000000000e+00
9.126129721642444181e-01
8.334601656586410057e-01
1.000000000000000000e+00
9.796934241795598464e-01
1.000000000000000000e+00
8.803801705775923248e-01
8.505609331963391861e-01
1.000000000000000000e+00
8.538585820169154461e-01
9.516808560137233197e-01
1.000000000000000000e+00
8.421716068759151907e-01
8.649811350588205716e-01
1.000000000000000000e+00
1.000000000000000000e+00
1.000000000000000000e+00
1.000000000000000000e+00
8.765643988100854100e-01
9.193669952977002735e-01
1.000000000000000000e+00
1.633176614745793742e+01
-3.500345034282164036e-01
2.600000000000000089e-01
-5.498367547988891602e-02
5.786358646352939283e-01
5.648821524649667580e-01
2.892032367854297514e-01
1.000000000000000000e+00
9.870269055365508137e-01
1.000000000000000000e+00
9.508804952387347464e-01
8.664391805561671989e-01
1.000000000000000000e+00
8.957037301103933924e-01
1.000000000000000000e+00
1.000000000000000000e+00
9.958699361682997742e-01
9.377216257713315573e-01
8.831464409941368610e-01
9.923026448269107735e-01
1.000000000000000000e+00
1.000000000000000000e+00
1.000000000000000000e+00
1.000000000000000000e+00
8.860177264385801221e-01
9.320940190006563597e-01
9.713746461634971130e-01
1.000000000000000000e+00
1.629910092309798841e+01
-3.435742875020602050e-01
2.600000000000000089e-01
-5.271786078810691833e-02
5.236208500431394075e-01
3.236005749438261581e-01
2.729262863296640362e-01
8.351332253961851748e-01
8.552936979558241060e-01
8.382405522853521029e-01
1.000000000000000000e+00
8.429166988575003128e-01
1.000000000000000000e+00
9.486855299344647552e-01
1.000000000000000000e+00
8.614138025477374727e-01
1.000000000000000000e+00
1.000000000000000000e+00
8.543847113189727560e-01
1.000000000000000000e+00
9.730743690589653827e-01
8.775984612288624254e-01
9.258559999089144288e-01
1.000000000000000000e+00
1.000000000000000000e+00
8.418812192634396174e-01
9.322336802150787971e-01
1.000000000000000000e+00
1.627463505465055249e+01
-3.352596269753429503e-01
2.600000000000000089e-01
-1.635149419307708740e-01
5.492241958795452961e-01
3.804213478027732576e-01
4.777941482869906831e-01
1.000000000000000000e+00
1.000000000000000000e+00
1.000000000000000000e+00
9.322526874056159540e-01
1.000000000000000000e+00
9.539062993045339667e-01
1.000000000000000000e+00
9.438326575938058571e-01
1.000000000000000000e+00
1.000000000000000000e+00
1.000000000000000000e+00
9.173848413487684095e-01
1.000000000000000000e+00
1.000000000000000000e+00
1.000000000000000000e+00
9.765200825655302452e-01
9.880810796668040297e-01
1.000000000000000000e+00
1.000000000000000000e+00
8.967898207033623281e-01
1.000000000000000000e+00
1.624999714353487335e+01
-3.272873897540264920e-01
2.600000000000000089e-01
-6.116262450814247131e-02
5.223642972243746074e-01
3.395024752589321793e-01
2.817554745736792765e-01
9.711417590269382227e-01
9.461993072911739633e-01
1.000000000000000000e+00
8.264934258481920759e-01
1.000000000000000000e+00
1.000000000000000000e+00
1.000000000000000000e+00
1.000000000000000000e+00
8.349360509819138132e-01
1.000000000000000000e+00
1.000000000000000000e+00
8.336418990655162231e-01
8.447836689766260454e-01
1.000000000000000000e+00
1.000000000000000000e+00
8.224588086214307259e-01
8.663798428084455994e-01
1.000000000000000000e+00
1.000000000000000000e+00
9.084079584385517103e-01
1.000000000000000000e+00
1.621705057777782244e+01
-3.143019181661141914e-01
2.600000000000000089e-01
-1.188701093196868896e-01
4.893878200272644419e-01
3.280274905450510370e-01
5.133331937535988709e-01
1.000000000000000000e+00
8.757404756626894216e-01
8.894292423570340222e-01
1.000000000000000000e+00
8.544274374166166419e-01
8.264581868289456734e-01
1.000000000000000000e+00
8.508798453531063455e-01
8.857444587970572103e-01
1.000000000000000000e+00
9.714227979152906256e-01
8.667455521441128630e-01
1.000000000000000000e+00
8.536632457312383071e-01
1.000000000000000000e+00
1.000000000000000000e+00
9.241527578100281470e-01
9.352458903214894148e-01
1.000000000000000000e+00
9.949451140461508247e-01
1.000000000000000000e+00
1.619212371351692425e+01
-3.044680111968220970e-01
2.600000000000000089e-01
-9.377878904342651367e-02
5.482336970233623319e-01
4.704630833254600519e-01
3.936766878115206536e-01
1.000000000000000000e+00
9.927409834586130577e-01
1.000000000000000000e+00
9.273142938505233301e-01
9.750372615733589043e-01
8.449285422241530341e-01
8.677519055490890976e-01
9.863403451945106371e-01
9.872217803275601389e-01
8.908627035150341600e-01
1.000000000000000000e+00
9.828603388016249331e-01
1.000000000000000000e+00
1.000000000000000000e+00
1.000000000000000000e+00
1.000000000000000000e+00
8.725119104038797646e-01
1.000000000000000000e+00
8.752525950211866856e-01
1.000000000000000000e+00
1.000000000000000000e+00
1.615894505196729369e+01
-2.964745447507470821e-01
2.600000000000000089e-01
-4.969419166445732117e-02
5.811246702553829468e-01
3.037642328959280769e-01
1.000000000000000000e+00
8.528082375302109552e-01
1.000000000000000000e+00
1.000000000000000000e+00
1.000000000000000000e+00
1.000000000000000000e+00
8.973703875840047806e-01
9.843318978864556978e-01
8.676146833864299968e-01
9.419995512719511188e-01
1.000000000000000000e+00
9.927618909643813883e-01
1.000000000000000000e+00
8.423330705998290924e-01
8.962729326083768155e-01
1.000000000000000000e+00
1.000000000000000000e+00
1.000000000000000000e+00
1.000000000000000000e+00
8.396441442612182504e-01
9.843928623366046127e-01
8.215472318930805429e-01
1.613402211777795614e+01
-2.894228544582291285e-01
2.600000000000000089e-01
-8.883114904165267944e-02
5.334618356621955160e-01
2.915161330094403480e-01
1.000000000000000000e+00
9.858303805261060537e-01
8.398970171632127446e-01
9.026129431602314401e-01
9.372068934065482804e-01
1.000000000000000000e+00
1.000000000000000000e+00
8.606469945105379438e-01
1.000000000000000000e+00
1.000000000000000000e+00
8.721802967471357082e-01
8.522656595185641448e-01
9.772058768292583020e-01
9.750862446310435416e-01
8.882036864705986634e-01
8.969659097055541208e-01
9.850645187522203416e-01
1.000000000000000000e+00
1.000000000000000000e+00
1.000000000000000000e+00
8.237986128821920273e-01
1.000000000000000000e+00
1.610048220730049806e+01
-2.754453648408450306e-01
2.600000000000000089e-01
-1.954151242971420288e-01
3.485418468603166953e-01
3.570018209937029785e-01
1.000000000000000000e+00
9.516781618051831648e-01
9.462663053017493775e-01
1.000000000000000000e+00
1.000000000000000000e+00
1.000000000000000000e+00
1.000000000000000000e+00
9.902959619306120898e-01
8.408202396069329732e-01
1.000000000000000000e+00
1.000000000000000000e+00
1.000000000000000000e+00
9.274066059654497707e-01
1.000000000000000000e+00
9.403016794593744843e-01
1.000000000000000000e+00
9.093887487275708059e-01
9.597802248204609921e-01
1.000000000000000000e+00
1.000000000000000000e+00
9.075086377977829022e-01
8.644152750756005643e-01
1.607543550059617132e+01
-2.586520848365574388e-01
2.600000000000000089e-01
-1.456180512905120850e-01
4.726431303180308463e-01
3.786806086994927156e-01
1.000000000000000000e+00
9.425362959627561210e-01
1.000000000000000000e+00
1.000000000000000000e+00
8.208113895849235009e-01
8.871612804575518263e-01
1.000000000000000000e+00
9.889834094451259716e-01
9.391211636892845549e-01
1.000000000000000000e+00
1.000000000000000000e+00
9.211304491824271468e-01
1.000000000000000000e+00
9.462989033623703250e-01
1.000000000000000000e+00
1.000000000000000000e+00
8.650370329033885142e-01
1.000000000000000000e+00
1.000000000000000000e+00
1.000000000000000000e+00
8.515417179319110241e-01
9.299934440753665488e-01
1.605026765122379828e+01
-2.476078584927114967e-01
2.600000000000000089e-01
-9.430108964443206787e-02
4.541828848929678197e-01
5.322631858429291984e-01
1.000000000000000000e+00
9.378522688116939232e-01
8.990898816299671692e-01
9.559941435343113358e-01
1.000000000000000000e+00
1.000000000000000000e+00
9.231901770241108807e-01
1.000000000000000000e+00
8.236868033669769718e-01
9.854910895857861286e-01
1.000000000000000000e+00
1.000000000000000000e+00
8.921130466535374115e-01
9.378174356494243247e-01
9.153978814351845239e-01
1.000000000000000000e+00
1.000000000000000000e+00
1.000000000000000000e+00
8.880484799708184829e-01
8.944530524130763771e-01
9.287691058489352391e-01
1.000000000000000000e+00
1.601651383136312390e+01
-2.313261279908238599e-01
2.600000000000000089e-01
-1.579586118459701538e-01
3.162001392867552219e-01
3.711913534022312500e-01
9.285246809815385083e-01
1.000000000000000000e+00
1.000000000000000000e+00
1.000000000000000000e+00
8.975167662219701858e-01
8.753423429842196457e-01
8.477357533085739805e-01
1.000000000000000000e+00
1.000000000000000000e+00
1.000000000000000000e+00
8.758532068124056380e-01
8.686354673327858489e-01
1.000000000000000000e+00
1.000000000000000000e+00
1.000000000000000000e+00
9.300172677945973687e-01
1.000000000000000000e+00
9.898210379213094878e-01
8.877889102375897679e-01
1.000000000000000000e+00
8.249703278606019818e-01
1.000000000000000000e+00
1.599101672573157984e+01
-2.164936112753439446e-01
2.600000000000000089e-01
-1.564576476812362671e-01
3.494514211896807554e-01
3.442473872156601167e-01
7.034977953740780832e-01
9.097042529161297741e-01
9.937673156889503812e-01
1.000000000000000000e+00
1.000000000000000000e+00
1.000000000000000000e+00
1.000000000000000000e+00
1.000000000000000000e+00
8.958457013862669571e-01
9.794186655105117101e-01
9.114517889376413384e-01
1.000000000000000000e+00
1.000000000000000000e+00
1.000000000000000000e+00
1.000000000000000000e+00
1.000000000000000000e+00
1.000000000000000000e+00
1.000000000000000000e+00
1.000000000000000000e+00
9.138448695938333755e-01
1.000000000000000000e+00
8.925217396529071534e-01
1.595730758601610155e+01
-2.052793997330604192e-01
2.600000000000000089e-01
-1.878773234784603119e-02
2.720545355152287903e-01
2.456088865945623145e-01
9.966094564677511203e-01
1.000000000000000000e+00
1.000000000000000000e+00
1.000000000000000000e+00
8.899099161792433099e-01
9.465607390760577555e-01
8.228207039314568982e-01
8.983951197186570425e-01
8.954372109986729056e-01
1.000000000000000000e+00
8.201789562854958637e-01
1.000000000000000000e+00
1.000000000000000000e+00
1.000000000000000000e+00
8.322289217405604012e-01
1.000000000000000000e+00
8.597661251946765448e-01
9.600978081353347404e-01
1.000000000000000000e+00
1.000000000000000000e+00
1.000000000000000000e+00
9.994053616683166164e-01
1.593187999089610685e+01
-2.067025365471613085e-01
2.600000000000000089e-01
3.394101932644844055e-02
3.476625726398662741e-01
2.628578816536101259e-01
1.000000000000000000e+00
1.000000000000000000e+00
8.806918933220989620e-01
1.000000000000000000e+00
9.141934084087122159e-01
9.240297045327233727e-01
1.000000000000000000e+00
9.819484911626038537e-01
1.000000000000000000e+00
9.074029463474623247e-01
1.000000000000000000e+00
8.898683066910754169e-01
1.000000000000000000e+00
9.817481461328834147e-01
1.000000000000000000e+00
1.000000000000000000e+00
8.505957500262745219e-01
1.000000000000000000e+00
9.940416803407783330e-01
8.604251931880000370e-01
1.000000000000000000e+00
9.056125432376104234e-01
1.590638394980241799e+01
-2.204955615182990769e-01
2.600000000000000089e-01
2.746223509311676025e-01
3.678579835011611676e-01
5.054520224848974008e-01
1.000000000000000000e+00
1.000000000000000000e+00
9.198383712463605866e-01
1.000000000000000000e+00
8.967733109508266853e-01
8.611273012795923609e-01
9.784000181094513193e-01
9.075499383913884222e-01
1.000000000000000000e+00
1.000000000000000000e+00
8.360366743956975100e-01
8.988430174573591724e-01
8.568845293407773012e-01
1.000000000000000000e+00
9.759954556939897108e-01
1.000000000000000000e+00
1.000000000000000000e+00
8.942969505060165414e-01
1.000000000000000000e+00
1.000000000000000000e+00
8.503123754105700316e-01
8.907076433091558609e-01
1.587282271988679838e+01
-2.508147321890303871e-01
2.600000000000000089e-01
-7.558233290910720825e-02
3.828231660934355296e-01
2.899073204911503110e-01
1.000000000000000000e+00
1.000000000000000000e+00
9.087288510321469559e-01
8.462043128864648045e-01
9.135714178965531618e-01
1.000000000000000000e+00
8.991091270572123539e-01
1.000000000000000000e+00
1.000000000000000000e+00
8.303899775668658334e-01
1.000000000000000000e+00
8.325919030414656863e-01
8.231883054239189645e-01
8.339374653297727535e-01
1.000000000000000000e+00
8.751472347429289922e-01
8.761050162605935610e-01
8.733411531855121979e-01
1.000000000000000000e+00
8.241808554267040510e-01
8.541732079571471292e-01
1.000000000000000000e+00
1.584739099476623991e+01
-2.397432798827896505e-01
2.600000000000000089e-01
-1.607438325881958008e-01
3.229649786059735628e-01
4.724483573555754434e-01
1.000000000000000000e+00
1.000000000000000000e+00
8.235353872016333288e-01
1.000000000000000000e+00
1.000000000000000000e+00
1.000000000000000000e+00
1.000000000000000000e+00
1.000000000000000000e+00
1.000000000000000000e+00
1.000000000000000000e+00
1.000000000000000000e+00
1.000000000000000000e+00
1.000000000000000000e+00
9.560803194670874916e-01
9.598419976623543404e-01
8.252246749484208888e-01
1.000000000000000000e+00
1.000000000000000000e+00
1.000000000000000000e+00
9.577850886237750938e-01
1.000000000000000000e+00
9.313457106700990806e-01
1.582195459696616169e+01
-2.255240260253854601e-01
2.600000000000000089e-01
-1.343222558498382568e-01
5.805297477238370307e-01
3.105439208196177914e-01
8.237247779107896850e-01
9.421075000986274262e-01
1.000000000000000000e+00
1.000000000000000000e+00
8.704467370796485914e-01
1.000000000000000000e+00
1.000000000000000000e+00
8.274411572516935376e-01
8.964827444300025316e-01
1.000000000000000000e+00
8.276905650660593139e-01
9.929414584446701886e-01
9.985297417895472316e-01
1.000000000000000000e+00
8.687782486340660526e-01
1.000000000000000000e+00
1.000000000000000000e+00
8.831911774655994973e-01
8.214344805943378791e-01
1.000000000000000000e+00
8.620420426317002560e-01
1.000000000000000000e+00
1.579644798545716178e+01
-2.158368626640321253e-01
2.600000000000000089e-01
-8.358799666166305542e-02
5.673040562180802215e-01
6.084149952082267276e-01
1.000000000000000000e+00
1.000000000000000000e+00
1.000000000000000000e+00
1.000000000000000000e+00
9.219444738494370073e-01
1.000000000000000000e+00
1.000000000000000000e+00
8.867683785739867153e-01
1.000000000000000000e+00
1.000000000000000000e+00
1.000000000000000000e+00
1.000000000000000000e+00
1.000000000000000000e+00
9.095278053978994581e-01
8.809466715502993761e-01
1.000000000000000000e+00
1.000000000000000000e+00
9.210427940807223157e-01
9.149452304582773587e-01
1.000000000000000000e+00
1.000000000000000000e+00
1.000000000000000000e+00
1.576265800386276439e+01
-2.054506904105082299e-01
2.600000000000000089e-01
-8.244644850492477417e-02
3.982345792517027472e-01
4.308502780052305137e-01
1.000000000000000000e+00
1.000000000000000000e+00
1.000000000000000000e+00
8.687313246169082737e-01
1.000000000000000000e+00
1.000000000000000000e+00
1.000000000000000000e+00
1.000000000000000000e+00
8.392098659376902026e-01
1.000000000000000000e+00
9.709613427002702357e-01
1.000000000000000000e+00
1.000000000000000000e+00
8.816128487728593921e-01
8.513687858027527700e-01
1.000000000000000000e+00
9.738728427843000857e-01
1.000000000000000000e+00
8.433844416410944955e-01
1.000000000000000000e+00
8.911341973186658327e-01
1.000000000000000000e+00
1.573704910393420953e+01
-1.894196208997809272e-01
2.600000000000000089e-01
-1.814470887184143066e-01
3.917142910593440774e-01
3.526017711045693614e-01
1.000000000000000000e+00
1.000000000000000000e+00
9.410737186110426089e-01
8.409058277585115260e-01
1.000000000000000000e+00
1.000000000000000000e+00
1.000000000000000000e+00
8.712210348569036089e-01
9.126189007363658678e-01
9.074452418998079084e-01
8.751061926377874389e-01
9.083020590612120859e-01
1.000000000000000000e+00
1.000000000000000000e+00
9.323354844343156866e-01
1.000000000000000000e+00
9.892760726380546155e-01
9.124365816788924111e-01
1.000000000000000000e+00
8.319545028718365876e-01
9.625717815876960737e-01
1.000000000000000000e+00
1.571131732573686612e+01
-1.804508304234380134e-01
2.600000000000000089e-01
-1.736973971128463745e-02
3.153099025755051743e-01
4.737141935752213207e-01
9.736166146264587651e-01
9.699964091255061094e-01
9.475886046034865950e-01
1.000000000000000000e+00
1.000000000000000000e+00
8.443845050645021333e-01
8.711164565781271962e-01
9.672680335527115147e-01
1.000000000000000000e+00
8.947082899406242351e-01
8.777924200969372537e-01
8.821225930547323957e-01
1.000000000000000000e+00
9.939929271110850006e-01
1.000000000000000000e+00
1.000000000000000000e+00
1.000000000000000000e+00
1.000000000000000000e+00
9.591686025122584391e-01
1.000000000000000000e+00
8.324881676601236791e-01
1.000000000000000000e+00
1.568573305161940112e+01
-1.826814108666878766e-01
2.600000000000000089e-01
1.148009300231933594e-01
4.332040937694990324e-01
7.073547278256927529e-01
1.000000000000000000e+00
8.481531979054816039e-01
9.009132227796872172e-01
8.272744041594518594e-01
1.000000000000000000e+00
9.808800203911646198e-01
1.000000000000000000e+00
1.000000000000000000e+00
1.000000000000000000e+00
1.000000000000000000e+00
1.000000000000000000e+00
9.786317351387372465e-01
1.000000000000000000e+00
9.922277174521187959e-01
1.000000000000000000e+00
1.000000000000000000e+00
1.000000000000000000e+00
8.979153072088326137e-01
1.000000000000000000e+00
1.000000000000000000e+00
9.979315472561758327e-01
1.000000000000000000e+00
1.564333253747884456e+01
-1.975186356259710507e-01
2.600000000000000089e-01
4.506356641650199890e-02
4.691766503213282702e-01
6.897521791421165060e-01
1.000000000000000000e+00
1.000000000000000000e+00
9.300463657663298189e-01
1.000000000000000000e+00
1.000000000000000000e+00
1.000000000000000000e+00
9.167737401684279419e-01
1.000000000000000000e+00
1.000000000000000000e+00
1.000000000000000000e+00
1.000000000000000000e+00
1.000000000000000000e+00
1.000000000000000000e+00
8.505739695088173624e-01
8.320142358689593953e-01
9.317291228967553574e-01
9.236872418284186592e-01
9.811596339790652488e-01
8.926758696911559765e-01
1.000000000000000000e+00
1.000000000000000000e+00
1.000000000000000000e+00
1.560940652036799037e+01
-1.916399659426994972e-01
2.600000000000000089e-01
-2.080579698085784912e-01
5.293466563222040122e-01
6.665893075097467646e-01
1.000000000000000000e+00
8.271530785498207861e-01
1.000000000000000000e+00
9.295706174582837322e-01
1.000000000000000000e+00
9.567961387666930051e-01
9.271585503711607945e-01
1.000000000000000000e+00
9.388945942365131136e-01
9.828787816378566911e-01
1.000000000000000000e+00
9.543770357990969400e-01
1.000000000000000000e+00
1.000000000000000000e+00
9.626927108338872996e-01
8.368233416095787192e-01
8.243682986843590133e-01
1.000000000000000000e+00
9.451431988821467067e-01
8.282811795598543636e-01
1.000000000000000000e+00
9.051798059566459331e-01
1.558370571454983633e+01
-1.735487817363985386e-01
2.600000000000000089e-01
-1.811468601226806641e-01
3.880391741399758510e-01
5.864088723479791154e-01
9.143940837105782871e-01
9.463334897880678609e-01
1.000000000000000000e+00
1.000000000000000000e+00
8.866651738770873203e-01
1.000000000000000000e+00
1.000000000000000000e+00
9.525688471099763577e-01
1.000000000000000000e+00
9.042940542092713363e-01
8.797324658646085149e-01
8.359587480885624089e-01
1.000000000000000000e+00
1.000000000000000000e+00
8.780677104548409995e-01
9.031997866865218993e-01
8.864610697173634923e-01
1.000000000000000000e+00
9.650204941800534231e-01
8.422997963705949331e-01
8.447368450375761784e-01
8.817456370435229340e-01
1.554920048244455977e+01
-1.476088248834517280e-01
2.600000000000000089e-01
-1.996248960494995117e-01
5.145063211759021149e-01
6.032462857252725019e-01
9.369564987451316496e-01
9.543305702681504910e-01
9.253681831814649650e-01
8.843484612806671308e-01
1.000000000000000000e+00
1.000000000000000000e+00
1.000000000000000000e+00
9.816910492546586653e-01
1.000000000000000000e+00
1.000000000000000000e+00
1.000000000000000000e+00
9.253430801644635384e-01
1.000000000000000000e+00
9.288310651309866772e-01
1.000000000000000000e+00
9.035827271628230628e-01
1.000000000000000000e+00
9.084706632740019439e-01
1.000000000000000000e+00
8.735141586782158019e-01
9.775412571888798530e-01
9.267604335563436324e-01
1.552331505288529456e+01
-1.298979122614101200e-01
2.600000000000000089e-01
-1.593010276556015015e-01
3.922977208949112726e-01
4.944705374163412825e-01
1.000000000000000000e+00
1.000000000000000000e+00
9.136169457905524149e-01
9.013307390814490061e-01
9.337473809417621284e-01
1.000000000000000000e+00
1.000000000000000000e+00
1.000000000000000000e+00
1.000000000000000000e+00
1.000000000000000000e+00
9.319532460118844508e-01
1.000000000000000000e+00
1.000000000000000000e+00
8.207977661819926274e-01
1.000000000000000000e+00
9.552887451638290006e-01
1.000000000000000000e+00
1.000000000000000000e+00
1.000000000000000000e+00
1.000000000000000000e+00
1.000000000000000000e+00
8.992217524197452239e-01
1.548887484746600762e+01
-1.078338484550460663e-01
2.600000000000000089e-01
-1.851892620325088501e-01
4.797571285989893353e-01
4.285980581831776992e-01
1.000000000000000000e+00
1.000000000000000000e+00
1.000000000000000000e+00
8.785847332994738412e-01
8.233886947399083889e-01
8.849391089391399623e-01
9.026744516059510559e-01
1.000000000000000000e+00
8.849468199847519978e-01
1.000000000000000000e+00
9.602144264598821977e-01
9.840812779575637270e-01
1.000000000000000000e+00
9.238886899029853383e-01
8.916895722802842261e-01
9.615349410009789155e-01
1.000000000000000000e+00
9.897089811135229009e-01
9.324306810730157435e-01
1.000000000000000000e+00
8.373877930153543758e-01
8.678884467920028323e-01
1.546296484754758360e+01
-1.021131800053707295e-01
2.600000000000000089e-01
4.055299609899520874e-02
5.973869008697272331e-01
6.673213670761081184e-01
8.221063863972106756e-01
9.223518631478831997e-01
9.379034683448096432e-01
1.000000000000000000e+00
1.000000000000000000e+00
1.000000000000000000e+00
9.664324785764352166e-01
9.496247156964574554e-01
1.000000000000000000e+00
9.767031593288368896e-01
1.000000000000000000e+00
9.288140383841650971e-01
8.892773263078931345e-01
9.646355707418872161e-01
1.000000000000000000e+00
8.535219728663513417e-01
8.310991502645460605e-01
8.580602415544138495e-01
1.000000000000000000e+00
9.000875473802034676e-01
1.000000000000000000e+00
1.000000000000000000e+00
1.542859881021422375e+01
-1.055816219758289876e-01
2.600000000000000089e-01
2.519051358103752136e-02
6.327193728026507813e-01
5.000204398677913220e-01
1.000000000000000000e+00
9.503760308480935226e-01
1.000000000000000000e+00
9.712843964216748560e-01
9.748219830897821847e-01
8.414159472478067725e-01
1.000000000000000000e+00
8.952150268149960954e-01
8.659402748741358291e-01
1.000000000000000000e+00
1.000000000000000000e+00
7.900080155486862710e-01
1.000000000000000000e+00
8.516443778096002282e-01
9.770695239239098884e-01
1.000000000000000000e+00
8.972154153771045859e-01
9.699254555069918293e-01
1.000000000000000000e+00
8.274494899491362521e-01
1.000000000000000000e+00
1.000000000000000000e+00
1.540310890275156908e+01
-1.004124776537915764e-01
2.600000000000000089e-01
-1.546926200389862061e-01
5.066316161251335215e-01
5.144949656450564790e-01
1.000000000000000000e+00
9.607400832008616831e-01
9.658896379225948570e-01
8.887980022163587401e-01
1.000000000000000000e+00
9.357161626832877221e-01
1.000000000000000000e+00
9.526629820568973672e-01
9.565971807808798522e-01
9.056690972578813614e-01
8.999398670917256871e-01
8.707021862440750271e-01
8.403851372678726728e-01
9.753303337469366729e-01
1.000000000000000000e+00
1.000000000000000000e+00
1.000000000000000000e+00
1.000000000000000000e+00
9.278392907315510252e-01
8.828597709041392516e-01
1.000000000000000000e+00
9.728372082749476846e-01
1.537729332423325346e+01
-8.782729754956664081e-02
2.600000000000000089e-01
-1.102299019694328308e-01
5.584858340380434161e-01
6.229630267323086334e-01
9.368082622827619277e-01
1.000000000000000000e+00
1.000000000000000000e+00
1.000000000000000000e+00
1.000000000000000000e+00
9.762206455279363038e-01
1.000000000000000000e+00
1.000000000000000000e+00
1.000000000000000000e+00
8.263496498174103255e-01
9.985010427206653105e-01
1.000000000000000000e+00
9.757020300635189658e-01
9.688789662070852460e-01
1.000000000000000000e+00
1.000000000000000000e+00
8.451543955176871181e-01
9.444520085008895061e-01
9.831168634316812538e-01
9.906955358660984867e-01
1.000000000000000000e+00
9.838736389207157762e-01
1.535128039772079589e+01
-7.871964108459117426e-02
2.600000000000000089e-01
-6.177876144647598267e-02
3.483099908504853626e-01
5.189045334780164609e-01
9.677254273064398449e-01
8.545263998769765390e-01
1.000000000000000000e+00
9.203204451162053656e-01
1.000000000000000000e+00
1.000000000000000000e+00
1.000000000000000000e+00
1.000000000000000000e+00
9.551372187826203675e-01
1.000000000000000000e+00
8.194600842896437864e-01
1.000000000000000000e+00
8.178130381998469645e-01
8.951957421589467057e-01
9.672228774955716757e-01
1.000000000000000000e+00
1.000000000000000000e+00
1.000000000000000000e+00
9.728014937024030973e-01
9.630216186029960657e-01
1.000000000000000000e+00
1.000000000000000000e+00
1.531647440511262204e+01
-7.027681538514274351e-02
2.600000000000000089e-01
9.917467832565307617e-03
4.193075556544564320e-01
5.353218309313753087e-01
9.475506175035691703e-01
1.000000000000000000e+00
1.000000000000000000e+00
1.000000000000000000e+00
1.000000000000000000e+00
9.295562924078960565e-01
9.900409553022269105e-01
1.000000000000000000e+00
1.000000000000000000e+00
1.000000000000000000e+00
1.000000000000000000e+00
1.000000000000000000e+00
1.000000000000000000e+00
9.887765851701849629e-01
8.956274737818032960e-01
8.797282357091916749e-01
9.743374276794050104e-01
9.083803440168980448e-01
1.000000000000000000e+00
1.000000000000000000e+00
1.000000000000000000e+00
8.724329377444651756e-01
1.528204372063023264e+01
-8.703846446413887605e-02
2.600000000000000089e-01
3.571282327175140381e-01
6.767293586593058352e-01
1.000000000000000000e+00
1.000000000000000000e+00
8.779695956167020698e-01
8.279438228877575856e-01
1.000000000000000000e+00
1.000000000000000000e+00
1.000000000000000000e+00
1.000000000000000000e+00
1.000000000000000000e+00
1.000000000000000000e+00
8.215493068597951032e-01
9.264126216191066465e-01
9.731337753597448792e-01
1.000000000000000000e+00
8.223925533043052738e-01
1.000000000000000000e+00
9.828645603399882580e-01
9.563344826167652357e-01
1.000000000000000000e+00
9.008529680442384224e-01
9.501396362811737051e-01
9.960503201996215861e-01
1.000000000000000000e+00
1.525625285875096004e+01
-1.064595308549054486e-01
2.600000000000000089e-01
-1.472401767969131470e-01
5.019494839421172472e-01
1.000000000000000000e+00
1.000000000000000000e+00
1.000000000000000000e+00
1.000000000000000000e+00
9.153046383597501778e-01
1.000000000000000000e+00
1.000000000000000000e+00
8.679883181922247726e-01
1.000000000000000000e+00
1.000000000000000000e+00
8.627902339584786473e-01
8.621447426232811129e-01
7.991925361831668795e-01
1.000000000000000000e+00
1.000000000000000000e+00
9.255888037395794132e-01
1.000000000000000000e+00
8.396910198275995274e-01
1.000000000000000000e+00
1.000000000000000000e+00
8.672727856487550957e-01
9.211695842608745854e-01
8.636024441256554551e-01
1.522144766747512357e+01
-7.932352266580267042e-02
2.600000000000000089e-01
-2.436431795358657837e-01
4.159773153819778524e-01
8.516596335239059457e-01
1.000000000000000000e+00
1.000000000000000000e+00
9.961960128354215849e-01
1.000000000000000000e+00
1.000000000000000000e+00
1.000000000000000000e+00
9.421946684732659394e-01
9.511424275300324194e-01
1.000000000000000000e+00
1.000000000000000000e+00
8.213417860046243746e-01
9.403481911582731723e-01
8.396651340786498441e-01
1.000000000000000000e+00
1.000000000000000000e+00
1.000000000000000000e+00
8.430302057063385757e-01
1.000000000000000000e+00
1.000000000000000000e+00
9.452976644144223117e-01
1.000000000000000000e+00
8.255375439315321140e-01
1.519536383830159743e+01
-5.630856596319988583e-02
2.600000000000000089e-01
-2.231180965900421143e-01
5.477028980579304873e-01
8.975619013346670672e-01
1.000000000000000000e+00
8.375184019492322163e-01
8.809377952069021855e-01
9.943352515835446326e-01
1.000000000000000000e+00
8.309721910308628390e-01
8.620918769372537538e-01
9.648394051890354373e-01
8.923904805348424896e-01
8.985836130889838236e-01
1.000000000000000000e+00
1.000000000000000000e+00
8.694046887558839476e-01
1.000000000000000000e+00
9.269143955335613638e-01
1.000000000000000000e+00
9.500956479733435600e-01
9.010831389590812091e-01
8.882834535654522412e-01
1.000000000000000000e+00
9.278748461735026876e-01
8.881244231743332662e-01
1.516038736970185674e+01
-3.183957494842148961e-02
2.600000000000000089e-01
-1.477422863245010376e-01
6.713369337730227260e-01
8.575163240555863098e-01
8.988396266862564987e-01
9.134354480977723290e-01
1.000000000000000000e+00
1.000000000000000000e+00
9.394186354638086600e-01
1.000000000000000000e+00
9.314797782297040696e-01
1.000000000000000000e+00
9.430254035474859853e-01
1.000000000000000000e+00
8.871250586471112198e-01
7.548094056536734930e-01
8.484540647132828850e-01
1.000000000000000000e+00
1.000000000000000000e+00
9.062744512123572793e-01
8.508912875049657876e-01
9.478118268124248180e-01
8.552151546268512705e-01
1.000000000000000000e+00
1.000000000000000000e+00
8.668498996616522678e-01
1.513419453710292473e+01
-1.690265065888452156e-02
2.600000000000000089e-01
-1.573875844478607178e-01
5.193053672230293349e-01
9.488035181161634801e-01
8.794120047867809431e-01
1.000000000000000000e+00
9.102511052136571523e-01
8.393848243852766178e-01
1.000000000000000000e+00
8.313633436092907614e-01
8.618499808687658525e-01
1.000000000000000000e+00
9.716452579174232884e-01
1.000000000000000000e+00
8.745501462066537224e-01
8.446225781530125598e-01
8.173647834649420130e-01
8.910315436346154527e-01
8.743752193926077609e-01
9.224546527579338129e-01
9.058508470759153441e-01
1.000000000000000000e+00
8.981731206583154492e-01
9.335808429663312591e-01
8.365232476561171859e-01
9.241611932215528791e-01
1.510817875121965770e+01
1.621765055288548751e-04
2.600000000000000089e-01
-2.087413519620895386e-01
3.941280523542386449e-01
8.726147433808233433e-01
1.000000000000000000e+00
9.008720956130439328e-01
9.651580014994239898e-01
9.905616001280268534e-01
9.041883149453611157e-01
1.000000000000000000e+00
8.202297107312078728e-01
1.000000000000000000e+00
1.000000000000000000e+00
9.152170528650332981e-01
1.000000000000000000e+00
1.000000000000000000e+00
9.029343413091880377e-01
8.573245774742453973e-01
8.368373289577959451e-01
1.000000000000000000e+00
1.000000000000000000e+00
1.000000000000000000e+00
8.515196142020432513e-01
1.000000000000000000e+00
1.000000000000000000e+00
1.000000000000000000e+00
1.507353026450037703e+01
2.697521915656597713e-02
2.600000000000000089e-01
-2.014228999614715576e-01
4.153089902165619240e-01
5.095795625367095516e-01
1.000000000000000000e+00
9.098157520357798012e-01
9.733558664747447020e-01
1.000000000000000000e+00
8.780330518670304008e-01
8.209266596587018183e-01
1.000000000000000000e+00
9.900015481418906749e-01
1.000000000000000000e+00
9.984184878397817098e-01
1.000000000000000000e+00
7.914438667869551081e-01
1.000000000000000000e+00
1.000000000000000000e+00
1.000000000000000000e+00
9.939592875170478736e-01
9.650960477296504081e-01
9.053250236415598673e-01
8.358374903572034498e-01
8.529825998116722374e-01
1.000000000000000000e+00
9.811556700431628419e-01
1.504750875276872968e+01
2.955348106731836566e-02
2.600000000000000089e-01
3.150674104690551758e-01
3.737256250629280574e-01
4.995988704418125037e-01
1.000000000000000000e+00
1.000000000000000000e+00
9.212398693692466223e-01
1.000000000000000000e+00
8.268075395609918443e-01
8.871276961513855364e-01
1.000000000000000000e+00
1.000000000000000000e+00
9.525686038469028949e-01
8.519362309473398343e-01
1.000000000000000000e+00
9.260373666626617872e-01
8.641216689720876420e-01
9.862424392168624987e-01
9.183592254746775208e-01
1.000000000000000000e+00
9.931278698483385625e-01
8.575006053409263140e-01
9.968338979923360155e-01
9.591365184121759535e-01
1.000000000000000000e+00
8.201641429634697333e-01
1.501318082704598744e+01
-1.182139834202011741e-02
2.600000000000000089e-01
3.184030055999755859e-01
6.136508269265640303e-01
9.377050761579189819e-01
8.436735512790615177e-01
1.000000000000000000e+00
1.000000000000000000e+00
8.753689712303376336e-01
1.000000000000000000e+00
1.000000000000000000e+00
1.000000000000000000e+00
9.283134649364005453e-01
1.000000000000000000e+00
1.000000000000000000e+00
1.000000000000000000e+00
8.293019039251399160e-01
8.490444849676073158e-01
9.928366384825247914e-01
1.000000000000000000e+00
9.485836449327030850e-01
9.488264901530812923e-01
1.000000000000000000e+00
8.297858421138041285e-01
1.000000000000000000e+00
1.000000000000000000e+00
9.157065213220901834e-01
1.498756391694020351e+01
-3.989738570733747380e-02
2.600000000000000089e-01
2.544391751289367676e-01
6.270338415380479757e-01
9.173095373894444293e-01
1.000000000000000000e+00
1.000000000000000000e+00
9.497197384194594472e-01
8.473925065415967017e-01
1.000000000000000000e+00
1.000000000000000000e+00
1.000000000000000000e+00
8.974160396512447235e-01
9.057311246889385714e-01
8.479359185653813080e-01
1.000000000000000000e+00
1.000000000000000000e+00
7.508586632671113703e-01
1.000000000000000000e+00
8.479530138566087061e-01
8.757009396719389605e-01
1.000000000000000000e+00
9.385110926892004102e-01
8.701619025902316285e-01
1.000000000000000000e+00
9.107687528642782748e-01
1.000000000000000000e+00
1.495302637226634346e+01
-5.649976802543354992e-02
2.600000000000000089e-01
-3.724307715892791748e-01
6.365807821475658601e-01
1.000000000000000000e+00
1.000000000000000000e+00
1.000000000000000000e+00
8.438649343522918178e-01
1.000000000000000000e+00
9.944847120565160070e-01
1.000000000000000000e+00
1.000000000000000000e+00
1.000000000000000000e+00
9.985208325908588867e-01
1.000000000000000000e+00
1.000000000000000000e+00
6.888396206499578511e-01
9.691017789647994318e-01
9.556458923020647589e-01
1.000000000000000000e+00
8.556125889827510544e-01
1.000000000000000000e+00
8.423925262989093721e-01
1.000000000000000000e+00
9.209352861035412507e-01
1.000000000000000000e+00
8.708893643836367326e-01
1.492685244743521267e+01
-3.112394765456327761e-02
2.600000000000000089e-01
-1.795036941766738892e-01
6.992008632040435101e-01
8.608132700287424166e-01
1.000000000000000000e+00
1.000000000000000000e+00
8.984694532785270082e-01
9.604042414905621383e-01
9.024444696921987141e-01
1.000000000000000000e+00
8.510277993449472111e-01
9.314560664058902928e-01
1.000000000000000000e+00
9.853602708049117309e-01
9.572123617848383725e-01
1.000000000000000000e+00
7.933196384416657532e-01
8.273237829966451073e-01
1.000000000000000000e+00
1.000000000000000000e+00
1.000000000000000000e+00
8.814915807090198951e-01
1.000000000000000000e+00
1.000000000000000000e+00
1.000000000000000000e+00
1.000000000000000000e+00
1.490081973620075750e+01
-1.168020358325660979e-02
2.600000000000000089e-01
-2.278825044631958008e-01
5.080883472020275571e-01
9.555044071387077675e-01
8.292860810638653657e-01
9.416874305212867835e-01
1.000000000000000000e+00
1.000000000000000000e+00
9.571847391129075788e-01
9.461233558511611408e-01
9.913336697445854773e-01
8.690335396890102038e-01
9.496728259391991056e-01
9.288980107159966471e-01
1.000000000000000000e+00
1.000000000000000000e+00
6.977122314345532983e-01
9.275849088002260379e-01
1.000000000000000000e+00
9.062849805749867427e-01
1.000000000000000000e+00
9.587414017625001117e-01
1.000000000000000000e+00
9.401083729167730718e-01
1.000000000000000000e+00
1.000000000000000000e+00
1.486613371220712665e+01
1.813731892803760459e-02
2.600000000000000089e-01
-1.435306668281555176e-01
4.369518162681455542e-01
8.663956194486150952e-01
1.000000000000000000e+00
1.000000000000000000e+00
9.626108442259732056e-01
1.000000000000000000e+00
8.906744890610360788e-01
9.223306840606037005e-01
1.000000000000000000e+00
9.436926980712206925e-01
9.478825261567915827e-01
8.735127024819009378e-01
1.000000000000000000e+00
9.586009458105839709e-01
8.425143299281904197e-01
9.937518058421846989e-01
1.000000000000000000e+00
9.424267973386559749e-01
9.927994424229797943e-01
9.578841587205813024e-01
8.506761383116504538e-01
9.766239423679606846e-01
8.614105278000551147e-01
8.299057782029801711e-01
1.484012680980933752e+01
1.639461462676017334e-02
2.600000000000000089e-01
1.161106899380683899e-01
7.893643843586339859e-01
1.000000000000000000e+00
9.901172756006302311e-01
1.000000000000000000e+00
1.000000000000000000e+00
8.449786002901555904e-01
1.000000000000000000e+00
1.000000000000000000e+00
1.000000000000000000e+00
9.202729923592041228e-01
1.000000000000000000e+00
1.000000000000000000e+00
1.000000000000000000e+00
8.478380542793994001e-01
9.641235518290456330e-01
9.126136690123224371e-01
1.000000000000000000e+00
1.000000000000000000e+00
1.000000000000000000e+00
9.489364795341407310e-01
9.581258117056830059e-01
1.000000000000000000e+00
9.873631639380937575e-01
1.000000000000000000e+00
1.480571374526761730e+01
-3.130192481412663597e-03
2.600000000000000089e-01
2.178002297878265381e-01
1.000000000000000000e+00
1.000000000000000000e+00
9.582955988508784495e-01
1.000000000000000000e+00
1.000000000000000000e+00
8.532382375408048558e-01
1.000000000000000000e+00
9.127177641706974986e-01
1.000000000000000000e+00
9.455892621109069918e-01
9.701248904930402928e-01
1.000000000000000000e+00
1.000000000000000000e+00
8.230357330184904230e-01
9.328843728045596029e-01
9.909009319903636648e-01
1.000000000000000000e+00
9.205945375373031370e-01
9.227691489130764868e-01
8.319929128196736912e-01
9.262444344652219774e-01
1.000000000000000000e+00
9.303857758814808587e-01
1.000000000000000000e+00
1.478048069813340959e+01
-1.213174894143298488e-02
2.600000000000000089e-01
-2.841847240924835205e-01
9.892282571374089173e-01
1.000000000000000000e+00
8.789423695062316133e-01
1.000000000000000000e+00
1.000000000000000000e+00
9.602235454354277611e-01
1.000000000000000000e+00
9.336110543462395883e-01
9.913068250514458501e-01
1.000000000000000000e+00
9.639870570269588601e-01
9.354345458290362902e-01
1.000000000000000000e+00
6.537689462750597702e-01
7.975158528443644368e-01
1.000000000000000000e+00
8.431160252210138095e-01
9.292964904874034815e-01
1.000000000000000000e+00
9.581669644265434771e-01
1.000000000000000000e+00
1.000000000000000000e+00
1.000000000000000000e+00
9.382806364842259939e-01
1.475460945213286479e+01
1.111558380989663419e-02
2.600000000000000089e-01
-2.012243866920471191e-01
9.313708481373391690e-01
1.000000000000000000e+00
1.000000000000000000e+00
1.000000000000000000e+00
9.795629623506904027e-01
8.777563175396055906e-01
8.535878148437346935e-01
9.648462352719755497e-01
8.734302852401716333e-01
9.516707018601796575e-01
1.000000000000000000e+00
1.000000000000000000e+00
1.000000000000000000e+00
6.837986183164982412e-01
6.175776481938503037e-01
8.630696919326459327e-01
9.735735127636007125e-01
8.873037631092575150e-01
1.000000000000000000e+00
1.000000000000000000e+00
1.000000000000000000e+00
1.000000000000000000e+00
1.000000000000000000e+00
9.079003267514617059e-01
1.471943483796268914e+01
4.066675790252682887e-02
2.600000000000000089e-01
-2.422318756580352783e-01
5.126400541581840331e-01
8.736052510674278127e-01
9.633483160114764132e-01
1.000000000000000000e+00
1.000000000000000000e+00
1.000000000000000000e+00
1.000000000000000000e+00
1.000000000000000000e+00
8.496985086047820213e-01
8.590505496704963218e-01
1.000000000000000000e+00
8.453927212743910236e-01
8.838169685911415607e-01
9.819200795741961363e-01
8.672513910255990055e-01
9.014515206044479978e-01
1.000000000000000000e+00
1.000000000000000000e+00
8.562952719265221058e-01
8.511986337622580168e-01
9.902466655601518397e-01
1.000000000000000000e+00
8.781257487486718860e-01
1.000000000000000000e+00
1.469331655742295517e+01
6.242259963081897567e-02
2.600000000000000089e-01
-1.962249577045440674e-01
8.070088051854474864e-01
1.000000000000000000e+00
1.000000000000000000e+00
1.000000000000000000e+00
9.924939249338962100e-01
9.146481126897121339e-01
1.000000000000000000e+00
8.241527734061019350e-01
8.844975666422486560e-01
1.000000000000000000e+00
1.000000000000000000e+00
1.000000000000000000e+00
1.000000000000000000e+00
8.640145856357547283e-01
8.062756545919130824e-01
7.250407205008997380e-01
8.665290808355413654e-01
1.000000000000000000e+00
9.936676861659269333e-01
1.000000000000000000e+00
9.832081301745232427e-01
1.000000000000000000e+00
8.975809056949151099e-01
8.249680905644403150e-01
1.466778017363298581e+01
6.561140300603529596e-02
2.600000000000000089e-01
3.276565074920654297e-01
1.000000000000000000e+00
1.000000000000000000e+00
1.000000000000000000e+00
8.428805455824909254e-01
1.000000000000000000e+00
8.840454413176542792e-01
1.000000000000000000e+00
1.000000000000000000e+00
8.448840167490736519e-01
1.000000000000000000e+00
8.437765214381085510e-01
1.000000000000000000e+00
9.396744145098068213e-01
9.297566434391573154e-01
6.755727448516434253e-01
6.514515872784026884e-01
9.944375074643022616e-01
9.669077720723464608e-01
1.000000000000000000e+00
1.000000000000000000e+00
1.000000000000000000e+00
1.000000000000000000e+00
1.000000000000000000e+00
1.000000000000000000e+00
1.464210083011127672e+01
3.919858011764265626e-02
2.600000000000000089e-01
-4.950502216815948486e-01
1.000000000000000000e+00
1.000000000000000000e+00
9.845403528733639442e-01
1.000000000000000000e+00
9.221103432358146446e-01
9.431247315817234966e-01
1.000000000000000000e+00
1.000000000000000000e+00
1.000000000000000000e+00
1.000000000000000000e+00
1.000000000000000000e+00
1.000000000000000000e+00
1.000000000000000000e+00
7.341008922906286926e-01
8.618107800825615117e-01
6.434544057001401196e-01
1.000000000000000000e+00
1.000000000000000000e+00
1.000000000000000000e+00
8.883799001155061603e-01
9.275042703510892883e-01
1.000000000000000000e+00
1.000000000000000000e+00
8.228610010034265176e-01
1.460724161164428558e+01
6.954404328074081931e-02
2.600000000000000089e-01
-1.848899424076080322e-01
1.000000000000000000e+00
8.929898085740622937e-01
8.460835230495943327e-01
1.000000000000000000e+00
8.384975047447057461e-01
9.529993786964704450e-01
1.000000000000000000e+00
8.593271163477138597e-01
9.876945266254443245e-01
1.000000000000000000e+00
9.424576303310442382e-01
1.000000000000000000e+00
1.000000000000000000e+00
8.738191249970238550e-01
7.458575021875072375e-01
5.987632521844595823e-01
8.544580463598435704e-01
1.000000000000000000e+00
1.000000000000000000e+00
1.000000000000000000e+00
8.965009363501195150e-01
1.000000000000000000e+00
9.748726716709941176e-01
1.000000000000000000e+00
1.457265605848855117e+01
9.574384883139819280e-02
2.600000000000000089e-01
-2.005770802497863770e-01
1.000000000000000000e+00
9.872593106480430647e-01
9.763759918614708377e-01
1.000000000000000000e+00
9.512820385533363732e-01
8.306659671989787830e-01
8.228037601091804376e-01
1.000000000000000000e+00
9.424396455444485898e-01
1.000000000000000000e+00
9.508228514600878256e-01
9.624408701026533342e-01
9.687764422056100999e-01
1.000000000000000000e+00
5.907473547368867761e-01
7.542030206180070362e-01
9.009090341670988877e-01
1.000000000000000000e+00
8.578030030299421682e-01
1.000000000000000000e+00
1.000000000000000000e+00
9.989099403605522509e-01
1.000000000000000000e+00
8.202518239812695011e-01
1.454671274750908339e+01
1.108823874000144372e-01
2.600000000000000089e-01
-1.212254539132118225e-01
7.382217286906137543e-01
1.000000000000000000e+00
1.000000000000000000e+00
1.000000000000000000e+00
8.816587275748087871e-01
9.786852062312129119e-01
1.000000000000000000e+00
9.721609448928979491e-01
1.000000000000000000e+00
9.806207881520389025e-01
8.577742955713322237e-01
8.763175178456176218e-01
8.558218520066144253e-01
8.829988136717944469e-01
6.924363376960495087e-01
6.092552654679277424e-01
8.269852425030287391e-01
1.000000000000000000e+00
8.586858536951526011e-01
8.433880874187827947e-01
1.000000000000000000e+00
8.869502883749772471e-01
8.611785697341104440e-01
9.402498586952373616e-01
1.452073452294341394e+01
1.234952804367752677e-01
2.600000000000000089e-01
-1.225165575742721558e-01
7.801011079286642724e-01
8.608067271691519640e-01
1.000000000000000000e+00
1.000000000000000000e+00
9.658453082380596966e-01
1.000000000000000000e+00
1.000000000000000000e+00
9.743464899937472889e-01
8.257998333618807862e-01
8.615212796260331984e-01
1.000000000000000000e+00
1.000000000000000000e+00
1.000000000000000000e+00
8.736647036761844287e-01
8.822151797333843692e-01
6.242328023968463091e-01
8.146230932136990788e-01
1.000000000000000000e+00
9.774507169994323119e-01
1.000000000000000000e+00
1.000000000000000000e+00
1.000000000000000000e+00
1.000000000000000000e+00
9.443378101797762492e-01
1.449510295755129796e+01
1.424369333839319296e-01
2.600000000000000089e-01
-3.008020222187042236e-01
5.429876995420249708e-01
8.258854962591067883e-01
8.416945460266012091e-01
9.267909503474068833e-01
8.685247961784217097e-01
1.000000000000000000e+00
1.000000000000000000e+00
8.633390801337658127e-01
9.871624757032620989e-01
1.000000000000000000e+00
8.551886385365238263e-01
1.000000000000000000e+00
9.409156194027831210e-01
1.000000000000000000e+00
7.388390779604075975e-01
6.596667599487032740e-01
5.718333556947511331e-01
1.000000000000000000e+00
9.691236359555031044e-01
9.872918766205734942e-01
9.458554936813035052e-01
1.000000000000000000e+00
1.000000000000000000e+00
8.245591006223103037e-01
1.446218358908796198e+01
1.574089704439489701e-01
2.600000000000000089e-01
2.601469755172729492e-01
1.000000000000000000e+00
1.000000000000000000e+00
1.000000000000000000e+00
1.000000000000000000e+00
8.567089784687386134e-01
9.851366218372162864e-01
8.862394272949690732e-01
9.174527150171041256e-01
8.617942523528369092e-01
8.555527458813723118e-01
8.545224736193232085e-01
9.069877699750072964e-01
1.000000000000000000e+00
8.703360443912625533e-01
7.614377653812570701e-01
6.976936052941024036e-01
7.159664637474550952e-01
1.000000000000000000e+00
8.906925974725418138e-01
9.609445406884715712e-01
9.098753016867917598e-01
9.135907128282212408e-01
1.000000000000000000e+00
9.572352541862532149e-01
1.443702905693792538e+01
1.336952062809158015e-01
2.600000000000000089e-01
2.755598127841949463e-01
9.985390389719912552e-01
9.702477882818550947e-01
9.189175425414684018e-01
1.000000000000000000e+00
1.000000000000000000e+00
1.000000000000000000e+00
9.264582382966277674e-01
1.000000000000000000e+00
8.211595771558147794e-01
8.489266623827068647e-01
1.000000000000000000e+00
9.665967569587505803e-01
1.000000000000000000e+00
1.000000000000000000e+00
8.285979098056943659e-01
6.617108967675144893e-01
5.759724413621226669e-01
8.596513452192491300e-01
9.688718077496650816e-01
1.000000000000000000e+00
1.000000000000000000e+00
9.727859939879428541e-01
1.000000000000000000e+00
1.000000000000000000e+00
1.441150368241477686e+01
1.096447091626342463e-01
2.600000000000000089e-01
7.992692291736602783e-02
1.000000000000000000e+00
9.693464611421942489e-01
1.000000000000000000e+00
1.000000000000000000e+00
9.637360197699502695e-01
9.613345890334199506e-01
9.427947691075209136e-01
8.338696749727182445e-01
1.000000000000000000e+00
1.000000000000000000e+00
9.360830077776238767e-01
9.091925797905905382e-01
9.465134431567737705e-01
1.000000000000000000e+00
8.465639645930999047e-01
7.232555681909172973e-01
7.991727114752463779e-01
1.000000000000000000e+00
8.445513673782231168e-01
1.000000000000000000e+00
9.674952913428066514e-01
9.418427772541088094e-01
1.000000000000000000e+00
9.819328822967976489e-01
1.437786026395938777e+01
9.402916621760670779e-02
2.600000000000000089e-01
1.324476897716522217e-01
1.000000000000000000e+00
8.424103632533406216e-01
9.929942896808408026e-01
1.000000000000000000e+00
1.000000000000000000e+00
1.000000000000000000e+00
9.939893238196868541e-01
9.954451402114027347e-01
8.664260258114121482e-01
8.586081427864884486e-01
1.000000000000000000e+00
1.000000000000000000e+00
9.672933525410990496e-01
8.355130412023716868e-01
6.144464649820123858e-01
7.974365111375816273e-01
5.099954972405924547e-01
9.474802131863337973e-01
1.000000000000000000e+00
9.192193366103117436e-01
1.000000000000000000e+00
1.000000000000000000e+00
1.000000000000000000e+00
9.248711901831551119e-01
1.434356837189704592e+01
8.186292699998443112e-02
2.600000000000000089e-01
8.308450877666473389e-02
1.000000000000000000e+00
8.262507919393550226e-01
1.000000000000000000e+00
1.000000000000000000e+00
1.000000000000000000e+00
9.349460227839271331e-01
9.066641271512636546e-01
1.000000000000000000e+00
1.000000000000000000e+00
1.000000000000000000e+00
1.000000000000000000e+00
1.000000000000000000e+00
1.000000000000000000e+00
1.000000000000000000e+00
5.457980964153766879e-01
7.198150196358036323e-01
7.761937989484357647e-01
9.587124177268692149e-01
1.000000000000000000e+00
1.000000000000000000e+00
1.000000000000000000e+00
1.000000000000000000e+00
1.000000000000000000e+00
9.046061826629344660e-01
1.431769537052525187e+01
9.146788817006790140e-02
2.600000000000000089e-01
-3.969101607799530029e-01
9.627952909651166236e-01
9.615127325560867133e-01
8.656186241429260075e-01
1.000000000000000000e+00
1.000000000000000000e+00
1.000000000000000000e+00
1.000000000000000000e+00
1.000000000000000000e+00
1.000000000000000000e+00
8.935451457232256312e-01
8.549608810849855800e-01
1.000000000000000000e+00
8.615993064642593069e-01
1.000000000000000000e+00
7.332330061451332037e-01
5.161604977698349694e-01
5.715123203185629164e-01
8.392606737207752854e-01
1.000000000000000000e+00
8.297888098885654040e-01
1.000000000000000000e+00
9.559173401209221099e-01
8.856323263740630836e-01
8.897321366464225889e-01
1.429167708421901217e+01
1.273291133848730716e-01
2.600000000000000089e-01
-1.104916632175445557e-01
8.499546426602350158e-01
8.309906630022380059e-01
1.000000000000000000e+00
1.000000000000000000e+00
9.432555714110847367e-01
9.402332037686348398e-01
8.995461877922367178e-01
9.791129970311323039e-01
1.000000000000000000e+00
1.000000000000000000e+00
9.624579693570239902e-01
9.100955116675980561e-01
1.000000000000000000e+00
1.000000000000000000e+00
7.617139826136697378e-01
8.498060216314069493e-01
6.290819669646892098e-01
8.967766935402463613e-01
1.000000000000000000e+00
1.000000000000000000e+00
9.034857417385414591e-01
1.000000000000000000e+00
9.961723329563904050e-01
1.000000000000000000e+00
1.425754596995644441e+01
1.590873019147580614e-01
2.600000000000000089e-01
-3.288233578205108643e-01
1.000000000000000000e+00
1.000000000000000000e+00
9.083507881992053390e-01
9.267789596935588348e-01
1.000000000000000000e+00
8.879597835957210306e-01
8.875326392487943306e-01
9.662824949151330722e-01
8.380810758991562581e-01
9.837105905493425118e-01
9.837918344492475597e-01
1.000000000000000000e+00
9.199945723603973891e-01
1.000000000000000000e+00
9.448755499358825194e-01
5.797899540439278576e-01
7.431173089181549729e-01
5.660247712726145242e-01
1.000000000000000000e+00
1.000000000000000000e+00
9.872309736448059425e-01
1.000000000000000000e+00
9.316248478181162751e-01
9.062743777294020031e-01
1.423171553605942918e+01
1.774470937126815251e-01
2.600000000000000089e-01
3.095355331897735596e-01
1.000000000000000000e+00
1.000000000000000000e+00
8.991424203441814589e-01
8.997673457897328309e-01
1.000000000000000000e+00
1.000000000000000000e+00
8.037456620888903114e-01
9.810824810036257171e-01
1.000000000000000000e+00
1.000000000000000000e+00
8.567572552830624577e-01
8.828225155066979912e-01
9.384421720102376074e-01
8.787286436822177027e-01
1.000000000000000000e+00
8.239973867631334992e-01
7.525515843104237934e-01
7.776045485389718737e-01
9.661494723120147565e-01
1.000000000000000000e+00
1.000000000000000000e+00
1.000000000000000000e+00
8.823844119872097380e-01
1.000000000000000000e+00
1.420644381926164890e+01
1.646523821829748435e-01
2.600000000000000089e-01
-2.210814207792282104e-01
1.000000000000000000e+00
8.726374830470239319e-01
1.000000000000000000e+00
1.000000000000000000e+00
1.000000000000000000e+00
9.469088956970991289e-01
1.000000000000000000e+00
1.000000000000000000e+00
1.000000000000000000e+00
9.232291805085525160e-01
1.000000000000000000e+00
8.588038359035368163e-01
1.000000000000000000e+00
8.921199227453179281e-01
1.000000000000000000e+00
5.834730421194060934e-01
5.108556544499939234e-01
5.891612313951801738e-01
8.790442987970691346e-01
9.494287260703371256e-01
8.472133759532374242e-01
8.777085422563588590e-01
1.000000000000000000e+00
8.828771385432588881e-01
1.418201449444278772e+01
1.747159531391373477e-01
2.600000000000000089e-01
1.939341425895690918e-01
8.212675559741640097e-01
9.992709953017148150e-01
8.939886928226761231e-01
1.000000000000000000e+00
1.000000000000000000e+00
8.243853284631954548e-01
8.182895531463187933e-01
1.000000000000000000e+00
9.566224147891519980e-01
8.913033232718575727e-01
1.000000000000000000e+00
1.000000000000000000e+00
1.000000000000000000e+00
9.757412942474193995e-01
1.000000000000000000e+00
4.922986488444944797e-01
6.206652624107936722e-01
5.606069354630845991e-01
1.000000000000000000e+00
1.000000000000000000e+00
9.823344707865392378e-01
9.349365703279799433e-01
1.000000000000000000e+00
1.000000000000000000e+00
1.414922786888487671e+01
1.769702504452772551e-01
2.600000000000000089e-01
-4.238488078117370605e-01
9.764020182414565596e-01
9.165096560507821621e-01
1.000000000000000000e+00
1.000000000000000000e+00
8.825197534237865238e-01
8.800223946506677830e-01
1.000000000000000000e+00
1.000000000000000000e+00
1.000000000000000000e+00
8.979921947854255793e-01
9.695169834949768362e-01
1.000000000000000000e+00
8.878391732618392540e-01
9.949276987606526790e-01
9.616484801616548284e-01
5.271112576272963812e-01
7.972076562984923287e-01
7.773921874485062444e-01
9.797145013614380060e-01
8.838897679406976238e-01
1.000000000000000000e+00
1.000000000000000000e+00
9.873225188867257307e-01
9.566381629826776756e-01
1.412324559727666617e+01
2.152434070269828581e-01
2.600000000000000089e-01
1.597937196493148804e-01
1.000000000000000000e+00
1.000000000000000000e+00
1.000000000000000000e+00
8.580321717484737931e-01
9.525823926669174657e-01
9.851194257196304038e-01
7.629817947326505978e-01
8.381127142996327439e-01
9.688811148740109624e-01
1.000000000000000000e+00
1.000000000000000000e+00
8.294496117626308784e-01
1.000000000000000000e+00
9.764558227358305365e-01
1.000000000000000000e+00
5.593065319318412110e-01
7.967197459429397055e-01
4.799805565407772034e-01
9.782585479446440635e-01
8.981202924061543191e-01
1.000000000000000000e+00
9.673048565009045863e-01
1.000000000000000000e+00
1.000000000000000000e+00
1.408766278982700193e+01
2.113719714048145626e-01
2.600000000000000089e-01
2.029907107353210449e-01
1.000000000000000000e+00
1.000000000000000000e+00
8.213730009459905279e-01
8.210936238470915027e-01
1.000000000000000000e+00
1.000000000000000000e+00
9.716425745508051603e-01
8.035280784105343077e-01
8.424621934399324497e-01
9.841735847756444278e-01
9.257091228109095571e-01
1.000000000000000000e+00
8.322619857663541287e-01
1.000000000000000000e+00
1.000000000000000000e+00
7.648045811328775256e-01
6.893719366937560711e-01
7.162317566076161768e-01
1.000000000000000000e+00
1.000000000000000000e+00
8.939223897324222179e-01
9.621878888217211268e-01
1.000000000000000000e+00
1.000000000000000000e+00
1.406223022083960750e+01
1.960728096614898774e-01
2.600000000000000089e-01
1.293538212776184082e-01
1.000000000000000000e+00
1.000000000000000000e+00
9.126309467468942671e-01
8.283052851613439405e-01
1.000000000000000000e+00
9.296534876246810297e-01
7.718596920262473793e-01
8.922098164775286167e-01
1.000000000000000000e+00
9.667389254430778234e-01
1.000000000000000000e+00
9.928376334833038941e-01
1.000000000000000000e+00
1.000000000000000000e+00
9.101695428539050559e-01
4.576967540273296775e-01
5.681470079205767076e-01
6.389714778627139102e-01
9.768819700926741900e-01
1.000000000000000000e+00
9.544404655685844174e-01
8.999002904515691625e-01
1.000000000000000000e+00
8.769804442696595981e-01
1.402825913846747419e+01
1.650514254335777586e-01
2.600000000000000089e-01
3.037357032299041748e-01
1.000000000000000000e+00
9.125308213760883191e-01
1.000000000000000000e+00
9.055737551594972290e-01
1.000000000000000000e+00
7.297205872807197569e-01
1.000000000000000000e+00
9.304887980978032713e-01
1.000000000000000000e+00
1.000000000000000000e+00
8.455946072688632631e-01
1.000000000000000000e+00
8.707846814028051829e-01
9.491570275601320938e-01
1.000000000000000000e+00
6.866362394701025496e-01
6.645512308803002144e-01
5.040438883764902789e-01
9.162945348762832065e-01
8.321946027636177856e-01
9.240851434790228192e-01
1.000000000000000000e+00
9.269225173198677448e-01
1.000000000000000000e+00
1.400331886010442339e+01
1.488490989497504025e-01
2.600000000000000089e-01
-3.872860670089721680e-01
9.230068061596946594e-01
8.893223127119052052e-01
8.605236748636636568e-01
1.000000000000000000e+00
1.000000000000000000e+00
8.258087718695126256e-01
7.792731293796306691e-01
8.508939801021792038e-01
9.010861959409198763e-01
9.387452574201956557e-01
1.000000000000000000e+00
1.000000000000000000e+00
8.872860711794607891e-01
9.690347020604601624e-01
8.512546745784260738e-01
7.474835559408298247e-01
7.137969032419616555e-01
5.183216097565065406e-01
9.947250396519871085e-01
1.000000000000000000e+00
1.000000000000000000e+00
1.000000000000000000e+00
9.390769474185187704e-01
8.480163739848691762e-01
1.397943808098336760e+01
1.650231143378824150e-01
2.600000000000000089e-01
-1.042369976639747620e-01
1.000000000000000000e+00
1.000000000000000000e+00
8.816313291283531806e-01
9.240405911997479071e-01
1.000000000000000000e+00
9.414390302982426073e-01
9.646899041402529074e-01
1.000000000000000000e+00
1.000000000000000000e+00
8.673288776081783391e-01
1.000000000000000000e+00
1.000000000000000000e+00
8.562682180149138178e-01
9.558040338652361578e-01
9.842975436899032982e-01
4.421509521394049735e-01
4.369040430880572479e-01
7.063407077871151074e-01
8.562423753626199341e-01
8.572779557078564761e-01
1.000000000000000000e+00
1.000000000000000000e+00
1.000000000000000000e+00
1.000000000000000000e+00
1.393767137166008396e+01
1.743152322334431403e-01
2.600000000000000089e-01
2.067231386899948120e-01
8.772065382899233432e-01
9.390219003894577643e-01
8.336058780162342030e-01
9.464093587382096384e-01
9.176289033863331834e-01
8.972060688221308311e-01
9.707359494152486556e-01
9.247677778406381277e-01
8.964877641171072886e-01
1.000000000000000000e+00
1.000000000000000000e+00
1.000000000000000000e+00
9.670496694505222868e-01
1.000000000000000000e+00
9.740191715259359784e-01
5.748863311027386791e-01
4.914299113808424102e-01
6.963254813792524311e-01
8.337772639675283814e-01
1.000000000000000000e+00
9.061082191768565774e-01
1.000000000000000000e+00
9.537574828888718548e-01
1.000000000000000000e+00
1.390403438908429479e+01
1.595026220035111741e-01
2.600000000000000089e-01
-4.085837602615356445e-01
9.173717146222930552e-01
8.384073038908577136e-01
9.237008638077451872e-01
8.688004791379838609e-01
9.408757698699818928e-01
7.110489464823878114e-01
8.987031247497656583e-01
9.225592857285027648e-01
1.000000000000000000e+00
1.000000000000000000e+00
9.506666198149876790e-01
1.000000000000000000e+00
1.000000000000000000e+00
8.805075621573770217e-01
9.436322855087905248e-01
6.298163279949814397e-01
7.140929939825833017e-01
3.842827417501399334e-01
9.990097047433427191e-01
1.000000000000000000e+00
9.060330545279917658e-01
1.000000000000000000e+00
9.967269471004035486e-01
8.624070681051548837e-01
1.388010152560037547e+01
1.784425202919126541e-01
2.600000000000000089e-01
1.269393116235733032e-01
1.000000000000000000e+00
8.546053135735601769e-01
8.428015980084538894e-01
9.937050076448067371e-01
9.792559555522627468e-01
8.962607232316482930e-01
9.701037735509180360e-01
7.095034756568187051e-01
9.682348874755154489e-01
9.129196211796457572e-01
1.000000000000000000e+00
9.313547602004553783e-01
1.000000000000000000e+00
9.433225500696172938e-01
1.000000000000000000e+00
7.630710516988710168e-01
6.421392214805947685e-01
6.259547027579533962e-01
8.276655531609911076e-01
1.000000000000000000e+00
1.000000000000000000e+00
1.000000000000000000e+00
9.359621690603535660e-01
9.861002195779430268e-01
1.384799347534708680e+01
1.738377914662403434e-01
2.600000000000000089e-01
1.434200108051300049e-01
9.914985732476936375e-01
8.682863372620291953e-01
9.276028535459185376e-01
1.000000000000000000e+00
9.622527104781571916e-01
8.545320479386881996e-01
9.959819816893750177e-01
1.000000000000000000e+00
1.000000000000000000e+00
8.295971507500172759e-01
9.313395544398410664e-01
1.000000000000000000e+00
1.000000000000000000e+00
8.584209634797311805e-01
9.275617965305595902e-01
6.148832520835112447e-01
4.717704502292151547e-01
6.987577246007287135e-01
1.000000000000000000e+00
1.000000000000000000e+00
9.458164459394743373e-01
8.450180837689036384e-01
1.000000000000000000e+00
1.000000000000000000e+00
1.382250959850178695e+01
1.524543128366242506e-01
2.600000000000000089e-01
3.121150135993957520e-01
9.665431875835199804e-01
1.000000000000000000e+00
9.559065079267101694e-01
1.000000000000000000e+00
1.000000000000000000e+00
1.000000000000000000e+00
8.788922727773685883e-01
1.000000000000000000e+00
8.861071766696086982e-01
1.000000000000000000e+00
1.000000000000000000e+00
9.517022903224365837e-01
9.303915296702113258e-01
1.000000000000000000e+00
9.385031171113827897e-01
5.957306183667558930e-01
7.223599303393096749e-01
5.316642604034755859e-01
9.266822308320173951e-01
9.638850985264405535e-01
1.000000000000000000e+00
1.000000000000000000e+00
8.619107544500667073e-01
1.000000000000000000e+00
1.379756259895644277e+01
1.306396465937780249e-01
2.600000000000000089e-01
-4.280630648136138916e-01
1.000000000000000000e+00
9.133859532347196053e-01
8.826560402642847913e-01
1.000000000000000000e+00
8.446486571436102597e-01
8.121453585927495000e-01
9.824188891033843740e-01
8.452183330116758153e-01
1.000000000000000000e+00
9.910469125694690851e-01
1.000000000000000000e+00
9.295705888325327404e-01
1.000000000000000000e+00
1.000000000000000000e+00
8.721992353284847566e-01
6.659181795101984935e-01
4.688880613224998273e-01
3.725097798886166656e-01
1.000000000000000000e+00
1.000000000000000000e+00
9.485522324874123834e-01
1.000000000000000000e+00
9.068597364260073679e-01
1.000000000000000000e+00
1.376453270351069769e+01
1.450759594131705299e-01
2.600000000000000089e-01
-1.360556185245513916e-01
9.806757700050940940e-01
1.000000000000000000e+00
1.000000000000000000e+00
1.000000000000000000e+00
1.000000000000000000e+00
6.674626968502186397e-01
8.959305193772629794e-01
1.000000000000000000e+00
9.424057268271727184e-01
1.000000000000000000e+00
1.000000000000000000e+00
1.000000000000000000e+00
8.487986239302551805e-01
1.000000000000000000e+00
1.000000000000000000e+00
6.191730181514686349e-01
6.031580996304549691e-01
5.134714381540185224e-01
8.231792746635420155e-01
1.000000000000000000e+00
8.695234514536289705e-01
1.000000000000000000e+00
1.000000000000000000e+00
1.000000000000000000e+00
1.373874791739342704e+01
1.593069125895119065e-01
2.600000000000000089e-01
-1.357370615005493164e-01
8.428600911842425436e-01
1.000000000000000000e+00
1.000000000000000000e+00
9.135765923504574060e-01
8.793934427845323532e-01
7.386679035818554118e-01
9.460389424765266453e-01
9.779259835771261233e-01
1.000000000000000000e+00
8.430128789830897418e-01
8.563210233053749620e-01
9.280799045648527867e-01
1.000000000000000000e+00
1.000000000000000000e+00
8.578574446393663067e-01
4.149003961772935178e-01
4.406195823639614817e-01
5.078777440513536634e-01
6.399500813434239044e-01
9.245930707059907272e-01
8.394410440302202403e-01
1.000000000000000000e+00
8.745109385852972705e-01
1.000000000000000000e+00
1.371298473776281313e+01
1.694062451722602169e-01
2.600000000000000089e-01
-7.331895828247070312e-02
9.093705571101796670e-01
9.880641034264812106e-01
8.603238528629438830e-01
1.000000000000000000e+00
9.386183522565596515e-01
8.007483117001704676e-01
8.700379248077415584e-01
9.656878676024100994e-01
9.916406303204673423e-01
1.000000000000000000e+00
1.000000000000000000e+00
8.974664357683884708e-01
9.998920066288877750e-01
9.864772470477630728e-01
1.000000000000000000e+00
5.783691658175023065e-01
6.400605819479421310e-01
5.596959537153589626e-01
5.758168478836679371e-01
1.000000000000000000e+00
1.000000000000000000e+00
8.431978614474459066e-01
9.905982843843670338e-01
1.000000000000000000e+00
1.367859590467878661e+01
1.902147638148452558e-01
2.600000000000000089e-01
-3.325651586055755615e-01
1.000000000000000000e+00
8.508820069084516158e-01
1.000000000000000000e+00
1.000000000000000000e+00
1.000000000000000000e+00
7.029597222683693358e-01
1.000000000000000000e+00
9.235865288849035570e-01
1.000000000000000000e+00
9.405656568356338676e-01
8.379456572752342902e-01
1.000000000000000000e+00
9.829385215780950258e-01
8.394773589695213589e-01
8.467878506000930949e-01
6.969267968899938159e-01
6.543001949082576374e-01
5.888342823240569901e-01
4.293919417385546611e-01
1.000000000000000000e+00
8.471426618482169602e-01
9.106003854744850745e-01
1.000000000000000000e+00
8.886536864264990010e-01
1.364573074169741318e+01
2.127813601475190275e-01
2.600000000000000089e-01
1.322746276855468750e-01
1.000000000000000000e+00
9.282738861029427024e-01
1.000000000000000000e+00
1.000000000000000000e+00
8.901030414247992351e-01
8.947575187885290493e-01
8.823577349987817842e-01
1.000000000000000000e+00
8.522882627781566134e-01
1.000000000000000000e+00
8.847309570601107342e-01
1.000000000000000000e+00
1.000000000000000000e+00
1.000000000000000000e+00
1.000000000000000000e+00
6.377327250065114583e-01
6.278595091835648123e-01
5.227655188149452625e-01
6.087584513487580562e-01
1.000000000000000000e+00
9.037544185218955306e-01
9.713668514251873054e-01
8.798052474894860753e-01
1.000000000000000000e+00
1.362084933342860715e+01
2.163234872321777580e-01
2.600000000000000089e-01
-2.856417596340179443e-01
1.000000000000000000e+00
1.000000000000000000e+00
1.000000000000000000e+00
9.556931217775229692e-01
8.361091157116276040e-01
6.526193950108781783e-01
9.391503642002726471e-01
1.000000000000000000e+00
1.000000000000000000e+00
1.000000000000000000e+00
1.000000000000000000e+00
1.000000000000000000e+00
8.333125958765918995e-01
8.470959939541522488e-01
1.000000000000000000e+00
7.180183890310863903e-01
6.270546092965209040e-01
4.454641578668670499e-01
4.617789209803643824e-01
9.009167933870850797e-01
8.424401472369885679e-01
9.584018022129817682e-01
9.041077145805492821e-01
9.327498663313996685e-01
1.358774178864471693e+01
2.320073401427120707e-01
2.600000000000000089e-01
1.792517453432083130e-01
9.007525287041321382e-01
8.309268267617618831e-01
9.250601039611917598e-01
1.000000000000000000e+00
1.000000000000000000e+00
9.686275142372934299e-01
8.051505989896367010e-01
8.484349254393398487e-01
1.000000000000000000e+00
8.228169091539694335e-01
9.816989057267709873e-01
9.707080119489194248e-01
1.000000000000000000e+00
1.000000000000000000e+00
9.932606783608074474e-01
1.000000000000000000e+00
6.130981872434339008e-01
3.418001063810308104e-01
3.999053353094844665e-01
6.685195620290383944e-01
8.994063881877164546e-01
9.809283186615557204e-01
8.821165493813861724e-01
1.000000000000000000e+00
1.356182071095868835e+01
2.271771740870320855e-01
2.600000000000000089e-01
-3.071282505989074707e-01
9.203183753663513045e-01
9.189051261171919949e-01
8.902407327751348243e-01
8.537095807374116552e-01
9.364910765100579182e-01
8.994772516028326503e-01
7.272138400300818262e-01
6.685091892156984628e-01
1.000000000000000000e+00
1.000000000000000000e+00
1.000000000000000000e+00
1.000000000000000000e+00
1.000000000000000000e+00
1.000000000000000000e+00
1.000000000000000000e+00
1.000000000000000000e+00
5.202525168090115226e-01
6.510571453860590774e-01
4.961213565318506324e-01
4.814447589232735969e-01
9.495381387823114139e-01
8.218629255711633608e-01
8.977597858418795429e-01
8.348076256137241247e-01
1.352693038975790429e+01
2.563866005170578610e-01
2.600000000000000089e-01
-1.771037131547927856e-01
9.572106829270963235e-01
8.307283830379753597e-01
9.614080378050661180e-01
8.290548394778033403e-01
1.000000000000000000e+00
9.277054798977720784e-01
9.686224444032104364e-01
7.970768569024345718e-01
1.000000000000000000e+00
1.000000000000000000e+00
8.677529531256344963e-01
1.000000000000000000e+00
9.305716093895129992e-01
8.218442784257475875e-01
8.309450397021844736e-01
9.255377346834087193e-01
4.950294333328749685e-01
3.958990602410293325e-01
6.448417668478590992e-01
3.743228739587722842e-01
8.938641900030307452e-01
1.000000000000000000e+00
8.311069154954727756e-01
1.000000000000000000e+00
1.350180259334949895e+01
2.682298850786577482e-01
2.599999380111694403e-01
-8.505319058895111084e-02
8.533375384281829401e-01
9.271531915793934653e-01
1.000000000000000000e+00
8.375965048107715250e-01
9.029486466396144939e-01
9.103001181935510555e-01
6.614280908728712438e-01
8.740162718679647114e-01
1.000000000000000000e+00
1.000000000000000000e+00
8.792910029188226728e-01
1.000000000000000000e+00
1.000000000000000000e+00
1.000000000000000000e+00
8.871718252288377515e-01
9.687586666273910740e-01
5.360242908384659222e-01
4.930616398715525484e-01
5.180131013722792943e-01
5.054428610986753112e-01
4.882965012559843387e-01
1.000000000000000000e+00
1.000000000000000000e+00
1.000000000000000000e+00
1.347664158441386029e+01
2.865508082074468277e-01
2.599999690055847523e-01
-2.556468546390533447e-01
1.000000000000000000e+00
1.000000000000000000e+00
9.980177466634534422e-01
8.670832953732270365e-01
8.603262841971427433e-01
9.010585127428566432e-01
6.538243089569012456e-01
9.736023834649866204e-01
1.000000000000000000e+00
8.802876393563946467e-01
9.250035459900917134e-01
8.959619832855933996e-01
9.944391477101179877e-01
8.934419298416036437e-01
1.000000000000000000e+00
9.676153829879717838e-01
5.980667116426351404e-01
3.576479769626779159e-01
6.192373201819066919e-01
4.456553007019939394e-01
3.165986877151013013e-01
9.502852973855012708e-01
8.344371397357862596e-01
1.000000000000000000e+00
1.345156511710431602e+01
3.115883884372712131e-01
2.599999070167541837e-01
-2.159562706947326660e-01
9.268144241159860242e-01
1.000000000000000000e+00
9.977371482134016478e-01
9.570601988243857550e-01
1.000000000000000000e+00
9.064322384841850822e-01
6.321329532490148617e-01
9.060152316059804090e-01
8.703715904777240553e-01
1.000000000000000000e+00
1.000000000000000000e+00
9.587706478708094560e-01
1.000000000000000000e+00
9.756542815268323121e-01
1.000000000000000000e+00
9.744911669652258634e-01
8.910284348837465007e-01
4.958008771362880651e-01
4.401595606639693847e-01
6.157288298434726581e-01
3.331596469148778161e-01
1.000000000000000000e+00
1.000000000000000000e+00
9.226905820381385848e-01
1.341873668558556254e+01
3.426427901299029521e-01
2.599998140335083030e-01
-2.364896982908248901e-01
9.910494437611004903e-01
8.774168761886453893e-01
9.383802558520227821e-01
1.000000000000000000e+00
1.000000000000000000e+00
6.399163250886481524e-01
8.095801186091324819e-01
7.481727424328595832e-01
1.000000000000000000e+00
9.442742335081441007e-01
1.000000000000000000e+00
1.000000000000000000e+00
1.000000000000000000e+00
1.000000000000000000e+00
1.000000000000000000e+00
8.371791691150299863e-01
8.712461620995792799e-01
5.672075726181925459e-01
6.097539467387737000e-01
5.952070405455217594e-01
6.544248128681403598e-01
8.532650474508903793e-01
8.471603401962715107e-01
1.000000000000000000e+00
1.339420713211181813e+01
3.622004657125788007e-01
2.599998760223388716e-01
-1.576385200023651123e-01
1.000000000000000000e+00
9.739399220427878978e-01
9.701779541135027163e-01
8.709491127841593183e-01
1.000000000000000000e+00
9.214994028931402514e-01
6.883192757932390382e-01
7.144905832561571080e-01
1.000000000000000000e+00
8.765651941474309483e-01
1.000000000000000000e+00
1.000000000000000000e+00
1.000000000000000000e+00
1.000000000000000000e+00
1.000000000000000000e+00
9.995612902764874352e-01
9.585147431630941517e-01
5.363486436240344490e-01
6.169580983886108205e-01
5.170215514742892982e-01
3.461016663539894789e-01
4.486309915245682567e-01
9.245897703513111798e-01
9.738935035594862288e-01
1.336179208638771243e+01
3.693970589487505229e-01
2.599998450279236151e-01
3.855651710182428360e-03
1.000000000000000000e+00
9.708621404110190367e-01
8.565463790721984383e-01
9.774992020566894979e-01
1.000000000000000000e+00
9.452235606446593996e-01
9.236852181267699580e-01
9.062859280585124910e-01
1.000000000000000000e+00
8.922295699816201742e-01
9.147681728503076481e-01
1.000000000000000000e+00
9.231248952918563733e-01
9.282908701476108027e-01
1.000000000000000000e+00
9.729629636427142847e-01
1.000000000000000000e+00
6.411064529646454124e-01
6.158423762552922565e-01
5.738852453146753296e-01
4.703907658095023980e-01
5.705360858425205794e-01
8.835215754102063723e-01
1.000000000000000000e+00
1.333748389132524359e+01
3.729233471046864423e-01
2.599990081787109664e-01
-1.492395848035812378e-01
1.000000000000000000e+00
1.000000000000000000e+00
1.000000000000000000e+00
9.540745071067009420e-01
1.000000000000000000e+00
7.072866573297187376e-01
7.666233427061480699e-01
6.980909710798314238e-01
1.000000000000000000e+00
8.814064245476066484e-01
1.000000000000000000e+00
8.937828748214133867e-01
1.000000000000000000e+00
9.078862351619940707e-01
8.524906355254785462e-01
9.608870210434353742e-01
1.000000000000000000e+00
3.014571136401950069e-01
3.509615411798143181e-01
3.557037827125314466e-01
3.596709612733620109e-01
5.247692917149640035e-01
1.000000000000000000e+00
9.493023389597446959e-01
1.331349149965060619e+01
3.769531525114548920e-01
2.600000000000000089e-01
6.994725018739700317e-02
8.367759331255747446e-01
8.490465820852561851e-01
8.559943206136721994e-01
1.000000000000000000e+00
9.354943636604867718e-01
6.928965840619738525e-01
8.836478883334295542e-01
5.697003666125334265e-01
9.470091249635828046e-01
1.000000000000000000e+00
9.866983109764247972e-01
1.000000000000000000e+00
8.339335359139531390e-01
8.742854167471956206e-01
1.000000000000000000e+00
9.791650671060535549e-01
8.326184415096850033e-01
1.000000000000000000e+00
4.483361157655288975e-01
6.176782232488624569e-01
3.613370901876369889e-01
6.316461908982701212e-01
1.000000000000000000e+00
8.332551576636267887e-01
1.328102961957375605e+01
3.846639524215484940e-01
2.599986982345581232e-01
-2.543608844280242920e-01
1.000000000000000000e+00
9.603287426308683150e-01
8.738409254973181772e-01
1.000000000000000000e+00
9.291993575150961915e-01
8.213039101893583327e-01
6.371985342061768920e-01
9.130910727351438938e-01
9.573683415860175794e-01
1.000000000000000000e+00
9.816589140015771209e-01
9.060557162743105852e-01
1.000000000000000000e+00
1.000000000000000000e+00
1.000000000000000000e+00
1.000000000000000000e+00
8.970527920246927911e-01
8.407742192898522982e-01
3.805222723061562062e-01
4.547021809424864336e-01
3.490331369578846266e-01
3.956859198310716530e-01
8.231661277446663538e-01
1.000000000000000000e+00
1.325673656793932409e+01
3.969332494411452750e-01
2.599998760223388716e-01
1.774903982877731323e-01
1.000000000000000000e+00
8.437616364112334733e-01
8.591666748630810702e-01
9.697810549258429891e-01
9.850674878059323403e-01
7.428909142578857816e-01
8.465872328835013505e-01
6.967485879727881581e-01
8.938537780613328154e-01
9.293718616739887750e-01
8.296749663022912058e-01
1.000000000000000000e+00
9.761569354666647103e-01
8.443185737892351383e-01
8.291008121638629991e-01
1.000000000000000000e+00
1.000000000000000000e+00
9.873316205424256253e-01
4.127929998840943471e-01
3.011582145375831798e-01
3.201669438349619701e-01
4.952318137955545319e-01
1.000000000000000000e+00
1.000000000000000000e+00
1.323257866892181589e+01
3.872591369699454056e-01
2.599993491172790661e-01
-1.427558064460754395e-01
8.881195604137192001e-01
8.607285551108742050e-01
1.000000000000000000e+00
1.000000000000000000e+00
9.858046155241400044e-01
7.181710574584732054e-01
6.829219809521303031e-01
7.259639279313023774e-01
1.000000000000000000e+00
8.975028948646089910e-01
1.000000000000000000e+00
1.000000000000000000e+00
9.680777213307193430e-01
8.843796057447176340e-01
1.000000000000000000e+00
9.308183794407337563e-01
9.988728255322253391e-01
1.000000000000000000e+00
4.652691712190728524e-01
3.531865072518808879e-01
6.187504062480030376e-01
5.745573332442786008e-01
9.608669203420940885e-01
8.654155232595731606e-01
1.320065997851313533e+01
3.996898792980028148e-01
2.599998140335083030e-01
-3.640286251902580261e-02
1.000000000000000000e+00
1.000000000000000000e+00
9.225934539737440376e-01
8.826086546729584592e-01
9.998130443741367612e-01
8.188988064595007499e-01
6.664300154713774793e-01
7.173719047352605793e-01
8.870140007627390633e-01
1.000000000000000000e+00
9.489039817136772914e-01
9.455753504430866041e-01
1.000000000000000000e+00
1.000000000000000000e+00
9.039835302877418099e-01
9.276908549482196786e-01
9.698196687193237908e-01
9.969459621156114837e-01
2.884716294910362744e-01
3.267286462240573952e-01
3.318836015230199332e-01
4.691464532550690403e-01
3.774238182574706779e-01
1.000000000000000000e+00
1.316873510601175035e+01
3.932561585199425558e-01
2.599998760223388716e-01
9.555193781852722168e-02
9.063915803629765122e-01
9.632773802623378900e-01
9.548419734196301745e-01
1.000000000000000000e+00
8.573638213223617743e-01
7.400163843532615582e-01
8.804975931977432335e-01
5.684754298515943827e-01
9.551706394444969828e-01
8.912495782423734969e-01
1.000000000000000000e+00
1.000000000000000000e+00
9.148391788276974967e-01
9.397707054539760074e-01
1.000000000000000000e+00
1.000000000000000000e+00
9.238765473106934634e-01
8.997540304549128676e-01
5.438861593141062212e-01
5.156378871787550278e-01
4.187196732059240700e-01
4.667596748188501676e-01
5.791142825648689652e-01
8.645607429597214066e-01
1.314474607505258419e+01
3.868264526133931014e-01
2.599992561340331854e-01
-3.693908080458641052e-02
9.570026114260251626e-01
1.000000000000000000e+00
9.302756667105088750e-01
9.528626351295647057e-01
1.000000000000000000e+00
6.065088347064675478e-01
7.866102645039603214e-01
5.974494035575185213e-01
9.950181022423146837e-01
9.228598553819253869e-01
8.793395797870019459e-01
8.359817073446554891e-01
9.503549949147950260e-01
8.509169035549001281e-01
9.663686723170135107e-01
9.212563861467434334e-01
1.000000000000000000e+00
9.351698482196726392e-01
4.294061544774387396e-01
2.542590950329259303e-01
5.088237283960720392e-01
5.304337527192429791e-01
3.211403098057546424e-01
8.891317102318951893e-01
1.311262857495008305e+01
3.869972238257024522e-01
2.599987602233886919e-01
4.807247221469879150e-02
8.477427891813048566e-01
8.244245948523862833e-01
8.889650977447017821e-01
9.046406579715027263e-01
9.231623117503015008e-01
7.970261428625711186e-01
7.776227694076746078e-01
5.785124527939028427e-01
9.647306793013213921e-01
1.000000000000000000e+00
1.000000000000000000e+00
8.375873291916617891e-01
9.898478344171189880e-01
1.000000000000000000e+00
1.000000000000000000e+00
1.000000000000000000e+00
1.000000000000000000e+00
1.000000000000000000e+00
4.421428197121120007e-01
5.514998570171201209e-01
5.484000560235493538e-01
3.466098540004687867e-01
3.345893944699711020e-01
1.000000000000000000e+00
1.308056204632600306e+01
3.803066116802029661e-01
2.599997520446777344e-01
6.190642714500427246e-02
9.450406152799707415e-01
1.000000000000000000e+00
9.414410850198386971e-01
9.163223630280560306e-01
1.000000000000000000e+00
6.456993751334684228e-01
6.545661198311355511e-01
6.273184398149396213e-01
1.000000000000000000e+00
1.000000000000000000e+00
8.943438437145347919e-01
1.000000000000000000e+00
8.590298923466205272e-01
9.759252831756148883e-01
8.457119579328404857e-01
1.000000000000000000e+00
9.337542043704790684e-01
1.000000000000000000e+00
4.635028128577746709e-01
3.240351075138945824e-01
3.001220256891660720e-01
2.884447500397881448e-01
3.283803682847145633e-01
9.343284339759012624e-01
1.305635048646065854e+01
3.710686518283505819e-01
2.599995350837707719e-01
1.237770095467567444e-01
1.000000000000000000e+00
1.000000000000000000e+00
1.000000000000000000e+00
8.532193361181690250e-01
5.979507050214875052e-01
5.826540243051975265e-01
6.162475989312934388e-01
8.965637975453800701e-01
8.860457774595837943e-01
1.000000000000000000e+00
1.000000000000000000e+00
1.000000000000000000e+00
1.000000000000000000e+00
1.000000000000000000e+00
9.696524506400697740e-01
9.231596485642832306e-01
1.000000000000000000e+00
9.913866964608141208e-01
3.917154162935218009e-01
3.920147809335864930e-01
5.279940275250094572e-01
2.884528005407429041e-01
5.566166135520230762e-01
1.000000000000000000e+00
1.302439229674066468e+01
3.647318089962436893e-01
2.599964666366577082e-01
1.949939318001270294e-02
8.753890356544011819e-01
1.000000000000000000e+00
1.000000000000000000e+00
8.285619780558296510e-01
8.243807642965884641e-01
7.723564615213718287e-01
8.010456903128336803e-01
8.980593099269988944e-01
1.000000000000000000e+00
9.505260547964506923e-01
1.000000000000000000e+00
9.192265242076954612e-01
8.459858814226018930e-01
1.000000000000000000e+00
8.717748440231433138e-01
8.534301735380377396e-01
9.587892233883904547e-01
1.000000000000000000e+00
3.469943990947285117e-01
5.797632526727500846e-01
5.708916962426037189e-01
5.142623449803132019e-01
5.279533058393072187e-01
1.000000000000000000e+00
1.300011414909545060e+01
3.637159691057649802e-01
2.599983263015747115e-01
1.551490277051925659e-02
9.660002970204050188e-01
1.000000000000000000e+00
1.000000000000000000e+00
1.000000000000000000e+00
8.565809453483141933e-01
8.161253237121217641e-01
5.823429642150689256e-01
1.000000000000000000e+00
1.000000000000000000e+00
1.000000000000000000e+00
8.849364634517465911e-01
9.524560082453422671e-01
1.000000000000000000e+00
1.000000000000000000e+00
1.000000000000000000e+00
8.423926867461559720e-01
1.000000000000000000e+00
1.000000000000000000e+00
4.948148323235699308e-01
3.589578331003199785e-01
2.530484557792138101e-01
4.016622771521859980e-01
3.277344067900566649e-01
1.000000000000000000e+00
1.297581945790926028e+01
3.502462649851905141e-01
2.599998140335083030e-01
2.556491494178771973e-01
1.000000000000000000e+00
9.230791478917016457e-01
1.000000000000000000e+00
1.000000000000000000e+00
8.864385644766153982e-01
6.622118897382386349e-01
6.113937232805483069e-01
9.419623623603642359e-01
8.540523673768947166e-01
9.274306688139205557e-01
9.991405209119660347e-01
9.991158011373756365e-01
1.000000000000000000e+00
1.000000000000000000e+00
8.678192034612124406e-01
1.000000000000000000e+00
9.626617388041696088e-01
1.000000000000000000e+00
5.216410491460300447e-01
4.298438421799093967e-01
5.077475176248039679e-01
5.085162748985819769e-01
3.958000958811255243e-01
1.000000000000000000e+00
1.295137243156135121e+01
3.300059088606794866e-01
2.599976444244385121e-01
1.189111825078725815e-02
9.752863211772611063e-01
1.000000000000000000e+00
1.000000000000000000e+00
9.529545731950149756e-01
7.355969904176721252e-01
6.454831526254681817e-01
5.810130361019341105e-01
8.282579453468124075e-01
8.356981709923069213e-01
1.000000000000000000e+00
9.181428751849131098e-01
1.000000000000000000e+00
8.666931036478601191e-01
1.000000000000000000e+00
1.000000000000000000e+00
1.000000000000000000e+00
9.437433527799503619e-01
1.000000000000000000e+00
4.661248714036684837e-01
3.659939133725966798e-01
3.995551838982355219e-01
5.613735055850638256e-01
3.102764754443366191e-01
1.000000000000000000e+00
1.292711827806255442e+01
3.264785360822308746e-01
2.599991941452026722e-01
2.896307781338691711e-02
1.000000000000000000e+00
1.000000000000000000e+00
9.697071551681616386e-01
9.036634799010295760e-01
7.260688301883385654e-01
7.499660929376192886e-01
7.743356887205842254e-01
1.000000000000000000e+00
1.000000000000000000e+00
1.000000000000000000e+00
9.062729108293511304e-01
9.706046419243108403e-01
1.000000000000000000e+00
1.000000000000000000e+00
1.000000000000000000e+00
1.000000000000000000e+00
1.000000000000000000e+00
1.000000000000000000e+00
9.127077274992199118e-01
2.544615528099540280e-01
3.438778595673355198e-01
5.524830581718882527e-01
4.542528591437798302e-01
8.685102644981977926e-01
1.289411526663718455e+01
3.238699706040861770e-01
2.599980163574218683e-01
1.942834816873073578e-02
9.672183379241298118e-01
1.000000000000000000e+00
9.140552735200869749e-01
8.478193463724811307e-01
7.957156681766651696e-01
8.346645928841962547e-01
8.114390653070179260e-01
9.236080483248881867e-01
1.000000000000000000e+00
1.000000000000000000e+00
1.000000000000000000e+00
8.348815452911477752e-01
1.000000000000000000e+00
8.333311224637824921e-01
9.870807971227849587e-01
1.000000000000000000e+00
1.000000000000000000e+00
1.000000000000000000e+00
1.000000000000000000e+00
2.321826105096407300e-01
4.013629841166199697e-01
2.601293582368692237e-01
3.982678432942941549e-01
1.000000000000000000e+00
1.286939257379915524e+01
3.238229316044245465e-01
2.599998140335083030e-01
2.474719192832708359e-03
9.928218979234648689e-01
8.317579509422702300e-01
9.593371779114443498e-01
1.000000000000000000e+00
5.931513771314917971e-01
5.783406007792724068e-01
5.347016314839375672e-01
1.000000000000000000e+00
9.808040876336114877e-01
9.445881172754150290e-01
8.332312440552505084e-01
1.000000000000000000e+00
1.000000000000000000e+00
1.000000000000000000e+00
1.000000000000000000e+00
1.000000000000000000e+00
9.173102150931683463e-01
1.000000000000000000e+00
1.000000000000000000e+00
2.390957958384095916e-01
4.982605459837058937e-01
5.442537804421180292e-01
4.505131430049770791e-01
5.262495770239014048e-01
1.284482716999087515e+01
3.244743541589776292e-01
2.599999070167541837e-01
8.822798263281583786e-04
1.000000000000000000e+00
1.000000000000000000e+00
9.395325981131152915e-01
8.600187781955519473e-01
6.966771073835261729e-01
5.541955496617715360e-01
6.429870124529929454e-01
8.937468135920099144e-01
9.045518211113348084e-01
9.042599624308194084e-01
8.684866786998942656e-01
1.000000000000000000e+00
9.945515965683277004e-01
9.290646012741954340e-01
1.000000000000000000e+00
1.000000000000000000e+00
1.000000000000000000e+00
1.000000000000000000e+00
1.000000000000000000e+00
4.821705239968788748e-01
3.428118812190800169e-01
2.479415296780733413e-01
2.614955246928454269e-01
5.066024919087652734e-01
1.281212014016216827e+01
3.250748821019677770e-01
2.599990391731262229e-01
-8.354203891940414906e-04
8.361790495358919495e-01
1.000000000000000000e+00
1.000000000000000000e+00
6.251105097837211799e-01
6.121087243116483112e-01
7.906992980960831918e-01
4.701220192092314676e-01
9.846332085792303124e-01
8.437091283701587674e-01
9.164824003970164501e-01
1.000000000000000000e+00
9.690076327132880474e-01
1.000000000000000000e+00
9.406879848484205331e-01
1.000000000000000000e+00
1.000000000000000000e+00
1.000000000000000000e+00
9.601334373828628310e-01
8.240498504735933594e-01
2.713687752499290839e-01
5.089719634842400087e-01
3.784406922719406596e-01
2.556893957354892666e-01
5.029320655498955572e-01
1.278741648560938593e+01
3.292054639257879778e-01
2.599942660331726052e-01
-5.564823374152183533e-02
8.546431010227316660e-01
9.665892912080013000e-01
9.655764770820548515e-01
5.815116287697577047e-01
7.643636372508301191e-01
6.066072779886922950e-01
6.820320454423053347e-01
1.000000000000000000e+00
9.770996844155988015e-01
1.000000000000000000e+00
1.000000000000000000e+00
8.826127504525154155e-01
9.962777087899267192e-01
1.000000000000000000e+00
1.000000000000000000e+00
8.718759134393501142e-01
8.753655198811578497e-01
9.840156189246699325e-01
1.000000000000000000e+00
3.232753617544147362e-01
4.006568044978330856e-01
3.690201734545818790e-01
5.296115481462974062e-01
6.089680060514633952e-01
1.276274516245541690e+01
3.331918999923688673e-01
2.599994111061096347e-01
-1.791420392692089081e-02
1.000000000000000000e+00
9.245323430844795132e-01
1.000000000000000000e+00
7.630633639555838288e-01
6.346572268342022261e-01
7.735180247564503730e-01
7.506952749239280687e-01
8.320472957781456236e-01
1.000000000000000000e+00
1.000000000000000000e+00
1.000000000000000000e+00
1.000000000000000000e+00
1.000000000000000000e+00
9.197027925519363212e-01
1.000000000000000000e+00
9.937662912116363989e-01
9.393808605901777797e-01
1.000000000000000000e+00
1.000000000000000000e+00
4.065131685602706990e-01
2.567111114484808554e-01
3.303088558126640040e-01
3.935504766534646537e-01
4.081296147027562715e-01
1.273828617002357433e+01
3.330290079106568157e-01
2.599997830390930464e-01
2.224978432059288025e-02
1.000000000000000000e+00
1.000000000000000000e+00
9.652529163516074817e-01
7.822800953890148845e-01
8.136838374500134918e-01
5.386353638513010633e-01
6.998789904550654084e-01
1.000000000000000000e+00
8.235903086716039878e-01
1.000000000000000000e+00
1.000000000000000000e+00
1.000000000000000000e+00
9.108983589769722444e-01
1.000000000000000000e+00
9.030346438998684278e-01
1.000000000000000000e+00
1.000000000000000000e+00
9.035631800770479449e-01
1.000000000000000000e+00
3.703181973923986847e-01
5.081419218123832682e-01
2.459314743678591153e-01
5.077400051515050805e-01
2.877961210826582295e-01
1.270563339558405325e+01
3.346857118312063228e-01
2.599988532066345170e-01
-4.080207645893096924e-02
8.634681993218674689e-01
1.000000000000000000e+00
1.000000000000000000e+00
6.706830002637110821e-01
5.921689812352299853e-01
6.864970172641965407e-01
9.179883158333631554e-01
8.648436627099597152e-01
1.000000000000000000e+00
8.225792882486816504e-01
1.000000000000000000e+00
9.473451702650933504e-01
9.881774564855970722e-01
8.241440183671475683e-01
8.713101640006813975e-01
1.000000000000000000e+00
1.000000000000000000e+00
9.061954457765466486e-01
9.655054593545465691e-01
5.512787249146289259e-01
4.994175260559187701e-01
4.061871529063140751e-01
4.314249523072884451e-01
5.902858311322004559e-01
1.268099344559828268e+01
3.390896535863179295e-01
2.599996900558471657e-01
-3.622068837285041809e-02
9.986626285439482720e-01
8.611608654514609773e-01
9.543774857671019074e-01
6.978959759538339025e-01
6.146418255885855997e-01
6.768065649464318767e-01
9.024016303064398281e-01
9.407500802481153501e-01
9.254006905571624531e-01
8.484416366322216074e-01
1.000000000000000000e+00
8.853114336163138143e-01
1.000000000000000000e+00
8.565240727389156206e-01
9.207182637013324733e-01
9.512757706473289332e-01
1.000000000000000000e+00
1.000000000000000000e+00
1.000000000000000000e+00
6.329907723233293426e-01
4.580826774714036320e-01
3.833912186337254391e-01
3.002149248809499182e-01
5.770327596394181358e-01
1.265644770342078473e+01
3.430529774191888315e-01
2.599999070167541837e-01
3.661231603473424911e-03
9.792099787287129598e-01
9.929514273711278483e-01
1.000000000000000000e+00
7.714751669353889785e-01
5.705007272427844445e-01
6.804817431048034715e-01
9.224409654791513313e-01
1.000000000000000000e+00
1.000000000000000000e+00
8.982424690553488800e-01
1.000000000000000000e+00
1.000000000000000000e+00
8.458329493503514707e-01
8.954344957420267148e-01
1.000000000000000000e+00
1.000000000000000000e+00
1.000000000000000000e+00
9.882618478310255528e-01
9.368174785948878425e-01
7.306605108374156776e-01
2.284223312265571404e-01
3.900499955204650981e-01
4.321989239911617209e-01
2.364402873417130457e-01
1.262374475925039086e+01
3.457706794359873825e-01
2.599998760223388716e-01
-3.523963317275047302e-02
1.000000000000000000e+00
8.860239107146899995e-01
9.300563732533607686e-01
6.246517339760492282e-01
7.827920674046267013e-01
6.842319553803111187e-01
9.831938847668825199e-01
1.000000000000000000e+00
8.745283078305133850e-01
9.865811760197394920e-01
9.301854854258634342e-01
9.546649660673647286e-01
9.115380358292936025e-01
1.000000000000000000e+00
9.695814205980669565e-01
9.351310190643938869e-01
1.000000000000000000e+00
8.368816505463165800e-01
8.976446206234085512e-01
9.576929710887732705e-01
4.692857124557980320e-01
2.749052608298496181e-01
3.434804840706661699e-01
5.590061012044331701e-01
1.259114553132812553e+01
3.542517502015978259e-01
2.599997210502624778e-01
-8.191283792257308960e-02
1.000000000000000000e+00
9.637389904720067291e-01
8.408396353423547298e-01
6.438754013222524053e-01
6.431291987537416377e-01
5.057774897053165519e-01
9.143602342745026368e-01
1.000000000000000000e+00
8.834516041340394477e-01
8.859785379269489169e-01
9.511420836626893749e-01
9.964512633540388853e-01
9.603214350132610599e-01
1.000000000000000000e+00
8.553990046921959856e-01
9.670661535665906472e-01
1.000000000000000000e+00
9.002426956434732563e-01
9.062807559785286404e-01
1.000000000000000000e+00
3.595439199215060833e-01
2.126132280815575260e-01
5.251003917188595826e-01
4.783238741192913368e-01
1.255869059557807788e+01
3.615612062445072716e-01
2.599999380111694403e-01
-3.448911756277084351e-02
8.490826133208979609e-01
1.000000000000000000e+00
1.000000000000000000e+00
6.068470307810522879e-01
7.810028547460642345e-01
4.603586888064660765e-01
9.779019477785048098e-01
1.000000000000000000e+00
1.000000000000000000e+00
1.000000000000000000e+00
1.000000000000000000e+00
8.493343345425620194e-01
9.184329083092259705e-01
9.133728404334703344e-01
1.000000000000000000e+00
1.000000000000000000e+00
9.844328888130507993e-01
8.836739824101200735e-01
1.000000000000000000e+00
8.779702151002127808e-01
1.909160585807594124e-01
4.881571896874244421e-01
5.238776154726006995e-01
4.951553908524584102e-01
1.253445759804549553e+01
3.662337004451008404e-01
2.599996900558471657e-01
-4.316058382391929626e-02
9.249891619725509884e-01
8.342743074573093498e-01
1.000000000000000000e+00
7.297915479725156640e-01
6.252552288432297045e-01
4.028223524655906163e-01
9.654288249224313168e-01
1.000000000000000000e+00
9.767714879631341773e-01
8.985252059580258743e-01
1.000000000000000000e+00
1.000000000000000000e+00
1.000000000000000000e+00
8.823795307099409069e-01
8.254096078447669127e-01
1.000000000000000000e+00
1.000000000000000000e+00
1.000000000000000000e+00
1.000000000000000000e+00
8.747975792559360420e-01
4.571097335892501667e-01
3.464543088559363659e-01
4.619358719469672248e-01
5.371172959984704676e-01
1.251019706800560805e+01
3.667475813146410246e-01
2.599998760223388716e-01
2.796278335154056549e-02
1.000000000000000000e+00
9.221545359651621698e-01
1.000000000000000000e+00
6.171862691966872871e-01
5.871061497364339354e-01
5.777512322852945692e-01
9.934913110318058793e-01
9.080370347925045271e-01
9.173596129883040406e-01
8.377041753074844221e-01
1.000000000000000000e+00
1.000000000000000000e+00
8.470218522037076259e-01
9.224116352516597006e-01
8.621966038662766119e-01
9.087038776781856120e-01
1.000000000000000000e+00
1.000000000000000000e+00
9.232962931929744599e-01
9.173095316429866752e-01
3.538079645180947641e-01
2.908167734405759930e-01
4.187366826007670184e-01
5.097956508665982822e-01
1.247757103602183015e+01
3.660045429329810140e-01
2.599998140335083030e-01
-1.837339950725436211e-03
1.000000000000000000e+00
8.933080834298411377e-01
8.960572914554976176e-01
7.868222668331730230e-01
7.636999125317327497e-01
6.342055833497166617e-01
1.000000000000000000e+00
1.000000000000000000e+00
9.350544905794127004e-01
8.719291810934677311e-01
9.200776815395130814e-01
1.000000000000000000e+00
1.000000000000000000e+00
1.000000000000000000e+00
1.000000000000000000e+00
9.822981619871123948e-01
1.000000000000000000e+00
8.355698929715501544e-01
1.000000000000000000e+00
8.863001346061256669e-01
6.665792786252805469e-01
1.488318322731449761e-01
1.642020658844201286e-01
5.479556782360595069e-01
1.245342249677144153e+01
3.688564503883124956e-01
2.599996280670165971e-01
-4.208475351333618164e-02
1.000000000000000000e+00
1.000000000000000000e+00
9.169326574874349101e-01
6.634371714661634334e-01
7.143249526232722246e-01
6.931833143350445425e-01
9.948737388856504493e-01
1.000000000000000000e+00
1.000000000000000000e+00
1.000000000000000000e+00
9.122622688752020093e-01
1.000000000000000000e+00
1.000000000000000000e+00
9.503021673003698711e-01
1.000000000000000000e+00
9.686733682444875759e-01
8.323028794630801253e-01
1.000000000000000000e+00
1.000000000000000000e+00
9.319354173910062711e-01
5.087016268530570873e-01
1.640728094483718535e-01
4.637524550316554084e-01
5.184085313924906568e-01
1.242124164499968586e+01
3.764784352590573313e-01
2.599996900558471657e-01
-5.370235443115234375e-02
9.126621014732849702e-01
9.405678001548318790e-01
9.623172494821333744e-01
7.854436931179582526e-01
6.437304708858805347e-01
6.042061423699955913e-01
8.273592033767972476e-01
1.000000000000000000e+00
9.625659313158012598e-01
8.315236746452195904e-01
1.000000000000000000e+00
1.000000000000000000e+00
1.000000000000000000e+00
1.000000000000000000e+00
8.386145657108851070e-01
9.486099499558031667e-01
8.557689486818763624e-01
1.000000000000000000e+00
9.157268659368230646e-01
1.000000000000000000e+00
1.000000000000000000e+00
1.887341376661693382e-01
4.130895095981464427e-01
3.336194964114029271e-01
1.239700166614822585e+01
3.815364449094569288e-01
2.599998760223388716e-01
-3.808575496077537537e-02
9.116440331031855360e-01
8.378541703927717688e-01
5.343291310269929761e-01
5.685713230307886112e-01
5.122475529841408193e-01
6.229809675569981664e-01
1.000000000000000000e+00
1.000000000000000000e+00
8.591946531841051504e-01
1.000000000000000000e+00
9.370528184115433090e-01
8.949605634024361267e-01
9.398398341607737683e-01
8.723690067804737991e-01
9.461412627293764865e-01
1.000000000000000000e+00
1.000000000000000000e+00
8.809362181794176960e-01
8.343877360217265560e-01
1.000000000000000000e+00
8.403613514425656295e-01
4.537373790505462856e-01
3.452716855110403715e-01
1.919799885664119077e-01
1.236490126409775669e+01
3.878101080635172337e-01
2.599996280670165971e-01
-4.178544133901596069e-02
1.000000000000000000e+00
1.000000000000000000e+00
6.924461296750462624e-01
4.826248707367040702e-01
5.584725736767837123e-01
4.677261032976431920e-01
1.000000000000000000e+00
1.000000000000000000e+00
8.712542208098378316e-01
1.000000000000000000e+00
9.184309843622306957e-01
9.925990530609200002e-01
1.000000000000000000e+00
9.632333323501028888e-01
9.028914568137074159e-01
1.000000000000000000e+00
9.344561834127158573e-01
1.000000000000000000e+00
1.000000000000000000e+00
1.000000000000000000e+00
8.220578530881230694e-01
3.481089850150744236e-01
1.879767171490996647e-01
3.370281835296114470e-01
1.232483591547538104e+01
3.940699955533242260e-01
2.599999690055847523e-01
-1.090413238853216171e-02
1.000000000000000000e+00
1.000000000000000000e+00
7.573203780626807102e-01
7.324117645038571434e-01
6.672126230412442904e-01
5.884796968189170974e-01
1.000000000000000000e+00
8.963203034642166500e-01
9.559872604640062832e-01
1.000000000000000000e+00
8.601805466596115224e-01
9.372768008429578357e-01
9.454875294286253506e-01
8.789399707260194816e-01
1.000000000000000000e+00
9.236769781229854370e-01
1.000000000000000000e+00
8.513052382241513838e-01
9.219272485354783608e-01
1.000000000000000000e+00
1.000000000000000000e+00
4.607070077345166159e-01
4.861617960379747694e-01
5.116846936661042511e-01
1.229281696787376355e+01
3.985670370520226768e-01
2.599999070167541837e-01
-4.114961624145507812e-02
1.000000000000000000e+00
1.000000000000000000e+00
7.921371519371517289e-01
4.694510756782558358e-01
5.402853738489836743e-01
3.501333066440180941e-01
9.163910713407189546e-01
1.000000000000000000e+00
9.517517148146777961e-01
1.000000000000000000e+00
9.707211014028686025e-01
8.261769290031079072e-01
8.584905344113128445e-01
1.000000000000000000e+00
8.743732525572542880e-01
8.614248917270875827e-01
9.706767637515449909e-01
9.671153789476539808e-01
1.000000000000000000e+00
8.985961303467439043e-01
9.430743879225886861e-01
5.188653908339581067e-01
4.553220837961430290e-01
3.415084324076870792e-01
1.226889715998166253e+01
4.006164136121732611e-01
2.599999690055847523e-01
6.693784892559051514e-02
8.547772070397403610e-01
9.980645839503718975e-01
7.231478260223634935e-01
5.755401024689826839e-01
6.883178359889023934e-01
5.948289508345873111e-01
1.000000000000000000e+00
8.418211401214128475e-01
1.000000000000000000e+00
9.367256306403437538e-01
9.597270286098922298e-01
1.000000000000000000e+00
7.655682984841274408e-01
8.721724811339583994e-01
1.000000000000000000e+00
9.486607212815597601e-01
8.387529753789912945e-01
9.272012751930933661e-01
1.000000000000000000e+00
1.000000000000000000e+00
1.000000000000000000e+00
4.486713191354620989e-01
3.743152471761908018e-01
2.563094760253515902e-01
1.223692339657162798e+01
3.959652361125423070e-01
2.599999070167541837e-01
1.749655418097972870e-02
1.000000000000000000e+00
8.663804229872974494e-01
6.782838143938134667e-01
5.872152400177329534e-01
3.822625872498576216e-01
5.871745294719110664e-01
1.000000000000000000e+00
1.000000000000000000e+00
1.000000000000000000e+00
1.000000000000000000e+00
1.000000000000000000e+00
9.207270719540801007e-01
8.665034258006671930e-01
9.143118784730159820e-01
9.201037722564227028e-01
9.621178217155634815e-01
1.000000000000000000e+00
1.000000000000000000e+00
8.270942792542126387e-01
1.000000000000000000e+00
1.000000000000000000e+00
4.602296255832021288e-01
4.232388801860786365e-01
4.213630766465344402e-01
1.221290382361133808e+01
3.974797488215893182e-01
2.599999070167541837e-01
-1.990018226206302643e-02
1.000000000000000000e+00
9.960668117714267522e-01
5.434463948905013941e-01
5.722690195067909880e-01
5.219593149965415790e-01
6.747186106460240085e-01
8.497056346286856465e-01
1.000000000000000000e+00
1.000000000000000000e+00
1.000000000000000000e+00
8.369655240561069132e-01
1.000000000000000000e+00
8.781501984494751722e-01
1.000000000000000000e+00
9.342210062705617046e-01
9.971148103209787061e-01
1.000000000000000000e+00
1.000000000000000000e+00
9.254071136777403117e-01
1.000000000000000000e+00
1.000000000000000000e+00
6.054649743786458815e-01
4.747466142112978793e-01
3.270179716465029807e-01
1.218095654542674922e+01
3.974060091156603747e-01
2.599999690055847523e-01
1.794272288680076599e-02
8.868179682211047021e-01
8.383919705476140516e-01
4.709715592613986646e-01
5.989558945389233946e-01
3.471848577528319213e-01
6.617409672815790511e-01
1.000000000000000000e+00
9.207500661676897291e-01
1.000000000000000000e+00
8.794933346778732730e-01
9.273730493489520388e-01
8.876666536504488336e-01
8.023098799339603016e-01
8.702218184945419432e-01
1.000000000000000000e+00
1.000000000000000000e+00
9.441980258109415880e-01
9.408352989245833964e-01
1.000000000000000000e+00
1.000000000000000000e+00
8.469318519382692534e-01
5.266134069872040468e-01
4.897224946883532160e-01
3.725116756419814545e-01
1.215709840410236531e+01
3.961017954365497751e-01
2.600000000000000089e-01
2.180011011660099030e-02
8.454637212670712554e-01
9.379683647152260439e-01
5.050528870278575555e-01
4.525846224337896073e-01
6.172560471042408681e-01
5.000836490996886097e-01
1.000000000000000000e+00
1.000000000000000000e+00
9.714866803149087016e-01
1.000000000000000000e+00
1.000000000000000000e+00
8.369071938880078276e-01
1.000000000000000000e+00
1.000000000000000000e+00
8.521181103581836336e-01
1.000000000000000000e+00
1.000000000000000000e+00
9.287930899535624674e-01
1.000000000000000000e+00
1.000000000000000000e+00
1.000000000000000000e+00
5.995154984153784339e-01
3.291934592428816253e-01
3.469028850663390950e-01
1.213316271027488291e+01
3.911524978267038044e-01
2.600000000000000089e-01
7.763855159282684326e-02
1.000000000000000000e+00
1.000000000000000000e+00
6.935680844911933374e-01
5.885683210878698279e-01
4.577644072828241373e-01
5.879819318487594648e-01
9.199644363799454050e-01
9.324888153243866551e-01
9.191325383415607231e-01
8.712676506798935350e-01
9.914681033638359509e-01
9.138249365304359495e-01
7.871370305210098062e-01
1.000000000000000000e+00
1.000000000000000000e+00
8.545716372747331757e-01
1.000000000000000000e+00
9.781589601090175945e-01
1.000000000000000000e+00
8.247912923273902353e-01
1.000000000000000000e+00
8.864885275622708116e-01
3.189807539519644020e-01
2.981303220428781486e-01
1.210112603398428632e+01
3.852276540224246482e-01
2.600000000000000089e-01
-1.357911271043121815e-03
1.000000000000000000e+00
1.000000000000000000e+00
4.966860593234252996e-01
4.847082012418094665e-01
5.915264627740397518e-01
5.407364227377480237e-01
1.000000000000000000e+00
8.433356591261221835e-01
9.167629177053638889e-01
8.248499309828118964e-01
1.000000000000000000e+00
1.000000000000000000e+00
9.447507261162847447e-01
1.000000000000000000e+00
1.000000000000000000e+00
1.000000000000000000e+00
9.682071978323045780e-01
1.000000000000000000e+00
1.000000000000000000e+00
8.350978108347190121e-01
9.238286761618832443e-01
1.000000000000000000e+00
5.120692704544291818e-01
3.599804013044991535e-01
1.207707605291196806e+01
3.848367928737270738e-01
2.600000000000000089e-01
3.087023645639419556e-02
9.652133878124485866e-01
4.863881209927521376e-01
6.902264846642734986e-01
4.762193867650764689e-01
5.912265125644230457e-01
8.474727463489204471e-01
1.000000000000000000e+00
1.000000000000000000e+00
8.477533950378844940e-01
8.846467718168667949e-01
8.839178145727422109e-01
8.158583806247623471e-01
1.000000000000000000e+00
8.974842643397696884e-01
8.860896377152186476e-01
1.000000000000000000e+00
1.000000000000000000e+00
9.481700128381207460e-01
8.962130475100742455e-01
9.837292923006982770e-01
9.360556566047455451e-01
1.000000000000000000e+00
4.539979960873846143e-01
1.750920770324948805e-01
1.205307847437668833e+01
3.813840935094185980e-01
2.600000000000000089e-01
4.887979477643966675e-02
1.000000000000000000e+00
7.041342819437017564e-01
5.485991933648814989e-01
6.511876836009368175e-01
6.352132168183004524e-01
9.246675316225051455e-01
1.000000000000000000e+00
1.000000000000000000e+00
1.000000000000000000e+00
1.000000000000000000e+00
8.473159273938144498e-01
7.835351904761130859e-01
8.566574652886954633e-01
8.586515848002699292e-01
8.532162363315878295e-01
9.047942618004514159e-01
1.000000000000000000e+00
1.000000000000000000e+00
1.000000000000000000e+00
8.349010127633399447e-01
9.940990003344793990e-01
9.356270974535477736e-01
2.827344989338872461e-01
3.380154456188341761e-01
1.202073410422771182e+01
3.727804138871748663e-01
2.600000000000000089e-01
9.642300754785537720e-02
1.000000000000000000e+00
5.378598509561479668e-01
4.012318004539452976e-01
5.829599344614546652e-01
3.720793808384031398e-01
1.000000000000000000e+00
9.760601232513982373e-01
1.000000000000000000e+00
1.000000000000000000e+00
1.000000000000000000e+00
1.000000000000000000e+00
8.231919503062782306e-01
9.798583533065475804e-01
1.000000000000000000e+00
9.449398260372631198e-01
1.000000000000000000e+00
9.577244767172706785e-01
9.667005193393668483e-01
9.913619972924829771e-01
8.898850991078159911e-01
9.099566095134165034e-01
8.376954759453928423e-01
3.337749630432141901e-01
2.241236169054020289e-01
1.199658816621211699e+01
3.561155636041712924e-01
2.600000000000000089e-01
2.593785524368286133e-01
1.000000000000000000e+00
6.834699100220292811e-01
3.660382470388935938e-01
3.033672117067694463e-01
6.401428796715886715e-01
8.922046374392446078e-01
1.000000000000000000e+00
1.000000000000000000e+00
1.000000000000000000e+00
1.000000000000000000e+00
1.000000000000000000e+00
9.830990502004455234e-01
9.473693042774310458e-01
1.000000000000000000e+00
9.371449531332698424e-01
9.193346048650010705e-01
1.000000000000000000e+00
9.392808518185918887e-01
1.000000000000000000e+00
8.812854732180522843e-01
1.000000000000000000e+00
1.000000000000000000e+00
5.161626987857389492e-01
4.128595631186273707e-01
1.197281658088883916e+01
3.390910775752287165e-01
2.599999690055847523e-01
-2.013291791081428528e-02
8.527167177912121643e-01
4.706396151827023644e-01
3.428127003219823554e-01
5.316521983270229290e-01
4.538947988671414580e-01
1.000000000000000000e+00
8.841767000680588184e-01
1.000000000000000000e+00
1.000000000000000000e+00
1.000000000000000000e+00
9.688330102644281405e-01
9.667198659173550368e-01
7.767328268638282740e-01
1.000000000000000000e+00
8.930539407227916504e-01
8.535284116598128579e-01
1.000000000000000000e+00
1.000000000000000000e+00
8.689044219042874051e-01
1.000000000000000000e+00
1.000000000000000000e+00
9.294670223368702855e-01
3.053275595730958192e-01
1.968916460372855393e-01
1.194865046574271439e+01
3.330359348091778138e-01
2.600000000000000089e-01
9.194435179233551025e-02
6.410717925901368019e-01
4.783160282772334071e-01
5.017263140659468101e-01
4.041926277340853746e-01
7.592399870594191968e-01
8.731583504254458727e-01
9.847501311691855275e-01
8.374717103502197224e-01
1.000000000000000000e+00
9.349350217266977348e-01
1.000000000000000000e+00
9.596428627403363887e-01
1.000000000000000000e+00
1.000000000000000000e+00
8.950718798066644721e-01
1.000000000000000000e+00
1.000000000000000000e+00
1.000000000000000000e+00
1.000000000000000000e+00
1.000000000000000000e+00
8.630718047139953608e-01
8.518820805481661651e-01
3.541590274607213096e-01
4.703937730302367726e-01
1.191591978672579444e+01
3.244680346605020027e-01
2.600000000000000089e-01
4.663464426994323730e-02
6.418556208754834236e-01
6.243061037129837842e-01
5.795679106089183241e-01
5.926127146850944660e-01
5.516344997826373442e-01
8.643644605662376135e-01
1.000000000000000000e+00
8.976025644475791321e-01
9.711458422608882923e-01
1.000000000000000000e+00
8.460726222555078335e-01
7.938960736394616857e-01
9.022135185439691396e-01
9.820189719652583360e-01
1.000000000000000000e+00
1.000000000000000000e+00
1.000000000000000000e+00
1.000000000000000000e+00
9.970718853290146955e-01
9.485616646222877479e-01
9.343747383990110844e-01
9.517461928412408456e-01
6.140399098088357155e-01
3.097202673071935974e-01
1.188315642686606033e+01
3.209640205493085041e-01
2.600000000000000089e-01
2.997773885726928711e-02
6.459173742709456434e-01
6.945280087199769969e-01
4.215517900984967481e-01
3.663475528385627955e-01
8.393192126770847583e-01
9.075051771776314613e-01
9.698954811461205638e-01
1.000000000000000000e+00
9.151507418324645871e-01
1.000000000000000000e+00
1.000000000000000000e+00
6.903597141375639179e-01
1.000000000000000000e+00
1.000000000000000000e+00
9.810020586155763223e-01
1.000000000000000000e+00
8.261787527809028031e-01
1.000000000000000000e+00
1.000000000000000000e+00
1.000000000000000000e+00
8.280482704361363799e-01
9.948651826837581202e-01
3.812591632855562573e-01
4.551191413879079328e-01
1.185855400883166766e+01
3.093034798206688585e-01
2.600000000000000089e-01
1.852310746908187866e-01
7.181748485115091452e-01
3.816499281112394892e-01
6.130392709557698216e-01
4.692810041858978543e-01
1.000000000000000000e+00
9.371795948611868488e-01
9.086103614094287462e-01
9.406643094268520855e-01
1.000000000000000000e+00
9.108588392885935692e-01
7.519305616169308371e-01
7.538465763895357830e-01
9.418707742707549402e-01
1.000000000000000000e+00
1.000000000000000000e+00
8.537464295560438510e-01
1.000000000000000000e+00
8.401615540495185330e-01
9.515996184790214141e-01
8.488745338443406396e-01
1.000000000000000000e+00
1.000000000000000000e+00
4.902137816895950073e-01
4.314461517136578550e-01
1.182541116569899486e+01
2.909836920676038829e-01
2.600000000000000089e-01
1.038391143083572388e-01
6.475689278626977075e-01
4.843590281271798470e-01
5.351205789105749622e-01
5.153730891101677702e-01
1.000000000000000000e+00
1.000000000000000000e+00
1.000000000000000000e+00
8.762965315210282657e-01
9.898145719391769903e-01
9.152012227131186561e-01
8.954121637428589242e-01
6.174845245525659720e-01
9.611253290225825197e-01
1.000000000000000000e+00
8.213965014949152765e-01
8.628288244285330366e-01
9.601498543389866969e-01
1.000000000000000000e+00
8.214467272000092191e-01
1.000000000000000000e+00
8.325269549242614309e-01
1.000000000000000000e+00
4.961245107569549617e-01
2.364751756259744764e-01
1.180106373400777464e+01
2.727864438134668390e-01
2.600000000000000089e-01
3.427892625331878662e-01
3.913653526015397621e-01
5.573797021414682584e-01
5.117800519819449834e-01
7.559399178055977719e-01
1.000000000000000000e+00
9.321129049317610216e-01
1.000000000000000000e+00
1.000000000000000000e+00
1.000000000000000000e+00
8.936900041764447300e-01
8.293517139983447306e-01
8.221852521573987937e-01
9.276008907530854941e-01
1.000000000000000000e+00
9.982078649305007323e-01
1.000000000000000000e+00
1.000000000000000000e+00
1.000000000000000000e+00
9.316563292970382326e-01
8.444224557561585964e-01
8.232865707213864459e-01
1.000000000000000000e+00
6.073974062072243774e-01
4.935490528174563685e-01
1.177642163972997302e+01
2.504305822222359090e-01
2.599999690055847523e-01
1.083622947335243225e-01
3.779154566024693906e-01
6.463640390672701352e-01
6.122717905151838780e-01
8.145377714077566278e-01
1.000000000000000000e+00
8.820975268964638127e-01
9.795312066876137314e-01
1.000000000000000000e+00
9.185825489991369386e-01
8.828272927318790986e-01
8.983503542496159566e-01
7.963886673225299973e-01
8.818718718719288363e-01
9.687144976462018775e-01
8.423601287171446073e-01
1.000000000000000000e+00
1.000000000000000000e+00
1.000000000000000000e+00
8.413732718388875487e-01
8.593668368059954599e-01
1.000000000000000000e+00
1.000000000000000000e+00
5.925664924780829068e-01
5.689365409669713269e-01
1.175151182738307121e+01
2.343039597089076054e-01
2.600000000000000089e-01
2.196639329195022583e-01
3.368548368894526135e-01
4.317918855238373488e-01
5.487416277548604615e-01
8.542963490191783915e-01
9.462268159514740651e-01
1.000000000000000000e+00
1.000000000000000000e+00
1.000000000000000000e+00
1.000000000000000000e+00
1.000000000000000000e+00
7.185478162116935019e-01
9.486923696782393334e-01
9.854821637053797767e-01
1.000000000000000000e+00
8.704799275470703757e-01
8.957542688839045253e-01
9.152155274095805648e-01
9.479900515418636653e-01
1.000000000000000000e+00
9.561982992173712059e-01
1.000000000000000000e+00
9.734424961111584063e-01
4.235307586045124473e-01
4.335082237792838855e-01
1.171807370358583356e+01
2.029352935661030699e-01
2.600000000000000089e-01
2.569192647933959961e-01
5.654469147186197420e-01
5.395758309504902206e-01
4.416240454270767279e-01
1.000000000000000000e+00
9.873024282233284765e-01
1.000000000000000000e+00
9.256012268546032207e-01
9.382901996734048788e-01
8.977257206492442743e-01
8.454336330131125843e-01
6.545788047934840703e-01
6.428716371058228463e-01
8.424948521401842694e-01
1.000000000000000000e+00
1.000000000000000000e+00
8.654961075775849944e-01
1.000000000000000000e+00
1.000000000000000000e+00
9.552580728065335203e-01
1.000000000000000000e+00
8.880801436761875944e-01
8.674741596690195289e-01
3.869726294526271149e-01
3.282561041916945421e-01
1.168424034967373260e+01
1.898893982112208612e-01
2.600000000000000089e-01
2.884977497160434723e-02
4.986056705190589633e-01
5.686569069035806168e-01
5.506583124634965021e-01
1.000000000000000000e+00
8.482703342134458868e-01
8.293408892030020851e-01
1.000000000000000000e+00
1.000000000000000000e+00
1.000000000000000000e+00
9.376556708812902041e-01
7.705361476740081317e-01
6.524467445961187329e-01
1.000000000000000000e+00
1.000000000000000000e+00
9.607543500701950512e-01
8.601604893813162844e-01
1.000000000000000000e+00
9.809071325310598777e-01
1.000000000000000000e+00
9.703436160254744758e-01
8.683216628575950446e-01
9.129999540319698736e-01
5.311919592999234663e-01
5.222700836103916222e-01
1.165822518514378991e+01
1.777200399604845771e-01
2.600000000000000089e-01
2.912101447582244873e-01
3.742171407048037746e-01
6.726496984068790486e-01
5.407552036963477748e-01
9.035077843761223360e-01
8.817364973257441063e-01
8.311116092073909112e-01
1.000000000000000000e+00
9.537721793463227460e-01
8.369757290856555398e-01
8.363641188416197636e-01
6.861925777611579402e-01
9.401081474275490013e-01
1.000000000000000000e+00
9.423815544100412334e-01
8.995354354630820115e-01
1.000000000000000000e+00
1.000000000000000000e+00
1.000000000000000000e+00
1.000000000000000000e+00
8.788247479008804985e-01
9.547691870209870091e-01
1.000000000000000000e+00
3.632214095484479488e-01
4.367787608438928326e-01
1.162380716607337661e+01
1.458843387169852512e-01
2.600000000000000089e-01
1.759928315877914429e-01
3.880987962389721990e-01
6.246683029211617111e-01
5.793874836260363148e-01
1.000000000000000000e+00
1.000000000000000000e+00
8.310702928592472727e-01
1.000000000000000000e+00
1.000000000000000000e+00
1.000000000000000000e+00
6.810993821218171984e-01
6.783267932815350010e-01
6.724785197437290751e-01
1.000000000000000000e+00
9.731346675879761765e-01
9.858928125676474918e-01
1.000000000000000000e+00
1.000000000000000000e+00
9.560597316871511930e-01
9.443746296365815862e-01
8.341988540190389267e-01
1.000000000000000000e+00
9.747394386092267382e-01
5.120157616949130297e-01
2.962855878070690396e-01
1.159817360743394232e+01
1.358620433116373150e-01
2.600000000000000089e-01
6.568104773759841919e-02
3.179560166007657784e-01
4.320069333377544729e-01
1.000000000000000000e+00
1.000000000000000000e+00
9.820320404762838962e-01
8.763811443915711097e-01
9.822830170779754955e-01
8.619629359420936110e-01
8.952384784101854454e-01
9.326424383162864595e-01
8.819576473727431809e-01
7.403861355972524150e-01
1.000000000000000000e+00
1.000000000000000000e+00
9.580957134460460489e-01
8.534477183775698306e-01
9.337046649470163162e-01
9.594935612747726994e-01
8.395873735138007499e-01
9.862038857804397152e-01
9.034076326561258918e-01
9.760468707329444937e-01
5.903748609440183648e-01
2.352916404701292930e-01
1.157244964937373588e+01
1.206346100956681155e-01
2.600000000000000089e-01
2.230896651744842529e-01
5.323463896806895912e-01
6.473385929297553743e-01
1.000000000000000000e+00
9.048544413811960840e-01
1.000000000000000000e+00
1.000000000000000000e+00
1.000000000000000000e+00
1.000000000000000000e+00
8.846114863643916859e-01
6.440857124091846631e-01
8.707371328283795009e-01
9.073808968608109149e-01
1.000000000000000000e+00
1.000000000000000000e+00
1.000000000000000000e+00
1.000000000000000000e+00
8.528385737253602050e-01
1.000000000000000000e+00
1.000000000000000000e+00
1.000000000000000000e+00
9.850716245078771083e-01
8.989174138354872889e-01
5.985178804395532293e-01
4.333203677685540378e-01
1.154680500253748399e+01
1.001600285772443755e-01
2.599996900558471657e-01
5.374748632311820984e-02
3.591550046063375912e-01
7.895356558655645118e-01
9.945414666485162813e-01
9.633755558020273835e-01
9.044063767117422881e-01
8.651071380699264513e-01
9.896944008925466774e-01
9.344384815884113626e-01
9.335340618549513581e-01
5.639088627337722759e-01
6.460806909213483440e-01
9.031496927597711943e-01
1.000000000000000000e+00
8.727664878798039316e-01
1.000000000000000000e+00
9.002048805394328168e-01
1.000000000000000000e+00
1.000000000000000000e+00
8.698461094181624276e-01
1.000000000000000000e+00
8.388274154830049900e-01
1.000000000000000000e+00
5.022178007507174247e-01
4.270198401314111436e-01
1.151296528331717184e+01
8.857342737376150410e-02
2.599999690055847523e-01
1.065387576818466187e-01
5.570233307156141622e-01
8.819169840859822918e-01
8.442559044059095852e-01
9.366256546329887467e-01
9.821129122756576679e-01
9.414743598604318198e-01
8.976684811657452689e-01
8.336909247650299282e-01
9.309501926779183423e-01
6.693750260766920812e-01
6.595130733885199437e-01
9.029539455741754095e-01
9.267671994694071103e-01
8.799067927227358643e-01
1.000000000000000000e+00
8.361960491267457218e-01
1.000000000000000000e+00
8.865049409445792117e-01
9.947931040776699652e-01
1.000000000000000000e+00
8.301284911066978411e-01
8.930545370417849460e-01
4.242227408986827819e-01
2.763292131478699565e-01
1.146982731305159575e+01
6.825096374763273133e-02
2.599999690055847523e-01
1.555152684450149536e-01
6.469567506425664138e-01
8.622456471886591478e-01
8.648336664158121634e-01
1.000000000000000000e+00
8.404983462278506900e-01
1.000000000000000000e+00
8.500786973023767290e-01
9.253286280161109323e-01
8.412356509381778702e-01
5.290370316314276788e-01
8.241698238654768804e-01
8.636390285719331983e-01
9.410067130782596712e-01
1.000000000000000000e+00
9.594524231709541384e-01
9.968126173038339699e-01
1.000000000000000000e+00
8.351426850789792633e-01
1.000000000000000000e+00
1.000000000000000000e+00
8.390810994035551307e-01
1.000000000000000000e+00
4.434197811622025420e-01
3.749612700690875822e-01
1.143539595600822523e+01
5.213744775398110320e-02
2.599997520446777344e-01
5.806929618120193481e-02
6.365548321861755898e-01
1.000000000000000000e+00
1.000000000000000000e+00
9.394761649056297959e-01
8.820584916327399716e-01
9.472492672905988842e-01
8.289554424766433227e-01
1.000000000000000000e+00
7.777676442887678787e-01
6.087208291684877981e-01
9.260485877494095686e-01
9.068782132783131944e-01
1.000000000000000000e+00
1.000000000000000000e+00
1.000000000000000000e+00
8.599508371481620062e-01
8.291131869047164704e-01
9.859392403079960676e-01
1.000000000000000000e+00
1.000000000000000000e+00
9.132959777188859318e-01
1.000000000000000000e+00
4.095131508681359445e-01
2.772347435807852589e-01
1.140958805473329463e+01
4.612189685626866265e-02
2.599999690055847523e-01
6.272534281015396118e-02
4.178154052945893260e-01
1.000000000000000000e+00
1.000000000000000000e+00
9.346904516911880290e-01
1.000000000000000000e+00
9.866627003615605629e-01
1.000000000000000000e+00
9.068981023020629140e-01
8.520540800388963776e-01
7.039170834920337461e-01
9.226822169646037297e-01
8.414641569267216070e-01
1.000000000000000000e+00
8.690465410828807080e-01
9.854156727933831572e-01
1.000000000000000000e+00
1.000000000000000000e+00
8.984274450563630721e-01
1.000000000000000000e+00
1.000000000000000000e+00
9.548799271808586786e-01
1.000000000000000000e+00
3.118285293994847440e-01
3.911679571305462511e-01
1.137508084389284768e+01
4.425852127925633539e-02
2.599998140335083030e-01
-3.773994371294975281e-02
4.598858578920361206e-01
1.000000000000000000e+00
8.248174075134023786e-01
1.000000000000000000e+00
1.000000000000000000e+00
9.109868919787587060e-01
9.597049671016292249e-01
8.206414845597070906e-01
8.233385997714118831e-01
5.167462195271894654e-01
8.935171089695032043e-01
9.055847651462329839e-01
1.000000000000000000e+00
8.605597912201629063e-01
1.000000000000000000e+00
1.000000000000000000e+00
9.946230750832134593e-01
8.474944893947264912e-01
9.933773948662825148e-01
9.549613920172211889e-01
8.611590475903497799e-01
1.000000000000000000e+00
3.969071630291403641e-01
5.046300475223228776e-01
1.134901179796866266e+01
4.478044716215379140e-02
2.599998760223388716e-01
1.571366935968399048e-02
7.552587294840120702e-01
1.000000000000000000e+00
1.000000000000000000e+00
1.000000000000000000e+00
8.646497899268776877e-01
9.333409131326237951e-01
9.434696918093878892e-01
9.245234759272101810e-01
5.785643635697385045e-01
5.990163071967555819e-01
8.995429343431028402e-01
8.546344398331521264e-01
1.000000000000000000e+00
9.752474828132723372e-01
9.864416292007288645e-01
1.000000000000000000e+00
9.948087431158538774e-01
8.223126011891752629e-01
9.109181970370200387e-01
1.000000000000000000e+00
9.795723722312053017e-01
1.000000000000000000e+00
6.580958440548879684e-01
5.996404104502829346e-01
1.131437197452957832e+01
3.931218681591941433e-02
2.599999690055847523e-01
8.042094111442565918e-02
5.480432405956568997e-01
1.000000000000000000e+00
1.000000000000000000e+00
8.300569966065252103e-01
1.000000000000000000e+00
1.000000000000000000e+00
1.000000000000000000e+00
1.000000000000000000e+00
5.779072633910645740e-01
6.749038777807171430e-01
8.912039500419951521e-01
9.735684013952538018e-01
9.546241263055631476e-01
1.000000000000000000e+00
8.425301316460052092e-01
9.805165205434460685e-01
1.000000000000000000e+00
9.405102883972400463e-01
9.012839709916511399e-01
8.281586472907631613e-01
8.785581542206717387e-01
9.399381808985726172e-01
6.630360544976466874e-01
5.682705757244722600e-01
1.128850946378026521e+01
3.119977621764835618e-02
2.599999690055847523e-01
8.482325822114944458e-02
7.543983527084140439e-01
1.000000000000000000e+00
1.000000000000000000e+00
1.000000000000000000e+00
1.000000000000000000e+00
1.000000000000000000e+00
8.902091123219809665e-01
7.774949160796981174e-01
6.859747134786557954e-01
7.772800431278561462e-01
8.034932133925531961e-01
8.652717925524439080e-01
9.918513777745554538e-01
8.259938495644757461e-01
1.000000000000000000e+00
1.000000000000000000e+00
9.576388975894263300e-01
8.798504929310053679e-01
9.466599974862647260e-01
9.952952028192419975e-01
9.594192762207872649e-01
1.000000000000000000e+00
5.134816736272479476e-01
2.896015390256193034e-01
1.125391737362463651e+01
2.321224525868581523e-02
2.599999690055847523e-01
3.543183952569961548e-02
7.720206664985189704e-01
1.000000000000000000e+00
9.908967789011884353e-01
1.000000000000000000e+00
9.825894771342275069e-01
8.634214575436407468e-01
1.000000000000000000e+00
9.378023646568810490e-01
5.413524813548775683e-01
6.748706561420327876e-01
7.081447968204642729e-01
1.000000000000000000e+00
1.000000000000000000e+00
9.585320350896989750e-01
1.000000000000000000e+00
8.367944178299643321e-01
1.000000000000000000e+00
8.709814136628454273e-01
1.000000000000000000e+00
9.259429385502430110e-01
8.389036198391022214e-01
8.577152191970157658e-01
6.110325803342553375e-01
5.050572529212812301e-01
1.122792219940028247e+01
2.013472610375943717e-02
2.599997210502624778e-01
3.446327149868011475e-02
9.071808700158149330e-01
9.476153920379016826e-01
1.000000000000000000e+00
1.000000000000000000e+00
9.800363240307229384e-01
1.000000000000000000e+00
1.000000000000000000e+00
7.774649311620557279e-01
7.467535416952953975e-01
6.598446509316195918e-01
7.905087141427494801e-01
1.000000000000000000e+00
8.403326861705970874e-01
8.760213112169938920e-01
8.865826905431479776e-01
8.653552941579485402e-01
1.000000000000000000e+00
9.981438203485536453e-01
1.000000000000000000e+00
1.000000000000000000e+00
9.224604072166606716e-01
9.484001257968432963e-01
4.622268692388386002e-01
5.957743438402497427e-01
1.120206232820744496e+01
1.610350281392092242e-02
2.599999380111694403e-01
4.238120093941688538e-02
1.000000000000000000e+00
1.000000000000000000e+00
1.000000000000000000e+00
8.248960902545662277e-01
1.000000000000000000e+00
1.000000000000000000e+00
1.000000000000000000e+00
6.964813797834300546e-01
6.451730103106333436e-01
4.799833432212701756e-01
5.924453653833963163e-01
1.000000000000000000e+00
1.000000000000000000e+00
1.000000000000000000e+00
1.000000000000000000e+00
1.000000000000000000e+00
9.656466664727348936e-01
8.764716018709154399e-01
1.000000000000000000e+00
1.000000000000000000e+00
1.000000000000000000e+00
8.232236960677192794e-01
4.313608313938869232e-01
5.974210128085315485e-01
1.117612376215516434e+01
1.067747687985676208e-02
2.599998760223388716e-01
7.809341698884963989e-02
8.466049606841693498e-01
1.000000000000000000e+00
1.000000000000000000e+00
9.967220396307064911e-01
9.060913804166171870e-01
1.000000000000000000e+00
1.000000000000000000e+00
6.001037228600365481e-01
6.010120220579645567e-01
4.925179780777732552e-01
7.895789655340367252e-01
8.267282694121874664e-01
1.000000000000000000e+00
1.000000000000000000e+00
1.000000000000000000e+00
1.000000000000000000e+00
9.697049544044860081e-01
1.000000000000000000e+00
8.736850841575408699e-01
1.000000000000000000e+00
1.000000000000000000e+00
1.000000000000000000e+00
6.676456441627843796e-01
5.128687630682756682e-01
1.114150632170597710e+01
-3.396053890560857269e-04
2.600000000000000089e-01
8.891458064317703247e-02
1.000000000000000000e+00
8.640384120616297903e-01
9.395444754546803390e-01
9.523130276976697894e-01
1.000000000000000000e+00
9.244432876752256556e-01
1.000000000000000000e+00
8.905330031170214378e-01
4.518365928642002483e-01
7.821408121639125133e-01
8.936770455637598198e-01
9.153815058058698551e-01
8.333015170663478077e-01
1.000000000000000000e+00
9.919149843066844552e-01
8.205039396621114367e-01
8.642834692737325630e-01
1.000000000000000000e+00
1.000000000000000000e+00
1.000000000000000000e+00
8.968011169141120176e-01
9.655249773966421145e-01
4.787185931773150216e-01
5.264449567843583200e-01
1.111565778674806459e+01
-1.082111042631161979e-02
2.599999690055847523e-01
1.263180673122406006e-01
8.763267906078439085e-01
8.261795226925503499e-01
1.000000000000000000e+00
1.000000000000000000e+00
1.000000000000000000e+00
1.000000000000000000e+00
1.000000000000000000e+00
6.594980634767241279e-01
4.631534234809705497e-01
4.891848774160753588e-01
8.091694042777329843e-01
8.777003109877308251e-01
8.939834366883282479e-01
1.000000000000000000e+00
8.229296808872342828e-01
9.333459654196774036e-01
1.000000000000000000e+00
8.377534343960355567e-01
1.000000000000000000e+00
8.463172231736624251e-01
8.396973492693995400e-01
8.535635195041558765e-01
4.368136435383386806e-01
5.529649930596062246e-01
1.108114470499049631e+01
-1.826526523152827153e-02
2.599997830390930464e-01
1.407720893621444702e-02
1.000000000000000000e+00
8.777562415906617899e-01
1.000000000000000000e+00
1.000000000000000000e+00
1.000000000000000000e+00
1.000000000000000000e+00
8.307431003686683857e-01
8.434700250618546447e-01
7.295217395330799715e-01
7.708882827465101117e-01
7.100069173023060287e-01
8.579165145987245333e-01
8.907336366087783563e-01
1.000000000000000000e+00
1.000000000000000000e+00
8.422872088413845271e-01
8.819148752999276253e-01
9.941445201271272847e-01
9.456583222619171503e-01
8.947171159865536794e-01
8.878435769706103375e-01
1.000000000000000000e+00
9.205117054613278782e-01
5.033719360473620785e-01
1.105514039107613122e+01
-2.378622916626227379e-02
2.599998140335083030e-01
7.481397688388824463e-02
8.232481131569668875e-01
1.000000000000000000e+00
9.491223939711230795e-01
9.619160689978240031e-01
8.928317468372485299e-01
1.000000000000000000e+00
1.000000000000000000e+00
6.515424340694631056e-01
5.419638549211193146e-01
8.246527704634346589e-01
6.067240823882066314e-01
9.578540821700646246e-01
9.348737682032387530e-01
9.283564782761374312e-01
8.677185149371894335e-01
8.637848161911992895e-01
9.026175270348886226e-01
9.530781291348391360e-01
1.000000000000000000e+00
1.000000000000000000e+00
8.500515577678270374e-01
1.000000000000000000e+00
1.000000000000000000e+00
2.854113602882069611e-01
1.102071046592655357e+01
-3.625915870429397003e-02
2.599999690055847523e-01
1.700285673141479492e-01
8.305379779465893453e-01
1.000000000000000000e+00
9.690257814581999529e-01
1.000000000000000000e+00
1.000000000000000000e+00
9.658125962316260749e-01
8.385781946439775369e-01
7.627422097437845938e-01
4.334248532176549484e-01
6.481814996923243033e-01
1.000000000000000000e+00
1.000000000000000000e+00
9.835539427557353775e-01
9.647092770259045880e-01
1.000000000000000000e+00
1.000000000000000000e+00
1.000000000000000000e+00
9.222436031441282323e-01
1.000000000000000000e+00
1.000000000000000000e+00
1.000000000000000000e+00
1.000000000000000000e+00
9.786867721550053245e-01
5.301443323884511560e-01
1.099507602002433515e+01
-4.815289070352646306e-02
2.599997830390930464e-01
8.844626694917678833e-02
9.237780730585404276e-01
9.631095981509805171e-01
1.000000000000000000e+00
1.000000000000000000e+00
1.000000000000000000e+00
1.000000000000000000e+00
9.442148062140588438e-01
4.962261248056933360e-01
4.720532702759576149e-01
6.249216159819136474e-01
1.000000000000000000e+00
1.000000000000000000e+00
1.000000000000000000e+00
1.000000000000000000e+00
1.000000000000000000e+00
8.820612726938816817e-01
1.000000000000000000e+00
9.344545873564581440e-01
8.893142950061950769e-01
1.000000000000000000e+00
1.000000000000000000e+00
8.425247862703280077e-01
9.981274402548498959e-01
4.309310816343214223e-01
1.096063861484984514e+01
-5.915138941748177004e-02
2.599999690055847523e-01
7.441943883895874023e-02
1.000000000000000000e+00
1.000000000000000000e+00
9.521277165474524296e-01
1.000000000000000000e+00
8.933381446706675222e-01
1.000000000000000000e+00
8.429320477268100742e-01
4.701129003802157480e-01
5.094570098270878589e-01
8.154272210097153195e-01
9.493728945201433955e-01
9.463925882236371434e-01
1.000000000000000000e+00
9.957286994846060724e-01
8.379348382413774887e-01
8.351171412965713303e-01
1.000000000000000000e+00
1.000000000000000000e+00
1.000000000000000000e+00
9.080768930220809443e-01
1.000000000000000000e+00
8.293566544997658108e-01
9.567916142662413748e-01
4.301503696344601835e-01
1.093472293416227537e+01
-6.724719962684488905e-02
2.599999380111694403e-01
8.802006393671035767e-02
8.282968682290413609e-01
8.715809811590859990e-01
1.000000000000000000e+00
1.000000000000000000e+00
1.000000000000000000e+00
1.000000000000000000e+00
7.878638493590469638e-01
6.016474525256790828e-01
7.015241697742923277e-01
5.802274843462467135e-01
1.000000000000000000e+00
1.000000000000000000e+00
1.000000000000000000e+00
9.025795256026005742e-01
1.000000000000000000e+00
8.666451525272682588e-01
9.760721539071326447e-01
1.000000000000000000e+00
8.327269022417903566e-01
1.000000000000000000e+00
1.000000000000000000e+00
8.378465795889117329e-01
8.539546996090570108e-01
5.777300718425030235e-01
1.090008861221312486e+01
-7.742161195952679265e-02
2.599998760223388716e-01
7.372185587882995605e-02
1.000000000000000000e+00
8.751178849287644113e-01
8.500527076042343477e-01
9.555257647938860677e-01
8.961064829771762108e-01
9.549448447429632614e-01
8.422687427379556002e-01
4.264838533708066870e-01
7.056931006499931325e-01
6.911801318565780061e-01
1.000000000000000000e+00
8.431346676705226972e-01
1.000000000000000000e+00
1.000000000000000000e+00
9.405413442098854437e-01
1.000000000000000000e+00
1.000000000000000000e+00
9.196509984005517557e-01
8.974955237892433546e-01
9.828116586323708548e-01
9.339149706045192234e-01
8.543358029177710034e-01
9.219133430642479921e-01
4.913540794822548463e-01
1.087429740023864611e+01
-8.693806237209056320e-02
2.599999690055847523e-01
9.660269320011138916e-02
1.000000000000000000e+00
1.000000000000000000e+00
1.000000000000000000e+00
1.000000000000000000e+00
9.444284206688131622e-01
1.000000000000000000e+00
7.824026590365533718e-01
4.117792371889640868e-01
6.775938359789671628e-01
8.015781851066413610e-01
9.622571369314721901e-01
9.902438118067580231e-01
1.000000000000000000e+00
9.463886636433889166e-01
8.633429951420167336e-01
8.537794336323812905e-01
9.113885670556427510e-01
8.298557661257301987e-01
1.000000000000000000e+00
1.000000000000000000e+00
9.730107471489678472e-01
1.000000000000000000e+00
1.000000000000000000e+00
5.762656191301868125e-01
1.084842818639469186e+01
-9.488131074822714339e-02
2.599999690055847523e-01
6.153183057904243469e-02
1.000000000000000000e+00
8.554768667452504749e-01
8.214982171394061838e-01
1.000000000000000000e+00
1.000000000000000000e+00
1.000000000000000000e+00
6.583368649401022399e-01
5.866048048024354866e-01
5.187676901722892975e-01
7.899148746277843136e-01
9.308424872776303038e-01
1.000000000000000000e+00
1.000000000000000000e+00
1.000000000000000000e+00
1.000000000000000000e+00
8.577817582886325676e-01
8.963383270923046542e-01
1.000000000000000000e+00
1.000000000000000000e+00
1.000000000000000000e+00
1.000000000000000000e+00
1.000000000000000000e+00
9.073527011314814761e-01
3.603214824223353596e-01
1.081421956668640405e+01
-1.085122004151863884e-01
2.599999380111694403e-01
1.830946207046508789e-01
1.000000000000000000e+00
9.534003465585971782e-01
1.000000000000000000e+00
8.796394980681588871e-01
1.000000000000000000e+00
1.000000000000000000e+00
7.318898898860159985e-01
4.821806242965146483e-01
4.893045910803942578e-01
7.137825374817128310e-01
1.000000000000000000e+00
9.895447693969732228e-01
9.211089795823944604e-01
9.402522482043457197e-01
8.985496132380959011e-01
1.000000000000000000e+00
1.000000000000000000e+00
8.588188585932757801e-01
1.000000000000000000e+00
1.000000000000000000e+00
1.000000000000000000e+00
8.436117302483959746e-01
1.000000000000000000e+00
3.437048418023397334e-01
1.078887310858622328e+01
-1.206402582644594546e-01
2.599999690055847523e-01
3.991322964429855347e-02
8.977712067411959262e-01
1.000000000000000000e+00
9.970864764536097047e-01
1.000000000000000000e+00
1.000000000000000000e+00
8.440170246831852907e-01
5.973669006584094721e-01
6.265959136051840739e-01
6.018954602481375593e-01
5.910716895141344684e-01
8.282446297472357832e-01
9.352606052191232422e-01
1.000000000000000000e+00
1.000000000000000000e+00
1.000000000000000000e+00
1.000000000000000000e+00
8.776685389823896122e-01
8.320211656239335785e-01
1.000000000000000000e+00
1.000000000000000000e+00
1.000000000000000000e+00
1.000000000000000000e+00
9.291578160705497025e-01
3.261153177721417551e-01
1.076318647888197511e+01
-1.267129269183415730e-01
2.599999690055847523e-01
5.263492837548255920e-02
1.000000000000000000e+00
8.440291929305560048e-01
8.908475408339390222e-01
1.000000000000000000e+00
8.839103518023697648e-01
7.424270414056470813e-01
6.096118639963626906e-01
3.940463678046580709e-01
5.616315035224632712e-01
6.956625724021806567e-01
8.637985867605814105e-01
1.000000000000000000e+00
8.571055592106350263e-01
9.271216183712815972e-01
1.000000000000000000e+00
1.000000000000000000e+00
1.000000000000000000e+00
1.000000000000000000e+00
1.000000000000000000e+00
1.000000000000000000e+00
9.392386633212053137e-01
9.123275873669872693e-01
1.000000000000000000e+00
4.339728561706130416e-01
1.072906938634540097e+01
-1.349141809855520791e-01
2.599999690055847523e-01
7.884456217288970947e-02
9.180592909080118602e-01
9.416416491824881607e-01
1.000000000000000000e+00
8.457007905150069060e-01
1.000000000000000000e+00
6.728352587936419216e-01
5.032758359466015241e-01
6.177407977024559349e-01
5.530141174522975600e-01
8.258124881658898131e-01
9.395050167524063855e-01
1.000000000000000000e+00
8.314456980022182364e-01
1.000000000000000000e+00
8.625499951174111501e-01
1.000000000000000000e+00
1.000000000000000000e+00
9.407399826914140117e-01
1.000000000000000000e+00
9.569727298575090302e-01
9.715394504861348812e-01
9.113800513047181084e-01
1.000000000000000000e+00
4.204357061849798849e-01
1.070335912710285875e+01
-1.420521023963674523e-01
2.599999380111694403e-01
7.413901388645172119e-02
8.590803478707556007e-01
1.000000000000000000e+00
1.000000000000000000e+00
9.067892211950517867e-01
1.000000000000000000e+00
7.477556145496280227e-01
4.320821065869880351e-01
3.515574627564771459e-01
5.280030622889686498e-01
8.706628400494329512e-01
8.627314637097207584e-01
8.884865789482664367e-01
1.000000000000000000e+00
1.000000000000000000e+00
8.384739275868839936e-01
9.005060605445568411e-01
1.000000000000000000e+00
8.576393932143810961e-01
9.679285498922608477e-01
8.209706605875067842e-01
8.962030314020081878e-01
1.000000000000000000e+00
8.626740573734615891e-01
3.558283669436969610e-01
1.066898896923377293e+01
-1.515189333695921015e-01
2.599999690055847523e-01
5.224002525210380554e-02
9.732714309103115413e-01
9.251701365441606928e-01
9.271980228505868338e-01
9.463821359998814131e-01
1.000000000000000000e+00
5.207749736665527873e-01
5.178720102184931617e-01
4.682612598480792032e-01
4.045153914175613208e-01
1.000000000000000000e+00
1.000000000000000000e+00
1.000000000000000000e+00
9.811100866685935618e-01
9.932235631729547931e-01
9.290411794888310260e-01
1.000000000000000000e+00
1.000000000000000000e+00
1.000000000000000000e+00
1.000000000000000000e+00
8.299138038973671305e-01
1.000000000000000000e+00
1.000000000000000000e+00
9.220854697099444275e-01
5.470044968092918625e-01
1.064334502185483267e+01
-1.569165274724579895e-01
2.599998760223388716e-01
4.438538849353790283e-02
1.000000000000000000e+00
1.000000000000000000e+00
8.898062028240361077e-01
9.216602004434167883e-01
1.000000000000000000e+00
5.203980715349045827e-01
4.496006478158947606e-01
4.821484161622541786e-01
7.249944392539272586e-01
9.112421003601619551e-01
1.000000000000000000e+00
9.092499095844894796e-01
9.335575993758390423e-01
9.155313104186072470e-01
1.000000000000000000e+00
1.000000000000000000e+00
1.000000000000000000e+00
8.249180463778437167e-01
1.000000000000000000e+00
8.821934515627313234e-01
8.734013773041081619e-01
1.000000000000000000e+00
1.000000000000000000e+00
5.059056636576642063e-01
1.061777660800442646e+01
-1.614873485069630021e-01
2.599999690055847523e-01
5.462505295872688293e-02
1.000000000000000000e+00
1.000000000000000000e+00
8.970587197245399880e-01
9.628063181361042888e-01
9.398407794571930207e-01
6.295984323636106827e-01
4.838751870699428137e-01
5.981530293262087294e-01
6.089029918376464012e-01
1.000000000000000000e+00
8.576489755971999918e-01
8.923379515977722942e-01
1.000000000000000000e+00
9.451095857385595211e-01
1.000000000000000000e+00
1.000000000000000000e+00
1.000000000000000000e+00
9.542811240272740525e-01
1.000000000000000000e+00
9.935519264065150180e-01
1.000000000000000000e+00
9.544194927576141740e-01
1.000000000000000000e+00
8.443331601672600106e-01
1.058367655696849319e+01
-1.673315987061259058e-01
2.599999690055847523e-01
3.147594630718231201e-02
1.000000000000000000e+00
9.267092817182039921e-01
1.000000000000000000e+00
1.000000000000000000e+00
1.000000000000000000e+00
6.977370031244518600e-01
6.342123168503268626e-01
3.516982083142218274e-01
5.967141844156609309e-01
8.892760812446499630e-01
1.000000000000000000e+00
8.643212195617326898e-01
8.467131808613681532e-01
1.000000000000000000e+00
8.578379633412108740e-01
1.000000000000000000e+00
9.541036132586071528e-01
8.301948355599443330e-01
9.992561035373179745e-01
1.000000000000000000e+00
8.987692305399546111e-01
8.543233128268422627e-01
8.332250216585854741e-01
1.000000000000000000e+00
1.055812233478650874e+01
-1.783189255789321415e-01
2.600000000000000089e-01
1.504427045583724976e-01
1.000000000000000000e+00
1.000000000000000000e+00
1.000000000000000000e+00
1.000000000000000000e+00
1.000000000000000000e+00
5.508249213834365277e-01
6.385305225737604173e-01
5.383795979035775892e-01
7.395902700417952280e-01
8.958934577158383927e-01
8.709049101745947041e-01
1.000000000000000000e+00
1.000000000000000000e+00
1.000000000000000000e+00
9.121713562220354898e-01
1.000000000000000000e+00
9.751718658433790043e-01
1.000000000000000000e+00
8.235426391734297358e-01
8.308980914468072632e-01
1.000000000000000000e+00
9.026314614465437147e-01
8.321376485432494530e-01
1.000000000000000000e+00
1.052431951359912610e+01
-1.924107492199764735e-01
2.599999690055847523e-01
5.792208388447761536e-02
1.000000000000000000e+00
9.315401369636796547e-01
1.000000000000000000e+00
8.477588320584009685e-01
8.489798255782742276e-01
5.476265408979694715e-01
6.479716458510166310e-01
5.682426332711683070e-01
7.388211243496564107e-01
9.837830034060726092e-01
1.000000000000000000e+00
9.183572481254632658e-01
8.601471154951220166e-01
1.000000000000000000e+00
9.997966028595782761e-01
1.000000000000000000e+00
1.000000000000000000e+00
1.000000000000000000e+00
9.777795042608377063e-01
1.000000000000000000e+00
9.702556308292423770e-01
1.000000000000000000e+00
9.715914303735324609e-01
1.000000000000000000e+00
1.049880801448400547e+01
-1.946825425969875845e-01
2.600000000000000089e-01
3.184483852237462997e-03
9.731599875280664280e-01
1.000000000000000000e+00
8.436472171727423808e-01
1.000000000000000000e+00
8.482933345268106606e-01
3.526405567387851936e-01
5.386129728075452761e-01
4.800240887650740196e-01
4.934006297745340275e-01
9.556267288170321450e-01
1.000000000000000000e+00
8.669383382648165881e-01
1.000000000000000000e+00
1.000000000000000000e+00
9.378035452338796540e-01
1.000000000000000000e+00
9.445106934106407559e-01
1.000000000000000000e+00
1.000000000000000000e+00
1.000000000000000000e+00
1.000000000000000000e+00
1.000000000000000000e+00
8.479782808349635159e-01
9.466599899865555390e-01
1.046459924680167752e+01
-2.002654361919131709e-01
2.600000000000000089e-01
7.385608553886413574e-02
1.000000000000000000e+00
8.453490535132663908e-01
9.839095502521438830e-01
8.805386853063581487e-01
6.991246489481885984e-01
3.756717996729624365e-01
5.657293142118576812e-01
3.347992390217447989e-01
6.897114935551115211e-01
1.000000000000000000e+00
1.000000000000000000e+00
8.531442454059083857e-01
9.059884764418615344e-01
1.000000000000000000e+00
9.125769094974577333e-01
1.000000000000000000e+00
9.721451140020211934e-01
1.000000000000000000e+00
1.000000000000000000e+00
1.000000000000000000e+00
1.000000000000000000e+00
1.000000000000000000e+00
8.364893157120464329e-01
1.000000000000000000e+00
1.043936393948040653e+01
-2.108291765556740138e-01
2.599999690055847523e-01
1.220420002937316895e-01
1.000000000000000000e+00
8.906624839710746144e-01
1.000000000000000000e+00
1.000000000000000000e+00
7.083197949180254360e-01
4.148668156292373843e-01
5.882679535095901580e-01
6.872621214220041574e-01
5.074481246975490745e-01
9.130586382230024833e-01
9.106007495918629902e-01
1.000000000000000000e+00
9.903590392348368132e-01
1.000000000000000000e+00
1.000000000000000000e+00
1.000000000000000000e+00
1.000000000000000000e+00
1.000000000000000000e+00
1.000000000000000000e+00
1.000000000000000000e+00
8.270451364960613727e-01
9.940448361544922395e-01
8.986300393029337252e-01
1.000000000000000000e+00
1.040576795344253824e+01
-2.269302483390980285e-01
2.599999380111694403e-01
1.205474287271499634e-01
8.562905984183509789e-01
9.544845881899393092e-01
1.000000000000000000e+00
9.285860118553959097e-01
4.568142081388610332e-01
6.106556606843882573e-01
5.004999389215366579e-01
3.353857630072723528e-01
1.000000000000000000e+00
1.000000000000000000e+00
9.056934392100028930e-01
8.330777391432342416e-01
8.468660521284910869e-01
8.934757117900009593e-01
9.736928897706744745e-01
9.517026271075003097e-01
1.000000000000000000e+00
1.000000000000000000e+00
1.000000000000000000e+00
9.762189411671879924e-01
8.761679895460373624e-01
1.000000000000000000e+00
9.695624200662525949e-01
8.973656403292558092e-01
1.038045874803748703e+01
-2.360267478784736639e-01
2.600000000000000089e-01
7.029260694980621338e-02
9.673187417281836620e-01
1.000000000000000000e+00
8.789786144292720538e-01
9.788215174609715685e-01
6.008460880516118818e-01
5.909012056745084340e-01
6.206691570279193604e-01
5.601941982029295941e-01
1.000000000000000000e+00
8.702008135816898804e-01
9.386974638771256041e-01
8.761857393704228780e-01
1.000000000000000000e+00
8.291246175954439801e-01
1.000000000000000000e+00
8.443591477467288220e-01
9.473305608039533920e-01
9.365892578212851038e-01
9.153216937009125420e-01
1.000000000000000000e+00
1.000000000000000000e+00
9.911043393348938357e-01
1.000000000000000000e+00
1.000000000000000000e+00
1.034700095857403568e+01
-2.472129391295521117e-01
2.599998450279236151e-01
7.589817047119140625e-02
8.255248893973549107e-01
9.376344647627264939e-01
8.434972229345440997e-01
9.809363209683112927e-01
4.414614614888630606e-01
3.325054114126255178e-01
2.870362860627511670e-01
4.951063314107687630e-01
8.211345299159517053e-01
8.806870875499275275e-01
1.000000000000000000e+00
8.426583816755235379e-01
1.000000000000000000e+00
9.409664584740540239e-01
8.892579073863264849e-01
9.823860473096074353e-01
9.197362147084353623e-01
1.000000000000000000e+00
1.000000000000000000e+00
9.510377500505475812e-01
1.000000000000000000e+00
8.312662557637243710e-01
1.000000000000000000e+00
1.000000000000000000e+00
1.032183702432067918e+01
-2.474192367814800342e-01
2.599999690055847523e-01
-4.481706768274307251e-02
1.000000000000000000e+00
1.000000000000000000e+00
1.000000000000000000e+00
9.298127444617492188e-01
4.526397719565156685e-01
5.067659671643556241e-01
3.038253113168377650e-01
5.251858270151313901e-01
1.000000000000000000e+00
9.852062917982448154e-01
9.971870549302099818e-01
1.000000000000000000e+00
1.000000000000000000e+00
1.000000000000000000e+00
1.000000000000000000e+00
1.000000000000000000e+00
9.069598597710302190e-01
9.214273379045901935e-01
1.000000000000000000e+00
1.000000000000000000e+00
9.239312079483272822e-01
1.000000000000000000e+00
1.000000000000000000e+00
1.000000000000000000e+00
1.029654684154035849e+01
-2.467769998431204037e-01
2.599999380111694403e-01
1.153601780533790588e-01
1.000000000000000000e+00
1.000000000000000000e+00
1.000000000000000000e+00
9.910471958807901549e-01
3.913589114853551765e-01
3.530820219797788373e-01
4.784133121334446792e-01
4.873566108370916417e-01
9.078602490460090380e-01
1.000000000000000000e+00
1.000000000000000000e+00
9.459126999656991552e-01
1.000000000000000000e+00
9.841245706961994077e-01
1.000000000000000000e+00
9.866893477365304976e-01
1.000000000000000000e+00
1.000000000000000000e+00
1.000000000000000000e+00
8.658523170287946158e-01
8.498895334756565445e-01
1.000000000000000000e+00
1.000000000000000000e+00
1.000000000000000000e+00
1.026284488064621847e+01
-2.625573310329265553e-01
2.600000000000000089e-01
1.050904393196105957e-01
8.904859897380038580e-01
1.000000000000000000e+00
9.296923468496449683e-01
6.629853920092875219e-01
3.287324813049043448e-01
4.670094287187911419e-01
5.537330706615224418e-01
5.537886658005115592e-01
8.662903320543315910e-01
8.839214736901117586e-01
1.000000000000000000e+00
8.499388590364048701e-01
1.000000000000000000e+00
1.000000000000000000e+00
1.000000000000000000e+00
8.567455439580475840e-01
9.864356039567753198e-01
1.000000000000000000e+00
8.206252601408703384e-01
1.000000000000000000e+00
9.894569811754480027e-01
1.000000000000000000e+00
9.900710221828104007e-01
8.677362115799871489e-01
1.023793182523180967e+01
-2.730877790099794922e-01
2.600000000000000089e-01
9.466446936130523682e-02
9.923417087501239520e-01
8.683985228919646193e-01
9.380252443647666416e-01
3.894771971237162567e-01
2.346459026478291410e-01
2.872152412642079988e-01
4.987731343689454921e-01
5.565767610637062379e-01
9.383881960763397201e-01
1.000000000000000000e+00
9.905447795574081615e-01
1.000000000000000000e+00
8.857832392455472492e-01
1.000000000000000000e+00
1.000000000000000000e+00
1.000000000000000000e+00
1.000000000000000000e+00
1.000000000000000000e+00
9.000798394471045683e-01
1.000000000000000000e+00
1.000000000000000000e+00
1.000000000000000000e+00
8.755327411556806938e-01
9.253297737891628127e-01
1.020475106731031190e+01
-2.802635774893400544e-01
2.600000000000000089e-01
3.358881548047065735e-02
9.541749955825850060e-01
8.986400353908727823e-01
1.000000000000000000e+00
2.718666322706271843e-01
3.695931145595867662e-01
4.801716626196022020e-01
4.520445981847786565e-01
3.705122645246011759e-01
8.317669255086250768e-01
8.637429995170572417e-01
1.000000000000000000e+00
1.000000000000000000e+00
8.507338948415865687e-01
1.000000000000000000e+00
8.644879752013011620e-01
8.958857346034724278e-01
8.543583820668162465e-01
1.000000000000000000e+00
1.000000000000000000e+00
1.000000000000000000e+00
9.789146297524491391e-01
1.000000000000000000e+00
9.277294007110541418e-01
1.000000000000000000e+00
1.017972569080919776e+01
-2.856012026232637169e-01
2.599999380111694403e-01
5.514895170927047729e-02
9.057994574345393790e-01
8.681533197830335613e-01
1.000000000000000000e+00
3.256341969508849132e-01
4.770685981174204171e-01
3.709561826460943124e-01
4.164431234682026139e-01
5.890317846332211449e-01
1.000000000000000000e+00
9.674359258582038157e-01
1.000000000000000000e+00
9.820016029178406658e-01
9.717893546425308005e-01
8.588734500090309254e-01
9.839731146687851204e-01
1.000000000000000000e+00
9.830857753744768335e-01
9.601928064469753554e-01
1.000000000000000000e+00
8.304144573793951212e-01
1.000000000000000000e+00
1.000000000000000000e+00
1.000000000000000000e+00
8.395379621715867158e-01
1.015481334055978024e+01
-2.938946321211566293e-01
2.599998450279236151e-01
8.693258464336395264e-02
9.297448705245540124e-01
8.544456793722655652e-01
1.000000000000000000e+00
2.133111630509464673e-01
3.448550453983391106e-01
3.490744546616805222e-01
5.858921282727875823e-01
1.000000000000000000e+00
9.678475209083767794e-01
9.919358739695037785e-01
9.382507784640979898e-01
1.000000000000000000e+00
9.024303383308999171e-01
9.937163420510464196e-01
9.293093602161847100e-01
1.000000000000000000e+00
1.000000000000000000e+00
9.008208435145789172e-01
1.000000000000000000e+00
9.734783888831606280e-01
1.000000000000000000e+00
8.364804375846407458e-01
1.000000000000000000e+00
8.481809924865332251e-01
1.012189978317083394e+01
-2.997113260483228458e-01
2.600000000000000089e-01
1.891435123980045319e-02
8.904925259204689025e-01
1.000000000000000000e+00
9.598005853818045718e-01
2.966072586051839433e-01
4.277508747476245765e-01
4.144483061233798504e-01
5.330715339342871895e-01
1.000000000000000000e+00
1.000000000000000000e+00
9.227195336696779604e-01
1.000000000000000000e+00
1.000000000000000000e+00
1.000000000000000000e+00
9.345100014984912828e-01
1.000000000000000000e+00
1.000000000000000000e+00
1.000000000000000000e+00
9.644205810586043981e-01
1.000000000000000000e+00
9.976724919563998428e-01
1.000000000000000000e+00
1.000000000000000000e+00
1.000000000000000000e+00
1.000000000000000000e+00
1.009704285681254810e+01
-3.006560833356752838e-01
2.600000000000000089e-01
-5.575108807533979416e-03
1.000000000000000000e+00
9.818186092008556187e-01
8.466225798851415574e-01
3.076245688187858041e-01
2.387875237721614197e-01
4.293335516971656385e-01
5.016338113113745223e-01
1.000000000000000000e+00
8.992127773731297680e-01
9.887673251056737778e-01
9.669945578874398207e-01
1.000000000000000000e+00
8.661689019214288132e-01
8.888653301105783333e-01
9.403371015338967132e-01
8.699287890819470404e-01
1.000000000000000000e+00
9.880083073250661707e-01
1.000000000000000000e+00
9.742755816174675232e-01
9.018386585067524885e-01
8.643214638177922904e-01
9.305368966533145159e-01
1.000000000000000000e+00
1.007212999681819454e+01
-3.017314446996635091e-01
2.600000000000000089e-01
7.537586148828268051e-03
1.000000000000000000e+00
9.003615218108320661e-01
8.230674331775210684e-01
3.143066062733076982e-01
2.235146119416320798e-01
3.756418580180319045e-01
3.250750997432111378e-01
1.000000000000000000e+00
9.270467631886344373e-01
1.000000000000000000e+00
1.000000000000000000e+00
9.918248287614365166e-01
9.129558113607615377e-01
8.553951461036428672e-01
8.358042387974180532e-01
8.812343466292824612e-01
1.000000000000000000e+00
1.000000000000000000e+00
8.744655769092576358e-01
9.473016962547040620e-01
8.323480944970688133e-01
9.577597894933261857e-01
9.072258519544923461e-01
9.864240178091565614e-01
1.004739652180591492e+01
-3.035008699594032855e-01
2.600000000000000089e-01
1.513861212879419327e-02
1.000000000000000000e+00
8.561929002891134344e-01
6.504144603024174520e-01
2.170230075559117233e-01
5.001425844233041706e-01
5.386481096922158818e-01
6.119484713795311226e-01
8.415301327742802373e-01
1.000000000000000000e+00
1.000000000000000000e+00
1.000000000000000000e+00
8.772049423010462865e-01
9.546205535616534288e-01
1.000000000000000000e+00
1.000000000000000000e+00
8.892604260537895211e-01
9.822207131957068071e-01
1.000000000000000000e+00
1.000000000000000000e+00
1.000000000000000000e+00
1.000000000000000000e+00
1.000000000000000000e+00
1.000000000000000000e+00
9.653518190696025458e-01
1.001425631820143991e+01
-3.078722983657495860e-01
2.600000000000000089e-01
3.849220648407936096e-02
8.932989659133375726e-01
9.182981478632995520e-01
3.902533946038194701e-01
5.358183815130618255e-01
4.267822343202123392e-01
4.017437546669472281e-01
5.648735975754844985e-01
1.000000000000000000e+00
8.206206199516173916e-01
1.000000000000000000e+00
1.000000000000000000e+00
9.572670734600542408e-01
1.000000000000000000e+00
1.000000000000000000e+00
1.000000000000000000e+00
1.000000000000000000e+00
1.000000000000000000e+00
9.963744723971341699e-01
1.000000000000000000e+00
8.981115863482054262e-01
1.000000000000000000e+00
1.000000000000000000e+00
1.000000000000000000e+00
1.000000000000000000e+00
9.981169316003887459e+00
-3.078307389422811902e-01
2.600000000000000089e-01
-4.213789850473403931e-02
1.000000000000000000e+00
9.505902100623346840e-01
2.659446875280158662e-01
3.380752052839435251e-01
5.489841328144201560e-01
5.376092183320686502e-01
2.737556436823585515e-01
8.971699864865619878e-01
1.000000000000000000e+00
1.000000000000000000e+00
9.229520477117125754e-01
8.905787082223869389e-01
1.000000000000000000e+00
1.000000000000000000e+00
9.620065075292354440e-01
1.000000000000000000e+00
1.000000000000000000e+00
9.215052613314803631e-01
1.000000000000000000e+00
9.769781662220543561e-01
1.000000000000000000e+00
8.288580274664915093e-01
1.000000000000000000e+00
1.000000000000000000e+00
9.956360540321446351e+00
-3.046466516848287398e-01
2.600000000000000089e-01
-4.022045060992240906e-02
9.517183397770997422e-01
9.872571536138838866e-01
3.274077220367583863e-01
3.394693391589757026e-01
3.847583125623276201e-01
5.497332711954265871e-01
4.860364075521239613e-01
1.000000000000000000e+00
9.709774299103971495e-01
9.499707269349115801e-01
1.000000000000000000e+00
1.000000000000000000e+00
1.000000000000000000e+00
1.000000000000000000e+00
8.548399022808850223e-01
1.000000000000000000e+00
1.000000000000000000e+00
1.000000000000000000e+00
1.000000000000000000e+00
1.000000000000000000e+00
8.751069260284297657e-01
8.229916028865854605e-01
9.738627723142917469e-01
1.000000000000000000e+00
9.923395563434052491e+00
-2.973765176007758804e-01
2.600000000000000089e-01
-6.923263520002365112e-02
9.170784470138013678e-01
1.000000000000000000e+00
4.590960922204065375e-01
3.209571453724512913e-01
3.374592847416085228e-01
2.689897788934864087e-01
4.830292442441393441e-01
1.000000000000000000e+00
9.992998016707532738e-01
1.000000000000000000e+00
8.592817065451313630e-01
1.000000000000000000e+00
9.985432505708787820e-01
9.446431893565313542e-01
8.780381809713881935e-01
9.499605442464421623e-01
1.000000000000000000e+00
1.000000000000000000e+00
8.774578325307719195e-01
9.416987888510875981e-01
1.000000000000000000e+00
8.513901272188825198e-01
9.119544973748672234e-01
9.160353809515123791e-01
9.898447612944314855e+00
-2.920036972940915909e-01
2.600000000000000089e-01
-5.542385205626487732e-02
8.553331111218688276e-01
8.410154760325222467e-01
4.831247337648549300e-01
4.310631039108002160e-01
2.801716285639833104e-01
4.756742887614746063e-01
4.490443357017622761e-01
9.536729767142889669e-01
8.378545345847893122e-01
9.873544671982730225e-01
9.619178371870621413e-01
8.854183582673030850e-01
1.000000000000000000e+00
8.570491954962973224e-01
9.068009166967151424e-01
8.879679511772133882e-01
1.000000000000000000e+00
9.712478973062782517e-01
9.331983049708886258e-01
9.460328353091599363e-01
9.662424450942656007e-01
8.529132638457730398e-01
9.370024792049994611e-01
1.000000000000000000e+00
9.873410130185602540e+00
-2.875220389409247623e-01
2.600000000000000089e-01
-4.760456830263137817e-02
8.534700793874847591e-01
8.382834585478929901e-01
4.874664477146214425e-01
5.406896076788092476e-01
2.572087031576109073e-01
4.731792193157158266e-01
4.728061373801030198e-01
1.000000000000000000e+00
1.000000000000000000e+00
1.000000000000000000e+00
9.154055239160389101e-01
1.000000000000000000e+00
1.000000000000000000e+00
1.000000000000000000e+00
9.416078050565845903e-01
1.000000000000000000e+00
8.656004222537231341e-01
8.449158406960990408e-01
9.824574989286138926e-01
1.000000000000000000e+00
8.801616641150269427e-01
8.522683567139633931e-01
9.712675779770363338e-01
9.439831706689368884e-01
9.840103564865110286e+00
-2.835974451932918861e-01
2.599999690055847523e-01
-2.134950459003448486e-02
8.954490387836511189e-01
1.000000000000000000e+00
3.943676716641787983e-01
3.702131502643414840e-01
2.989610133489115640e-01
5.331964987071059481e-01
2.819449438022428867e-01
1.000000000000000000e+00
9.564561907281045050e-01
1.000000000000000000e+00
1.000000000000000000e+00
9.455954441553376943e-01
1.000000000000000000e+00
9.805563921431958985e-01
1.000000000000000000e+00
1.000000000000000000e+00
9.778696658629834060e-01
1.000000000000000000e+00
8.267370467367739506e-01
1.000000000000000000e+00
8.456115820929019922e-01
1.000000000000000000e+00
8.585061446349547820e-01
9.342841472854710450e-01
9.815165311935000858e+00
-2.824781474685740257e-01
2.600000000000000089e-01
-1.408975757658481598e-02
9.506677818939069935e-01
1.894691746915768138e-01
2.657683089518699249e-01
4.970489467337527167e-01
4.685521924488710299e-01
5.626453986996604595e-01
3.463872744794792569e-01
8.916499384001586037e-01
1.000000000000000000e+00
9.885061631197731291e-01
8.853245154193742916e-01
1.000000000000000000e+00
1.000000000000000000e+00
1.000000000000000000e+00
8.787855918578115766e-01
8.596982244509047133e-01
8.814747773866121738e-01
9.172876138333520002e-01
8.454330241180757488e-01
8.291884185667586227e-01
9.469542453492730827e-01
8.212453685879277376e-01
9.272866395297043596e-01
1.000000000000000000e+00
9.781827745076366654e+00
-2.785838853501698686e-01
2.600000000000000089e-01
-5.824539437890052795e-02
1.000000000000000000e+00
4.531572223881825678e-01
1.778913869554687166e-01
4.739297674270780969e-01
3.656461085576920289e-01
3.418726134211830803e-01
5.354608378676847247e-01
8.205784941367874064e-01
1.000000000000000000e+00
1.000000000000000000e+00
1.000000000000000000e+00
1.000000000000000000e+00
9.030034201618460932e-01
8.440607659321631706e-01
8.258464163357398524e-01
1.000000000000000000e+00
8.332338970539815426e-01
1.000000000000000000e+00
9.480456969269618339e-01
1.000000000000000000e+00
9.103412588758541535e-01
8.549475350087807346e-01
1.000000000000000000e+00
8.365718938070634270e-01
9.756781531146881292e+00
-2.790908620537062568e-01
2.600000000000000089e-01
4.113974049687385559e-02
1.000000000000000000e+00
2.972024537295154256e-01
3.387022583407966470e-01
4.382397005335511575e-01
5.331720760537554948e-01
4.068859587047644055e-01
5.735255410928445929e-01
8.237525877710373257e-01
9.570348222795178605e-01
1.000000000000000000e+00
1.000000000000000000e+00
8.441155594717127952e-01
1.000000000000000000e+00
1.000000000000000000e+00
8.523673857204092652e-01
1.000000000000000000e+00
1.000000000000000000e+00
9.646625751160738949e-01
1.000000000000000000e+00
1.000000000000000000e+00
9.452687297554234203e-01
9.830181802970222593e-01
9.593453472707258456e-01
1.000000000000000000e+00
9.731921276449005731e+00
-2.830851977579333933e-01
2.599999690055847523e-01
2.369647845625877380e-02
9.814202441149516565e-01
5.256775530835646748e-01
2.554630940817639861e-01
5.254981020027816863e-01
4.183735627370531729e-01
3.900966978448857647e-01
1.000000000000000000e+00
1.000000000000000000e+00
9.604054518979276978e-01
9.590040996322783950e-01
8.290984946034802849e-01
1.000000000000000000e+00
9.757672793703472403e-01
1.000000000000000000e+00
1.000000000000000000e+00
8.626385971382989348e-01
1.000000000000000000e+00
1.000000000000000000e+00
1.000000000000000000e+00
1.000000000000000000e+00
8.781159891557051012e-01
1.000000000000000000e+00
9.864053171067066472e-01
8.358613412732047721e-01
9.690234079646590004e+00
-2.883735884290863360e-01
2.599999690055847523e-01
2.816152013838291168e-02
1.000000000000000000e+00
2.082529502788817155e-01
5.124916997140961383e-01
3.687246744606899607e-01
2.322556659499265541e-01
4.970948328187593246e-01
8.478243975954816714e-01
1.000000000000000000e+00
1.000000000000000000e+00
1.000000000000000000e+00
8.465636480861354896e-01
8.217808401289616871e-01
8.493231416162279057e-01
1.000000000000000000e+00
9.269313768007387822e-01
1.000000000000000000e+00
1.000000000000000000e+00
1.000000000000000000e+00
1.000000000000000000e+00
1.000000000000000000e+00
1.000000000000000000e+00
1.000000000000000000e+00
1.000000000000000000e+00
1.000000000000000000e+00
9.657024451433207091e+00
-2.922457200768362462e-01
2.600000000000000089e-01
-4.976010695099830627e-02
5.383748530463512427e-01
5.006956754702217571e-01
2.978373760461432984e-01
4.165786244562458829e-01
3.399149229984092524e-01
2.857438808443762968e-01
9.689624998549845047e-01
9.168756126013545282e-01
9.005188173165953325e-01
1.000000000000000000e+00
9.686236167024444565e-01
9.882252290218114243e-01
8.235829991921691517e-01
1.000000000000000000e+00
8.799234821070033297e-01
8.437293100027926096e-01
1.000000000000000000e+00
8.879710697126971253e-01
8.827593729760697672e-01
8.818546773597816246e-01
1.000000000000000000e+00
1.000000000000000000e+00
8.573517887663412163e-01
9.565569541814750165e-01
9.632213190753065035e+00
-2.917520550216283759e-01
2.599996280670165971e-01
1.273393072187900543e-02
4.490737643534726264e-01
3.525901912314222675e-01
4.795835577009753270e-01
4.738029308552115237e-01
2.976557290458970995e-01
2.641163003708137391e-01
9.009161046368141523e-01
8.612825734046826165e-01
8.264122971103960991e-01
1.000000000000000000e+00
1.000000000000000000e+00
1.000000000000000000e+00
8.244759624922791685e-01
1.000000000000000000e+00
1.000000000000000000e+00
8.860076796943904265e-01
1.000000000000000000e+00
1.000000000000000000e+00
1.000000000000000000e+00
9.034168547978007613e-01
9.720746022140025477e-01
1.000000000000000000e+00
8.757512814792703937e-01
1.000000000000000000e+00
9.599089826394232361e+00
-2.932102850184929999e-01
2.599999070167541837e-01
-2.928864210844039917e-03
4.117902836048792925e-01
4.759391556954452041e-01
5.149507661818951698e-01
3.715071683100041322e-01
3.608970343754889787e-01
4.911705094102907787e-01
9.134621476626344494e-01
9.065008376938854529e-01
8.956961745768967642e-01
9.011503681385173437e-01
1.000000000000000000e+00
9.271626692459562502e-01
1.000000000000000000e+00
1.000000000000000000e+00
9.619142366872898142e-01
9.185585428482706538e-01
1.000000000000000000e+00
1.000000000000000000e+00
1.000000000000000000e+00
9.929202567017656467e-01
1.000000000000000000e+00
9.293003901090447494e-01
8.918463270287222411e-01
8.759539435653692641e-01
9.574136332117433312e+00
-2.952804125883794484e-01
2.599998760223388716e-01
2.047208324074745178e-02
2.099847227553195139e-01
4.235460037559160562e-01
3.890712741014604181e-01
1.967234822041595277e-01
3.800507957464379083e-01
3.323653602026025999e-01
8.338496482812004507e-01
9.288497909806905373e-01
8.856632595396339847e-01
1.000000000000000000e+00
1.000000000000000000e+00
8.951267300331305909e-01
9.653212964867751156e-01
1.000000000000000000e+00
1.000000000000000000e+00
1.000000000000000000e+00
1.000000000000000000e+00
8.997429736652874377e-01
8.555996385019194461e-01
1.000000000000000000e+00
9.840293985580570446e-01
9.208383301732913084e-01
1.000000000000000000e+00
1.000000000000000000e+00
9.549307348066111700e+00
-2.957620121265076563e-01
2.599999380111694403e-01
-2.922660484910011292e-02
1.757092816920280409e-01
3.157797078443663752e-01
1.862390121020067180e-01
3.352696895181632164e-01
3.200276169679047156e-01
2.500242894919132430e-01
1.000000000000000000e+00
9.756662098963817531e-01
9.542349940863348312e-01
8.787980960837948885e-01
8.961955140044812751e-01
1.000000000000000000e+00
8.257042817249677924e-01
1.000000000000000000e+00
1.000000000000000000e+00
1.000000000000000000e+00
1.000000000000000000e+00
1.000000000000000000e+00
1.000000000000000000e+00
8.488724621750787236e-01
1.000000000000000000e+00
1.000000000000000000e+00
1.000000000000000000e+00
9.482305414185134840e-01
9.516043794366737529e+00
-2.988456060417035154e-01
2.600000000000000089e-01
8.135613054037094116e-02
1.906876849813712582e-01
2.168176065131717234e-01
2.393572811412852386e-01
1.708586569934696375e-01
3.028746666265059728e-01
9.518561145821787806e-01
1.000000000000000000e+00
1.000000000000000000e+00
1.000000000000000000e+00
9.204846444258413252e-01
1.000000000000000000e+00
1.000000000000000000e+00
1.000000000000000000e+00
8.916086230124513623e-01
9.194210307828293294e-01
8.463428814135109945e-01
1.000000000000000000e+00
1.000000000000000000e+00
9.927913229613218871e-01
9.572232683350840876e-01
8.498060642374536400e-01
1.000000000000000000e+00
9.192216717293538730e-01
9.386778924056116136e-01
9.491255344629481172e+00
-3.119953974097140481e-01
2.600000000000000089e-01
1.607639640569686890e-01
2.639483553939175886e-01
2.018762674474925134e-01
5.137313330021632263e-01
2.173492296464061835e-01
2.336672560056647641e-01
9.428247865745623679e-01
1.000000000000000000e+00
9.274722130292608613e-01
9.113905143891304350e-01
9.423161920438921646e-01
1.000000000000000000e+00
1.000000000000000000e+00
9.888979245365130399e-01
9.749645911700201006e-01
1.000000000000000000e+00
9.234967778564212582e-01
9.545745131916399950e-01
1.000000000000000000e+00
9.748051265335995197e-01
1.000000000000000000e+00
9.204846853686149410e-01
1.000000000000000000e+00
9.863382000877997102e-01
1.000000000000000000e+00
9.458546849857535577e+00
-3.322913624971408630e-01
2.599996590614319092e-01
1.051850765943527222e-01
2.295471782314538467e-01
3.177715856900978908e-01
4.100801310557675161e-01
5.038012789539715319e-01
5.078784461008812867e-01
9.060982508458561568e-01
9.938230661531675114e-01
1.000000000000000000e+00
1.000000000000000000e+00
1.000000000000000000e+00
8.746801313006468126e-01
1.000000000000000000e+00
1.000000000000000000e+00
1.000000000000000000e+00
1.000000000000000000e+00
1.000000000000000000e+00
1.000000000000000000e+00
1.000000000000000000e+00
9.234831172498122465e-01
9.186580100302581542e-01
1.000000000000000000e+00
1.000000000000000000e+00
1.000000000000000000e+00
1.000000000000000000e+00
9.434147679455646696e+00
-3.394305673797641809e-01
2.599992561340331854e-01
3.773664310574531555e-02
4.253967231189945131e-01
1.983850999470166410e-01
4.871985692699440373e-01
4.893740847976357222e-01
4.746716400916023981e-01
1.000000000000000000e+00
1.000000000000000000e+00
1.000000000000000000e+00
8.481033580966725882e-01
9.576543202458972504e-01
8.259909931415005957e-01
1.000000000000000000e+00
9.417177493497638219e-01
1.000000000000000000e+00
9.537664871661241106e-01
8.728881076310699427e-01
1.000000000000000000e+00
9.074143831838455965e-01
8.211498019620269151e-01
8.995147755689035796e-01
1.000000000000000000e+00
1.000000000000000000e+00
1.000000000000000000e+00
9.458869262785698506e-01
9.409671990674775444e+00
-3.446963400133107314e-01
2.599998450279236151e-01
-4.374745488166809082e-02
3.230447356929633806e-01
2.785898081395917214e-01
3.195734710985816962e-01
1.995797058428631365e-01
2.564282849957695842e-01
9.694042309041365213e-01
9.426105034336380584e-01
9.553512359879373639e-01
8.896226884160258752e-01
8.539350498833776504e-01
1.000000000000000000e+00
8.572486185259277081e-01
8.533409537914465881e-01
1.000000000000000000e+00
8.516736637569355395e-01
8.833613274795822923e-01
1.000000000000000000e+00
9.232182918367142221e-01
8.436678069812392211e-01
1.000000000000000000e+00
8.467628093660536370e-01
9.825912415124771204e-01
1.000000000000000000e+00
8.359076895922414874e-01
9.376957141224997017e+00
-3.393039056826849809e-01
2.599976134300232000e-01
-6.333571672439575195e-02
3.844586343382472293e-01
1.591912650183788247e-01
3.198422016352839847e-01
1.676611813421249875e-01
2.266223760741123971e-01
1.000000000000000000e+00
1.000000000000000000e+00
9.002786559446487313e-01
1.000000000000000000e+00
9.898993333430313735e-01
1.000000000000000000e+00
1.000000000000000000e+00
9.092604063662754754e-01
1.000000000000000000e+00
9.856345532820126598e-01
9.502746416393301754e-01
1.000000000000000000e+00
1.000000000000000000e+00
9.765044547305211653e-01
9.276414721099367489e-01
1.000000000000000000e+00
1.000000000000000000e+00
9.160004615642000081e-01
1.000000000000000000e+00
9.352541464867721643e+00
-3.365538200310624894e-01
2.599990081787109664e-01
-5.002820864319801331e-03
3.786028107542009358e-01
3.662490579016354220e-01
2.845378057418661011e-01
1.715056932495963582e-01
1.000000000000000000e+00
1.000000000000000000e+00
1.000000000000000000e+00
1.000000000000000000e+00
8.723789180932600695e-01
8.367214764045545206e-01
9.241435095071984795e-01
1.000000000000000000e+00
8.378298441765090754e-01
1.000000000000000000e+00
1.000000000000000000e+00
9.340657012414806948e-01
1.000000000000000000e+00
8.699352759554717096e-01
1.000000000000000000e+00
1.000000000000000000e+00
1.000000000000000000e+00
1.000000000000000000e+00
8.316016760631214089e-01
9.258351030913410940e-01
9.319751091560004141e+00
-3.407772933787445169e-01
2.599995350837707719e-01
3.393056988716125488e-02
3.970119121521751282e-01
2.887928911413907285e-01
3.841920678810219481e-01
2.865003256932164843e-01
8.488598118135696202e-01
1.000000000000000000e+00
9.044603984529336893e-01
1.000000000000000000e+00
1.000000000000000000e+00
1.000000000000000000e+00
1.000000000000000000e+00
1.000000000000000000e+00
9.489676886034413839e-01
1.000000000000000000e+00
9.406963015683204032e-01
1.000000000000000000e+00
8.298282087760500136e-01
8.785642805418097945e-01
8.252105584112016112e-01
1.000000000000000000e+00
1.000000000000000000e+00
9.149768298558250690e-01
1.000000000000000000e+00
9.759747082620080505e-01
9.295173041214214393e+00
-3.359422799353448674e-01
2.599999690055847523e-01
-8.711873739957809448e-02
5.095826431746145468e-01
2.920458223851914448e-01
2.048911492074230734e-01
1.826950945391594694e-01
1.000000000000000000e+00
1.000000000000000000e+00
1.000000000000000000e+00
8.571462338559107108e-01
9.240015337508165061e-01
1.000000000000000000e+00
8.274216653030109780e-01
9.378251826791330625e-01
8.309318340259901348e-01
9.575252708240807875e-01
1.000000000000000000e+00
8.821432676972044140e-01
1.000000000000000000e+00
8.274233299983431156e-01
9.189480613135430076e-01
9.883078834705292248e-01
1.000000000000000000e+00
1.000000000000000000e+00
1.000000000000000000e+00
1.000000000000000000e+00
9.270482120177222285e+00
-3.283786097657324099e-01
2.599996280670165971e-01
-8.539947867393493652e-02
4.801077535482797809e-01
5.042098459290362822e-01
3.907623392017822161e-01
4.894671450005935731e-01
9.954409895420125443e-01
1.000000000000000000e+00
9.491503122014258720e-01
1.000000000000000000e+00
1.000000000000000000e+00
1.000000000000000000e+00
1.000000000000000000e+00
1.000000000000000000e+00
9.973006135815555284e-01
9.989707325601450139e-01
9.172679233061007409e-01
9.940246640190325556e-01
8.343418163580065272e-01
1.000000000000000000e+00
1.000000000000000000e+00
1.000000000000000000e+00
8.400276268127903068e-01
1.000000000000000000e+00
9.291779687184523739e-01
9.921174224913248407e-01
9.237771165028521025e+00
-3.192235512514209894e-01
2.599998450279236151e-01
-6.797159463167190552e-02
2.273119401608127421e-01
3.715076729868204142e-01
1.684224268284704451e-01
4.267916218037446918e-01
1.000000000000000000e+00
1.000000000000000000e+00
1.000000000000000000e+00
1.000000000000000000e+00
8.374137685358478134e-01
1.000000000000000000e+00
8.841927751873314145e-01
9.238486612446760171e-01
1.000000000000000000e+00
1.000000000000000000e+00
9.358788798941178877e-01
8.809652125468170336e-01
9.568980345840051305e-01
1.000000000000000000e+00
8.964770862531166173e-01
9.930225194312836123e-01
8.775520819193699529e-01
1.000000000000000000e+00
1.000000000000000000e+00
9.149828999027065368e-01
9.212965468262273916e+00
-3.086579409757534975e-01
2.599998760223388716e-01
-1.387942433357238770e-01
4.867284581335601934e-01
4.896721160058015720e-01
3.814107822148943283e-01
2.992060870558588825e-01
8.683757166265353433e-01
1.000000000000000000e+00
9.018878286518036136e-01
1.000000000000000000e+00
1.000000000000000000e+00
8.294840086888137787e-01
8.998938694738412014e-01
9.378362252758459805e-01
9.833748729764685281e-01
1.000000000000000000e+00
1.000000000000000000e+00
1.000000000000000000e+00
1.000000000000000000e+00
8.420337158116654175e-01
9.767444865270663579e-01
8.213303321158562653e-01
1.000000000000000000e+00
8.684885306439044106e-01
9.002126594534319848e-01
1.000000000000000000e+00
9.179737465143222863e+00
-2.948316491488869318e-01
2.599999380111694403e-01
-8.586981892585754395e-02
2.231982715319768273e-01
1.809787430086080284e-01
1.498232786310993991e-01
4.499551367916403422e-01
1.000000000000000000e+00
9.042993159655627888e-01
9.270748042096185193e-01
1.000000000000000000e+00
8.615138787102096796e-01
9.214606378158537447e-01
8.553144920417741215e-01
9.907193553113243789e-01
9.262903222074131415e-01
9.778199046552923379e-01
8.784142205941719572e-01
1.000000000000000000e+00
8.525954537987130433e-01
1.000000000000000000e+00
8.796872616606936646e-01
9.145412052668798752e-01
1.000000000000000000e+00
1.000000000000000000e+00
9.029423611450646536e-01
8.429234876681795940e-01
9.154811022528884124e+00
-2.857530003242518823e-01
2.599999690055847523e-01
-1.137556284666061401e-01
4.471697278877839188e-01
2.711492876199164126e-01
3.207425825950875331e-01
4.204667161018090793e-01
8.241080365403440355e-01
9.910884404043925899e-01
9.279994774278682579e-01
1.000000000000000000e+00
1.000000000000000000e+00
1.000000000000000000e+00
1.000000000000000000e+00
8.493751276615580936e-01
8.864994488414147389e-01
1.000000000000000000e+00
1.000000000000000000e+00
9.971339140132418066e-01
1.000000000000000000e+00
9.189347734164965420e-01
8.480989931458348119e-01
9.955111005761716481e-01
1.000000000000000000e+00
8.942268504480077596e-01
8.398160255532701735e-01
8.206976885347171402e-01
9.129882263504621065e+00
-2.804853119279733242e-01
2.600000000000000089e-01
-3.240967541933059692e-02
1.504579857308728508e-01
4.771132101149585525e-01
4.154584781306948638e-01
4.906634960602670459e-01
9.075380524778348112e-01
8.978405835941769553e-01
8.885679621410872420e-01
8.438293680790149853e-01
9.204280863596910889e-01
8.458491367801265204e-01
1.000000000000000000e+00
1.000000000000000000e+00
9.031812414952310464e-01
8.309973351462948132e-01
8.692151766557285608e-01
1.000000000000000000e+00
8.315837828313297209e-01
1.000000000000000000e+00
1.000000000000000000e+00
1.000000000000000000e+00
9.028939144789708271e-01
1.000000000000000000e+00
1.000000000000000000e+00
1.000000000000000000e+00
9.104792678646544957e+00
-2.738564972759207627e-01
2.599999690055847523e-01
-1.084231212735176086e-01
4.735745420821275142e-01
1.529818247218792393e-01
1.982722824797157612e-01
4.562598705928744280e-01
9.787077560787650343e-01
1.000000000000000000e+00
1.000000000000000000e+00
9.250163818620305012e-01
8.992973068469124476e-01
8.516044594757967712e-01
9.618739547556849345e-01
8.213223404535165972e-01
1.000000000000000000e+00
1.000000000000000000e+00
8.970279088269534906e-01
1.000000000000000000e+00
1.000000000000000000e+00
9.372254478324680838e-01
1.000000000000000000e+00
9.314663679368401228e-01
8.602369721890005261e-01
9.152219348198337157e-01
1.000000000000000000e+00
8.824121189105950114e-01
9.071056211826929783e+00
-2.620687693308965116e-01
2.599989771842956543e-01
-8.972252160310745239e-02
2.479662220349023449e-01
1.926303893028452896e-01
2.918363914157356409e-01
9.221022224878848705e-01
1.000000000000000000e+00
9.622834909241916312e-01
9.956357483116674567e-01
1.000000000000000000e+00
1.000000000000000000e+00
1.000000000000000000e+00
9.668289551929615255e-01
9.358435236832713944e-01
1.000000000000000000e+00
1.000000000000000000e+00
1.000000000000000000e+00
9.160842637695655322e-01
8.430933837477809778e-01
8.489294370919101551e-01
1.000000000000000000e+00
1.000000000000000000e+00
8.980578943696125860e-01
8.843841725371763829e-01
1.000000000000000000e+00
1.000000000000000000e+00
9.046003367105218018e+00
-2.543292957795779685e-01
2.599999690055847523e-01
-7.494393736124038696e-02
2.227627453527278034e-01
2.913805497035876213e-01
3.514908658542109099e-01
1.000000000000000000e+00
9.722644381738815289e-01
8.445339863813957626e-01
1.000000000000000000e+00
8.262704248520369443e-01
1.000000000000000000e+00
1.000000000000000000e+00
1.000000000000000000e+00
1.000000000000000000e+00
8.468691558891320303e-01
8.782613791906274114e-01
9.503743222245224498e-01
9.163747974041955846e-01
1.000000000000000000e+00
8.235241377233949445e-01
9.466958693682412385e-01
1.000000000000000000e+00
1.000000000000000000e+00
8.537862628557612021e-01
1.000000000000000000e+00
9.306856642689828041e-01
9.012416376712240051e+00
-2.429895948101794545e-01
2.599997830390930464e-01
-1.019993051886558533e-01
1.608386063452090231e-01
4.631473391880276957e-01
4.115800259737968925e-01
1.000000000000000000e+00
1.000000000000000000e+00
8.759046984644044409e-01
1.000000000000000000e+00
1.000000000000000000e+00
1.000000000000000000e+00
9.083700626533007805e-01
1.000000000000000000e+00
9.475038547227240260e-01
1.000000000000000000e+00
8.771931141147355504e-01
8.561199116443718449e-01
1.000000000000000000e+00
1.000000000000000000e+00
8.933424841513512016e-01
1.000000000000000000e+00
9.620600251276510972e-01
1.000000000000000000e+00
9.471064231769014130e-01
1.000000000000000000e+00
1.000000000000000000e+00
8.987036067610620904e+00
-2.330742916324615166e-01
2.599995970726013406e-01
-1.088953539729118347e-01
1.879311183747656711e-01
3.317150055996357927e-01
3.376164394799205937e-01
1.000000000000000000e+00
8.352797139383926206e-01
9.755598302242773912e-01
9.741466019618693073e-01
1.000000000000000000e+00
9.257134770764056109e-01
1.000000000000000000e+00
1.000000000000000000e+00
1.000000000000000000e+00
1.000000000000000000e+00
1.000000000000000000e+00
9.533424450249426974e-01
9.372429500447638784e-01
8.775229587906648865e-01
1.000000000000000000e+00
8.956992066484331660e-01
1.000000000000000000e+00
1.000000000000000000e+00
8.660858246844124197e-01
8.948889571608692473e-01
1.000000000000000000e+00
8.961657241329689327e+00
-2.238019567701585721e-01
2.599995660781860285e-01
-1.026733517646789551e-01
2.241461133312935838e-01
4.405872460907617194e-01
2.481008633617640680e-01
1.000000000000000000e+00
8.240114048101141453e-01
9.697106106835323702e-01
8.519119931073199092e-01
8.823215303222371464e-01
9.159613168130514849e-01
9.327514736092482606e-01
8.570313759271452891e-01
8.948644308321954677e-01
1.000000000000000000e+00
9.637639077819007971e-01
8.302381791913140408e-01
8.234721815503569520e-01
1.000000000000000000e+00
1.000000000000000000e+00
9.951229191947231767e-01
8.574379885678256041e-01
8.769494009726145345e-01
9.797442618663180225e-01
9.346197964785284418e-01
9.864636456834450229e-01
8.927873583973706673e+00
-2.089048730377989216e-01
2.599992251396179288e-01
-1.236625313758850098e-01
4.954930570225585806e-01
2.765272896856020846e-01
2.733149333092359523e-01
1.000000000000000000e+00
9.990853977051514789e-01
8.270120838677046393e-01
1.000000000000000000e+00
1.000000000000000000e+00
1.000000000000000000e+00
7.778495144580398479e-01
8.753627310195492006e-01
1.000000000000000000e+00
1.000000000000000000e+00
9.341182094423967630e-01
8.431913995683055774e-01
9.472003408322968721e-01
1.000000000000000000e+00
8.676555367346229231e-01
1.000000000000000000e+00
1.000000000000000000e+00
9.329495190802485904e-01
1.000000000000000000e+00
9.373014942709974040e-01
1.000000000000000000e+00
8.902307969472710525e+00
-1.991706204608676423e-01
2.599998140335083030e-01
-8.462487906217575073e-02
3.418649199225360369e-01
2.846701109302662847e-01
3.206458360019034948e-01
8.802466115826451665e-01
1.000000000000000000e+00
9.827249064558488678e-01
1.000000000000000000e+00
8.540598760636186615e-01
8.398288049223472385e-01
8.853412923620259667e-01
1.000000000000000000e+00
9.117901854380342508e-01
9.996357240011890521e-01
9.944196257104197523e-01
8.329050442702656820e-01
8.657501318172252658e-01
9.081332936604500361e-01
1.000000000000000000e+00
1.000000000000000000e+00
1.000000000000000000e+00
8.426381196267284102e-01
1.000000000000000000e+00
1.000000000000000000e+00
9.478889456276027303e-01
8.868084211997352639e+00
-1.897234050326299659e-01
2.599999070167541837e-01
-7.944421470165252686e-02
1.363038868911094492e-01
3.145829492804111949e-01
3.591195819707125314e-01
9.775003317640982292e-01
1.000000000000000000e+00
1.000000000000000000e+00
8.770860898833549024e-01
8.205963881243418800e-01
1.000000000000000000e+00
9.532889083422864118e-01
1.000000000000000000e+00
1.000000000000000000e+00
9.367575112126548253e-01
8.484705638887827250e-01
9.935362229612564322e-01
9.576480926996556731e-01
1.000000000000000000e+00
8.200740014148912849e-01
1.000000000000000000e+00
9.594012433324158318e-01
9.132374431320954278e-01
1.000000000000000000e+00
8.934075919971495860e-01
1.000000000000000000e+00
8.842504718521352558e+00
-1.828143726216535647e-01
2.599995350837707719e-01
-7.255084067583084106e-02
4.272580332558016947e-01
1.879872657057871099e-01
2.296380512431352439e-01
8.884174582967327982e-01
9.518582548051343073e-01
9.632648693104182147e-01
8.845362453261019775e-01
8.322075509134393423e-01
8.917593774636002335e-01
9.516171684518559548e-01
8.836069243407095319e-01
8.603324536036195402e-01
1.000000000000000000e+00
1.000000000000000000e+00
9.942694267290183019e-01
9.547771212758007220e-01
9.576802647942868063e-01
8.239567393050213351e-01
1.000000000000000000e+00
1.000000000000000000e+00
9.487139822997547878e-01
9.689076584231040012e-01
1.000000000000000000e+00
9.510858433092045372e-01
8.808441838249153832e+00
-1.747974741542552835e-01
2.599999070167541837e-01
-4.415778443217277527e-02
3.876831545689901071e-01
1.514263091039806941e-01
4.792283127973628321e-01
9.062398857376990913e-01
9.465566801655278528e-01
1.000000000000000000e+00
1.000000000000000000e+00
1.000000000000000000e+00
1.000000000000000000e+00
8.053119458529353070e-01
9.780626724450574017e-01
8.916213287927442499e-01
1.000000000000000000e+00
1.000000000000000000e+00
1.000000000000000000e+00
8.374335970043802480e-01
1.000000000000000000e+00
9.994742872963732205e-01
1.000000000000000000e+00
9.292008252185203210e-01
1.000000000000000000e+00
1.000000000000000000e+00
9.453307662915800824e-01
1.000000000000000000e+00
8.782841534439857156e+00
-1.706042203895035136e-01
2.600000000000000089e-01
-5.313366279006004333e-02
4.564656862958150207e-01
4.161863352525266846e-01
5.376430084861224534e-01
9.555606748905743908e-01
1.000000000000000000e+00
9.423453468340604600e-01
1.000000000000000000e+00
9.319146758847310918e-01
9.462748640463660710e-01
9.683373167766292644e-01
8.647178020864878523e-01
8.479262986052183981e-01
9.447498750179743610e-01
8.299568416791001102e-01
8.368067727798337296e-01
9.473153997972864060e-01
1.000000000000000000e+00
9.265601308057381802e-01
1.000000000000000000e+00
1.000000000000000000e+00
1.000000000000000000e+00
9.256566716150145258e-01
8.339511942715317483e-01
9.573895272825315717e-01
8.739982241792683126e+00
-1.640504186804685460e-01
2.599997830390930464e-01
-4.353924468159675598e-02
2.401012621839640204e-01
3.748283461724937760e-01
3.461068853033773540e-01
8.429972016042702743e-01
9.290895717024808542e-01
8.855215798733980792e-01
8.292110429969051788e-01
9.203759400847720817e-01
8.250646389106662815e-01
1.000000000000000000e+00
1.000000000000000000e+00
1.000000000000000000e+00
9.575040549193026829e-01
8.909328071448767705e-01
9.754247985037898250e-01
9.998230461848329753e-01
1.000000000000000000e+00
1.000000000000000000e+00
9.681816239726985795e-01
8.386211713159773540e-01
9.007433504046843398e-01
8.317757222833933595e-01
9.461842464106994255e-01
1.000000000000000000e+00
8.705823711973097900e+00
-1.555628047306174544e-01
2.599991011619567916e-01
-6.651256978511810303e-02
2.275037124598427163e-01
3.491258469728020231e-01
4.914785636769734012e-01
1.000000000000000000e+00
1.000000000000000000e+00
1.000000000000000000e+00
1.000000000000000000e+00
1.000000000000000000e+00
1.000000000000000000e+00
8.843074372142055717e-01
1.000000000000000000e+00
1.000000000000000000e+00
8.354427829739525802e-01
1.000000000000000000e+00
9.300982342166493888e-01
9.755300324095388387e-01
9.874358619475509524e-01
1.000000000000000000e+00
8.709390316081577765e-01
9.270466643397909934e-01
1.000000000000000000e+00
1.000000000000000000e+00
9.357162874750468706e-01
9.002401963544891528e-01
8.680136964205276584e+00
-1.488140210272530517e-01
2.599999690055847523e-01
-8.049284666776657104e-02
3.056146125849675266e-01
4.547973125506766245e-01
4.790399575368051166e-01
1.000000000000000000e+00
1.000000000000000000e+00
9.193075687719896028e-01
8.331345566274747094e-01
9.911177351542114211e-01
8.585613342451762220e-01
9.381699015312704448e-01
9.538806728775846011e-01
1.000000000000000000e+00
1.000000000000000000e+00
8.474634539372624120e-01
1.000000000000000000e+00
1.000000000000000000e+00
9.618440760610147411e-01
9.035080808532934826e-01
9.898300439914652360e-01
1.000000000000000000e+00
1.000000000000000000e+00
1.000000000000000000e+00
1.000000000000000000e+00
1.000000000000000000e+00
8.654374174538567388e+00
-1.439512844434980288e-01
2.599995660781860285e-01
-4.714069142937660217e-02
3.721644849480661987e-01
3.986307541361202023e-01
8.820513633366772188e-01
1.000000000000000000e+00
9.491471807986184839e-01
8.653246443509713393e-01
1.000000000000000000e+00
1.000000000000000000e+00
1.000000000000000000e+00
9.540675154374499423e-01
7.771366863337684228e-01
9.311061768555936036e-01
1.000000000000000000e+00
1.000000000000000000e+00
9.976617389557537185e-01
8.621178200750643228e-01
9.692867186480214059e-01
8.472083762931286177e-01
1.000000000000000000e+00
1.000000000000000000e+00
1.000000000000000000e+00
1.000000000000000000e+00
1.000000000000000000e+00
8.634779731018411564e-01
8.628621090968019658e+00
-1.399611060444132526e-01
2.599998450279236151e-01
-3.724467381834983826e-02
1.728317423879297821e-01
2.727567825752624242e-01
9.413085916483999727e-01
9.438535030822527983e-01
9.539337411881916307e-01
1.000000000000000000e+00
9.155908040855802454e-01
9.579486116296094256e-01
1.000000000000000000e+00
8.066463006820789872e-01
8.291995505426376090e-01
8.511445512107403966e-01
9.872298346761189114e-01
1.000000000000000000e+00
1.000000000000000000e+00
9.248739285017337775e-01
1.000000000000000000e+00
1.000000000000000000e+00
9.574720212219668403e-01
8.508579405275197294e-01
1.000000000000000000e+00
1.000000000000000000e+00
8.776831685836337105e-01
8.944756695270503766e-01
8.594389560643573844e+00
-1.372755370875506920e-01
2.599991631507873602e-01
-1.491766190156340599e-03
4.180518093118367751e-01
4.951049699870248566e-01
8.420696201699443550e-01
9.848401758950414697e-01
1.000000000000000000e+00
1.000000000000000000e+00
9.674320727704424083e-01
9.001339489174465802e-01
9.855998617160565134e-01
8.303417209392286447e-01
1.000000000000000000e+00
1.000000000000000000e+00
9.438141950871418162e-01
9.000927388751149838e-01
1.000000000000000000e+00
1.000000000000000000e+00
1.000000000000000000e+00
9.812577715234319653e-01
9.190708591831295848e-01
9.085591538716348836e-01
9.179270342841313601e-01
1.000000000000000000e+00
1.000000000000000000e+00
1.000000000000000000e+00
8.568689432241228587e+00
-1.375230504070317217e-01
2.599990701675415350e-01
-8.545986376702785492e-03
4.011297859615507444e-01
3.764123659634451280e-01
1.000000000000000000e+00
1.000000000000000000e+00
8.527339731706728987e-01
1.000000000000000000e+00
9.681567056144937400e-01
9.082654914308732064e-01
1.000000000000000000e+00
8.885441357194068246e-01
9.710439365261657185e-01
1.000000000000000000e+00
1.000000000000000000e+00
1.000000000000000000e+00
9.988928480407428534e-01
9.912316400415155382e-01
1.000000000000000000e+00
1.000000000000000000e+00
1.000000000000000000e+00
8.750599347662504357e-01
1.000000000000000000e+00
8.810642020616658021e-01
9.137589521624306377e-01
1.000000000000000000e+00
8.542896129060075339e+00
-1.361638828114890565e-01
2.599995040893554599e-01
-2.801970578730106354e-02
3.710989669311495764e-01
3.986653907435652733e-01
9.153473483597139859e-01
9.068470206923667787e-01
1.000000000000000000e+00
1.000000000000000000e+00
1.000000000000000000e+00
1.000000000000000000e+00
9.573246413194527182e-01
7.105743133639771392e-01
8.484257468671548841e-01
9.507775637190446494e-01
9.781731894944830641e-01
9.093109971991749640e-01
9.318358569117698442e-01
9.019611057240305430e-01
8.741083628104125980e-01
9.610586271542176373e-01
9.710176595998127880e-01
9.226526092695150894e-01
1.000000000000000000e+00
1.000000000000000000e+00
1.000000000000000000e+00
1.000000000000000000e+00
8.508361848112517833e+00
-1.309378862255066167e-01
2.599995970726013406e-01
-4.402461275458335876e-02
2.082851668228937470e-01
5.572495416057892115e-01
9.102567601851936363e-01
1.000000000000000000e+00
1.000000000000000000e+00
8.541834665002269178e-01
9.377729271447312609e-01
8.847848579324310014e-01
8.168968171198639494e-01
7.610733575521538841e-01
7.834554482228230921e-01
1.000000000000000000e+00
1.000000000000000000e+00
1.000000000000000000e+00
9.486721648948359675e-01
1.000000000000000000e+00
1.000000000000000000e+00
8.408993956672394798e-01
8.758351147957954552e-01
1.000000000000000000e+00
1.000000000000000000e+00
1.000000000000000000e+00
1.000000000000000000e+00
1.000000000000000000e+00
8.482537751119082259e+00
-1.312307995188937149e-01
2.599989151954650857e-01
4.871058836579322815e-02
2.758128862552497451e-01
3.276494439046586105e-01
1.000000000000000000e+00
9.679315708751613512e-01
9.711860894181126858e-01
9.925698760711174629e-01
9.335956503605481460e-01
8.481282525699535002e-01
8.301863175689497831e-01
8.866802953448694735e-01
1.000000000000000000e+00
1.000000000000000000e+00
1.000000000000000000e+00
8.971310001391286093e-01
1.000000000000000000e+00
1.000000000000000000e+00
1.000000000000000000e+00
8.907975023162200134e-01
1.000000000000000000e+00
1.000000000000000000e+00
1.000000000000000000e+00
9.265494942385207322e-01
9.707174876202699920e-01
1.000000000000000000e+00
8.448339975043216654e+00
-1.393698650106265369e-01
2.599993801116943226e-01
5.391195043921470642e-02
3.273375813368734621e-01
5.979621556337423316e-01
8.416493547631168637e-01
9.647214673163030385e-01
1.000000000000000000e+00
1.000000000000000000e+00
8.226643617269969733e-01
1.000000000000000000e+00
7.909169360233024859e-01
9.229259583511694176e-01
9.609727309353200964e-01
1.000000000000000000e+00
9.723000519510142103e-01
1.000000000000000000e+00
9.273827666122091973e-01
1.000000000000000000e+00
9.749910845591924780e-01
1.000000000000000000e+00
1.000000000000000000e+00
9.186451681779826961e-01
8.530541148969084109e-01
9.374712493541296210e-01
1.000000000000000000e+00
1.000000000000000000e+00
8.422476361026266289e+00
-1.402051938394084374e-01
2.599990391731262229e-01
-1.897846348583698273e-02
4.156591702710915048e-01
4.019992291760806635e-01
1.000000000000000000e+00
9.183920870802139147e-01
1.000000000000000000e+00
9.087763772875957491e-01
1.000000000000000000e+00
8.670642520255149588e-01
1.000000000000000000e+00
8.298034859760452520e-01
9.851737954236661210e-01
8.657868689546813767e-01
1.000000000000000000e+00
8.830145667652059549e-01
8.570197187811003925e-01
1.000000000000000000e+00
1.000000000000000000e+00
8.889977842281451270e-01
1.000000000000000000e+00
9.661216837426843673e-01
9.629060823673870617e-01
1.000000000000000000e+00
1.000000000000000000e+00
1.000000000000000000e+00
8.388233393340883026e+00
-1.378261093562871409e-01
2.599997830390930464e-01
-1.720015145838260651e-02
3.343962859521840136e-01
6.966819837068908283e-01
9.078250045503610810e-01
1.000000000000000000e+00
1.000000000000000000e+00
1.000000000000000000e+00
1.000000000000000000e+00
1.000000000000000000e+00
1.000000000000000000e+00
6.308050501356358142e-01
9.477548834881711626e-01
1.000000000000000000e+00
8.876396853953895105e-01
1.000000000000000000e+00
9.467795879528237979e-01
9.128265140842529712e-01
1.000000000000000000e+00
8.826224938710297563e-01
8.908502381835338158e-01
8.767260632204108006e-01
1.000000000000000000e+00
9.821673143773352876e-01
9.742153074812467395e-01
1.000000000000000000e+00
8.362517458624171951e+00
-1.366649677309306199e-01
2.599991321563721036e-01
-2.121126651763916016e-02
5.141859211519259620e-01
1.000000000000000000e+00
8.308687846807595312e-01
9.584134799931014470e-01
9.735840918817635359e-01
9.883526625610924432e-01
8.469637000769904001e-01
9.040861245809497238e-01
7.334642680870041564e-01
8.519858862448322911e-01
8.354436930737889622e-01
8.423970841744033988e-01
1.000000000000000000e+00
1.000000000000000000e+00
1.000000000000000000e+00
8.209080355987981026e-01
9.950350656995693432e-01
1.000000000000000000e+00
9.134941067663613357e-01
1.000000000000000000e+00
1.000000000000000000e+00
8.912439795278095378e-01
1.000000000000000000e+00
8.393572571479667177e-01
8.327961518396204355e+00
-1.374340665350182178e-01
2.599994421005248912e-01
2.141780592501163483e-02
2.332719805763547871e-01
9.104851248490588578e-01
9.412814065535751729e-01
9.970422218672521097e-01
8.702753155459663770e-01
1.000000000000000000e+00
9.242835285099995080e-01
9.240274054950491367e-01
7.643495454150853741e-01
9.369538120819009830e-01
7.227507754837846354e-01
9.383452169044508295e-01
1.000000000000000000e+00
1.000000000000000000e+00
8.345427594673410221e-01
8.758845615608281676e-01
8.338405092484524328e-01
9.207079917366758348e-01
9.531804380013053635e-01
1.000000000000000000e+00
9.739108942539689284e-01
1.000000000000000000e+00
1.000000000000000000e+00
8.299768484285551251e-01
8.302307501957649549e+00
-1.409819136848819987e-01
2.599999070167541837e-01
5.529447272419929504e-02
4.005748930164963473e-01
1.000000000000000000e+00
1.000000000000000000e+00
9.428540638060002310e-01
9.548323481301000948e-01
1.000000000000000000e+00
9.051987731437888263e-01
1.000000000000000000e+00
1.000000000000000000e+00
8.632892087713032181e-01
7.482968417001670813e-01
1.000000000000000000e+00
8.851572503160475280e-01
9.849573758583982652e-01
1.000000000000000000e+00
1.000000000000000000e+00
1.000000000000000000e+00
9.780012909907548346e-01
9.355472188605649109e-01
9.542663902128344366e-01
1.000000000000000000e+00
1.000000000000000000e+00
1.000000000000000000e+00
1.000000000000000000e+00
8.268214313347860056e+00
-1.471241129685787463e-01
2.599996590614319092e-01
2.313272282481193542e-02
5.889821216062800513e-01
1.000000000000000000e+00
1.000000000000000000e+00
1.000000000000000000e+00
1.000000000000000000e+00
1.000000000000000000e+00
9.779163046207052234e-01
9.503084305751687832e-01
7.329064879378163200e-01
6.515275112718809103e-01
7.509706345564640673e-01
9.176040578976897288e-01
9.297595064296592104e-01
9.530323315849724697e-01
1.000000000000000000e+00
1.000000000000000000e+00
9.055209089290291447e-01
1.000000000000000000e+00
9.564683835308741555e-01
1.000000000000000000e+00
1.000000000000000000e+00
8.944300138335069539e-01
1.000000000000000000e+00
8.358305351952276530e-01
8.242508608904296707e+00
-1.496601474185803582e-01
2.599999380111694403e-01
1.281631272286176682e-02
3.504253448073194055e-01
8.625816505636768605e-01
8.720789245822582192e-01
1.000000000000000000e+00
9.799260547484676120e-01
8.600680290933346850e-01
9.697850954425454306e-01
8.499540664601773488e-01
7.072161348936957248e-01
7.105056136410254908e-01
7.957603715660134247e-01
1.000000000000000000e+00
8.820223488669701739e-01
9.697035756241491056e-01
1.000000000000000000e+00
1.000000000000000000e+00
1.000000000000000000e+00
1.000000000000000000e+00
1.000000000000000000e+00
8.612224099390864973e-01
9.886393519642625582e-01
8.340542397218667636e-01
1.000000000000000000e+00
1.000000000000000000e+00
8.216967581918108721e+00
-1.533819365782442823e-01
2.599998760223388716e-01
9.978736191987991333e-02
3.748949757369838265e-01
9.699467323831887366e-01
1.000000000000000000e+00
1.000000000000000000e+00
8.320129686693810145e-01
9.778549227128012777e-01
1.000000000000000000e+00
1.000000000000000000e+00
7.194230627587689941e-01
8.409449616981099496e-01
7.650561400022805048e-01
9.536751693021132681e-01
8.687382807767124460e-01
9.749083608349623509e-01
9.802181460260407375e-01
9.674102829874227094e-01
9.113314941399360825e-01
8.952083709779053988e-01
1.000000000000000000e+00
9.227622101435669633e-01
8.244915931765712802e-01
1.000000000000000000e+00
1.000000000000000000e+00
8.583745503681950995e-01
8.191399290538649680e+00
-1.626112782490776176e-01
2.599999070167541837e-01
9.849284589290618896e-02
4.437055973701129474e-01
1.000000000000000000e+00
9.584015123099566269e-01
1.000000000000000000e+00
9.097647326529064715e-01
1.000000000000000000e+00
1.000000000000000000e+00
1.000000000000000000e+00
7.684452475765048973e-01
8.895407763774597631e-01
1.000000000000000000e+00
9.068000834478670003e-01
8.940003091370044563e-01
8.510367475603987097e-01
1.000000000000000000e+00
1.000000000000000000e+00
9.368339840720107947e-01
9.518731713146487694e-01
8.516444815710915162e-01
9.170108170449715601e-01
1.000000000000000000e+00
9.083032432262052591e-01
8.977578130048947669e-01
9.123575964768779745e-01
8.157544828992023156e+00
-1.697673231310035113e-01
2.599997830390930464e-01
-5.590526852756738663e-03
1.000000000000000000e+00
1.000000000000000000e+00
1.000000000000000000e+00
1.000000000000000000e+00
1.000000000000000000e+00
9.870092280723236078e-01
1.000000000000000000e+00
8.609543027238121260e-01
6.651050336149387787e-01
6.330644524830730813e-01
9.472779485199888105e-01
1.000000000000000000e+00
1.000000000000000000e+00
8.664454076528144144e-01
9.433582958625288395e-01
1.000000000000000000e+00
1.000000000000000000e+00
1.000000000000000000e+00
1.000000000000000000e+00
1.000000000000000000e+00
8.291402673458216910e-01
1.000000000000000000e+00
1.000000000000000000e+00
1.000000000000000000e+00
8.123156208959162683e+00
-1.646891970307260422e-01
2.599997520446777344e-01
-8.725897967815399170e-02
9.409882047572730723e-01
1.000000000000000000e+00
1.000000000000000000e+00
9.859114243714662829e-01
8.767125688081828239e-01
1.000000000000000000e+00
1.000000000000000000e+00
9.911088106544614362e-01
8.386072638638987220e-01
6.811974604996764437e-01
8.028924690556769050e-01
8.675931686186577618e-01
8.937684803003749234e-01
1.000000000000000000e+00
9.182929996855347943e-01
1.000000000000000000e+00
1.000000000000000000e+00
1.000000000000000000e+00
1.000000000000000000e+00
1.000000000000000000e+00
9.464393477736512406e-01
9.814983965672181565e-01
1.000000000000000000e+00
9.051205949435363607e-01
8.097431752276126105e+00
-1.497499328574498634e-01
2.599999380111694403e-01
-1.802347153425216675e-01
9.417720751102146570e-01
8.807802498152792481e-01
8.791203931204111255e-01
9.131798453593024112e-01
1.000000000000000000e+00
1.000000000000000000e+00
9.817288587213816031e-01
8.536202921157324264e-01
6.135320401546914271e-01
7.297372328952465015e-01
6.714002744110336707e-01
1.000000000000000000e+00
1.000000000000000000e+00
8.563347199321657000e-01
8.689754220457812650e-01
1.000000000000000000e+00
9.093732336228915747e-01
1.000000000000000000e+00
1.000000000000000000e+00
1.000000000000000000e+00
1.000000000000000000e+00
1.000000000000000000e+00
1.000000000000000000e+00
1.000000000000000000e+00
8.071628690096673608e+00
-1.315334168345234644e-01
2.599999380111694403e-01
-2.104764878749847412e-01
1.000000000000000000e+00
1.000000000000000000e+00
8.398775584730141519e-01
9.955733276896135964e-01
9.452946832032542712e-01
1.000000000000000000e+00
1.000000000000000000e+00
8.368600469039767509e-01
7.811852468893775159e-01
6.024690097547048540e-01
9.361225136477463460e-01
1.000000000000000000e+00
1.000000000000000000e+00
8.792272708127066849e-01
8.538245809109398232e-01
9.051214414697428268e-01
8.240327052831651899e-01
1.000000000000000000e+00
1.000000000000000000e+00
1.000000000000000000e+00
9.690751009035045715e-01
9.398349397618982470e-01
1.000000000000000000e+00
1.000000000000000000e+00
8.037194838710478351e+00
-1.176072549653688348e-01
2.599998140335083030e-01
1.370775420218706131e-02
9.294031080099955933e-01
1.000000000000000000e+00
1.000000000000000000e+00
8.754463064191371213e-01
1.000000000000000000e+00
1.000000000000000000e+00
9.047196481844407279e-01
1.000000000000000000e+00
9.317366037154609648e-01
6.505970527629162392e-01
5.874716658476071274e-01
1.000000000000000000e+00
8.945304880947888559e-01
1.000000000000000000e+00
1.000000000000000000e+00
9.044773502821534805e-01
1.000000000000000000e+00
1.000000000000000000e+00
1.000000000000000000e+00
1.000000000000000000e+00
1.000000000000000000e+00
9.522537173434818536e-01
1.000000000000000000e+00
1.000000000000000000e+00
8.002645520651133992e+00
-1.083764240548839020e-01
2.599998760223388716e-01
-1.190887168049812317e-01
1.000000000000000000e+00
8.226634928050822193e-01
1.000000000000000000e+00
1.000000000000000000e+00
1.000000000000000000e+00
1.000000000000000000e+00
9.619073414665367805e-01
9.039923386087147517e-01
8.539623381626892940e-01
6.937598238038822362e-01
9.246055014672401873e-01
9.245269467563732579e-01
1.000000000000000000e+00
8.822912651574416065e-01
1.000000000000000000e+00
8.874822262162839204e-01
1.000000000000000000e+00
9.740573702854956606e-01
8.722746488809907106e-01
1.000000000000000000e+00
9.032172550583179582e-01
1.000000000000000000e+00
8.850816761497805052e-01
9.225298088407883901e-01
7.976460582385339393e+00
-1.032362927700725130e-01
2.599999690055847523e-01
6.742980331182479858e-02
1.000000000000000000e+00
1.000000000000000000e+00
1.000000000000000000e+00
9.973030338567558939e-01
9.474825855229827010e-01
1.000000000000000000e+00
1.000000000000000000e+00
9.875336134435926949e-01
7.693778512356317378e-01
5.515694452139163761e-01
6.165734773240630906e-01
1.000000000000000000e+00
8.628162118870098540e-01
8.667037936688934963e-01
1.000000000000000000e+00
1.000000000000000000e+00
9.020027539900536961e-01
1.000000000000000000e+00
1.000000000000000000e+00
1.000000000000000000e+00
9.463330847644007005e-01
1.000000000000000000e+00
1.000000000000000000e+00
1.000000000000000000e+00
7.950678037916584451e+00
-1.000353821574733182e-01
2.599998140335083030e-01
-1.363741904497146606e-01
1.000000000000000000e+00
1.000000000000000000e+00
9.690240771271769749e-01
8.647224594204592218e-01
8.279930912447960312e-01
1.000000000000000000e+00
8.722896750525567233e-01
9.939848326608744511e-01
9.269944008047301676e-01
5.398933529362065498e-01
7.862345032094221198e-01
1.000000000000000000e+00
1.000000000000000000e+00
8.575800003139966154e-01
1.000000000000000000e+00
9.829646110513000634e-01
1.000000000000000000e+00
1.000000000000000000e+00
1.000000000000000000e+00
8.584983240984823682e-01
8.391646880250490659e-01
1.000000000000000000e+00
1.000000000000000000e+00
1.000000000000000000e+00
7.915973461262859168e+00
-9.503035431125539390e-02
2.599996900558471657e-01
1.021550893783569336e-01
9.374317380078459605e-01
1.000000000000000000e+00
9.815017327214968779e-01
8.699232506992845559e-01
8.902619924037461496e-01
9.969769463595513637e-01
9.065120111997154728e-01
8.418615426031744731e-01
9.353537906046947015e-01
6.676083111395729741e-01
6.977984149050941998e-01
1.000000000000000000e+00
1.000000000000000000e+00
8.599963445113349980e-01
8.718952974738263251e-01
1.000000000000000000e+00
1.000000000000000000e+00
9.053915724526963027e-01
1.000000000000000000e+00
1.000000000000000000e+00
1.000000000000000000e+00
1.000000000000000000e+00
9.098015277241221499e-01
8.384447735691945569e-01
7.873081925414508575e+00
-9.764789700754672452e-02
2.599999690055847523e-01
-1.699656806886196136e-02
9.242963609263135094e-01
8.585165727103808431e-01
1.000000000000000000e+00
8.934357262960146429e-01
8.816270975986849612e-01
1.000000000000000000e+00
1.000000000000000000e+00
1.000000000000000000e+00
6.763910584915789892e-01
7.456640459751867622e-01
7.164089565577380636e-01
8.742540256261560616e-01
9.050441738983838746e-01
1.000000000000000000e+00
1.000000000000000000e+00
9.316024168444947406e-01
1.000000000000000000e+00
8.921471005757626305e-01
9.341394351314166178e-01
8.470337475702834906e-01
8.460828889973673883e-01
8.379850977348354268e-01
1.000000000000000000e+00
9.314204961897250001e-01
7.847240197249672811e+00
-9.609392723664456071e-02
2.599999070167541837e-01
-2.432582341134548187e-02
9.724205946525769084e-01
9.512185285664260803e-01
1.000000000000000000e+00
1.000000000000000000e+00
1.000000000000000000e+00
9.009873256855449597e-01
8.664514380970776974e-01
8.436052901736313947e-01
5.439680373746414999e-01
5.472331710870912413e-01
6.880676398942119354e-01
8.670832358221148839e-01
9.875978885805010155e-01
1.000000000000000000e+00
1.000000000000000000e+00
1.000000000000000000e+00
1.000000000000000000e+00
9.157746583144680264e-01
1.000000000000000000e+00
1.000000000000000000e+00
8.520896606804538864e-01
1.000000000000000000e+00
1.000000000000000000e+00
9.056158288536522161e-01
7.812473515097937415e+00
-9.354593084906825950e-02
2.599999380111694403e-01
-2.328179590404033661e-02
8.287024471701514017e-01
1.000000000000000000e+00
1.000000000000000000e+00
1.000000000000000000e+00
1.000000000000000000e+00
9.706762462699403127e-01
8.866129336430941255e-01
9.582253721698138493e-01
7.457899876541997930e-01
5.240618878962421956e-01
7.713884158395530877e-01
1.000000000000000000e+00
1.000000000000000000e+00
1.000000000000000000e+00
1.000000000000000000e+00
1.000000000000000000e+00
1.000000000000000000e+00
1.000000000000000000e+00
8.522561470976521836e-01
9.893748096200974951e-01
9.204115493230606848e-01
8.611778139315964253e-01
8.619658748517821101e-01
1.000000000000000000e+00
7.786871843627785950e+00
-9.807751090774541325e-02
2.599999070167541837e-01
1.929151117801666260e-01
1.000000000000000000e+00
1.000000000000000000e+00
9.768059751429168935e-01
1.000000000000000000e+00
1.000000000000000000e+00
9.118782274435449642e-01
1.000000000000000000e+00
9.270873641468566628e-01
7.062400954319124624e-01
6.339929651356751572e-01
8.770021064425198576e-01
1.000000000000000000e+00
8.638650750321169580e-01
9.062377769166188868e-01
8.742684714870337936e-01
1.000000000000000000e+00
9.394675790712904151e-01
8.260077896876378833e-01
8.374134658227826433e-01
8.568552437926337806e-01
9.635148570408816893e-01
1.000000000000000000e+00
9.904180487236801111e-01
9.026194631410380254e-01
7.752826878155858914e+00
-1.236157256382859337e-01
2.600000000000000089e-01
1.785497516393661499e-01
1.000000000000000000e+00
1.000000000000000000e+00
9.221119800959083346e-01
1.000000000000000000e+00
9.488920918050570696e-01
1.000000000000000000e+00
8.660534648052048423e-01
1.000000000000000000e+00
8.149216776859234956e-01
5.150785470480135908e-01
5.696703270044318757e-01
1.000000000000000000e+00
1.000000000000000000e+00
8.705066248320459943e-01
9.137839645983375503e-01
9.726314569072237459e-01
8.869089569817155683e-01
1.000000000000000000e+00
1.000000000000000000e+00
9.260980685023552095e-01
9.357230227289478064e-01
1.000000000000000000e+00
1.000000000000000000e+00
9.379597619877981796e-01
7.718486484193203268e+00
-1.341779798286495407e-01
2.599999690055847523e-01
-3.037030994892120361e-01
1.000000000000000000e+00
1.000000000000000000e+00
9.355708039128882714e-01
8.581263657008822987e-01
8.991039764645433197e-01
9.313476039370601756e-01
1.000000000000000000e+00
8.159886405041489876e-01
6.959566579621110360e-01
5.636145143858118933e-01
7.019380780650149587e-01
9.248359497972178378e-01
1.000000000000000000e+00
8.955165024442394150e-01
8.761499891638727666e-01
1.000000000000000000e+00
8.289471614360685026e-01
1.000000000000000000e+00
1.000000000000000000e+00
1.000000000000000000e+00
1.000000000000000000e+00
8.272890375634878168e-01
1.000000000000000000e+00
1.000000000000000000e+00
7.683723230193804987e+00
-1.132122956488079701e-01
2.599999380111694403e-01
-6.533215939998626709e-02
9.008558010862428578e-01
9.756364582481362735e-01
8.656569074064865976e-01
1.000000000000000000e+00
9.894178012312231374e-01
9.144701336893564791e-01
1.000000000000000000e+00
7.043465506289636746e-01
5.170541714078884521e-01
6.352132114410062869e-01
8.483017782509417737e-01
8.529977017888759061e-01
1.000000000000000000e+00
9.207531732426140758e-01
1.000000000000000000e+00
9.538772555405160558e-01
9.134655592465358298e-01
1.000000000000000000e+00
9.395653468523087470e-01
8.201807780920816748e-01
8.588159210115943187e-01
1.000000000000000000e+00
1.000000000000000000e+00
9.982602618079895462e-01
7.657815575799814312e+00
-1.144968263496433103e-01
2.599998450279236151e-01
5.840769037604331970e-02
1.000000000000000000e+00
9.914675134567801917e-01
1.000000000000000000e+00
9.559782728687211684e-01
9.063071012097342338e-01
1.000000000000000000e+00
1.000000000000000000e+00
6.868414221431464739e-01
7.632055437523089791e-01
5.156749096249001463e-01
5.874281354021857471e-01
1.000000000000000000e+00
1.000000000000000000e+00
1.000000000000000000e+00
1.000000000000000000e+00
9.938505353407849352e-01
1.000000000000000000e+00
1.000000000000000000e+00
9.197503947609774189e-01
1.000000000000000000e+00
9.654502507293750702e-01
1.000000000000000000e+00
8.528094649527661053e-01
9.136174478924673492e-01
7.623622244127400194e+00
-1.328905398570188190e-01
2.599999070167541837e-01
1.427115499973297119e-01
9.624187179116437951e-01
9.151176115176483661e-01
9.017340165165287358e-01
1.000000000000000000e+00
1.000000000000000000e+00
1.000000000000000000e+00
1.000000000000000000e+00
7.338995740727519701e-01
6.547441700238817441e-01
4.490138392605668161e-01
5.850438175338023017e-01
9.360286598807858738e-01
9.205681221787536117e-01
8.877810995893371526e-01
9.927356991872304803e-01
8.579412346854613514e-01
1.000000000000000000e+00
1.000000000000000000e+00
8.608964369144143092e-01
1.000000000000000000e+00
1.000000000000000000e+00
1.000000000000000000e+00
8.483782626185376596e-01
1.000000000000000000e+00
7.598194089749981117e+00
-1.503266787349391009e-01
2.599999690055847523e-01
2.123790383338928223e-01
9.832599467315107367e-01
9.551348057770822075e-01
1.000000000000000000e+00
1.000000000000000000e+00
1.000000000000000000e+00
1.000000000000000000e+00
9.016983918324547043e-01
7.479381137372710375e-01
4.675519379806290510e-01
5.926948825590895309e-01
7.821815927670677793e-01
1.000000000000000000e+00
9.654021843706525052e-01
9.450317086917495724e-01
8.922399358855164220e-01
8.865207376626634828e-01
1.000000000000000000e+00
1.000000000000000000e+00
1.000000000000000000e+00
9.189132883174623290e-01
8.733965590780938815e-01
1.000000000000000000e+00
1.000000000000000000e+00
1.000000000000000000e+00
7.572715442811051467e+00
-1.730061539954568239e-01
2.599998450279236151e-01
2.384534925222396851e-01
9.336349738311267021e-01
8.766840302865384071e-01
8.449436952189717243e-01
8.372334611772959123e-01
9.456907773043001786e-01
1.000000000000000000e+00
9.190449633208812585e-01
4.793410283650202386e-01
4.085877098838177068e-01
5.342322322818170433e-01
6.202380981565366325e-01
1.000000000000000000e+00
1.000000000000000000e+00
9.912356670563516881e-01
1.000000000000000000e+00
9.186847362493262281e-01
1.000000000000000000e+00
9.510830920025148405e-01
1.000000000000000000e+00
9.625692014396768359e-01
1.000000000000000000e+00
1.000000000000000000e+00
1.000000000000000000e+00
1.000000000000000000e+00
7.547376972615272628e+00
-1.973973236969537304e-01
2.599999690055847523e-01
2.295324653387069702e-01
9.827734443635505190e-01
8.976445082352813021e-01
9.127641677337722248e-01
1.000000000000000000e+00
1.000000000000000000e+00
1.000000000000000000e+00
1.000000000000000000e+00
6.808030320338913643e-01
6.908140830269473565e-01
6.144358647651710914e-01
8.032486155335690770e-01
1.000000000000000000e+00
1.000000000000000000e+00
8.310954505849060814e-01
1.000000000000000000e+00
1.000000000000000000e+00
1.000000000000000000e+00
1.000000000000000000e+00
8.745935814319550916e-01
1.000000000000000000e+00
9.743422758020078289e-01
1.000000000000000000e+00
8.566010895003067782e-01
8.466177426686792851e-01
7.513923137192169754e+00
-2.320874093853628750e-01
2.600000000000000089e-01
2.760805189609527588e-01
8.338543945344200070e-01
1.000000000000000000e+00
8.665903161486376849e-01
8.417292496194661577e-01
1.000000000000000000e+00
9.069824851139867139e-01
5.558876871921558660e-01
4.561513950964989350e-01
6.461193804686445885e-01
6.966467587541206319e-01
8.677115021916949056e-01
1.000000000000000000e+00
8.260103307935020567e-01
8.656299451683898694e-01
1.000000000000000000e+00
1.000000000000000000e+00
1.000000000000000000e+00
9.294051127586605565e-01
1.000000000000000000e+00
8.831866045285663436e-01
1.000000000000000000e+00
1.000000000000000000e+00
9.494236889698713933e-01
9.983060881314875790e-01
7.480062534919444062e+00
-2.325356457601990279e-01
2.600000000000000089e-01
-2.250614166259765625e-01
9.753415084374871258e-01
1.000000000000000000e+00
1.000000000000000000e+00
1.000000000000000000e+00
1.000000000000000000e+00
1.000000000000000000e+00
6.891967094716121567e-01
7.241462876896989087e-01
6.990564556976143207e-01
4.663325621310824287e-01
1.000000000000000000e+00
1.000000000000000000e+00
9.790463239368273340e-01
9.633705047026032142e-01
9.200511103935226087e-01
9.927214653705165315e-01
8.361373656366396512e-01
1.000000000000000000e+00
8.304011892077527435e-01
1.000000000000000000e+00
8.971007272755536777e-01
9.799080497370054044e-01
9.856683167844509930e-01
9.936267870779459388e-01
7.453989116173403318e+00
-2.220473369194140290e-01
2.599999070167541837e-01
1.132744252681732178e-01
8.395025324005296330e-01
9.280751824815492990e-01
1.000000000000000000e+00
1.000000000000000000e+00
1.000000000000000000e+00
1.000000000000000000e+00
7.851202168038262652e-01
5.080608595446854947e-01
3.945031213574201057e-01
6.098290551176520635e-01
9.378603564592161712e-01
1.000000000000000000e+00
8.650126889145193232e-01
1.000000000000000000e+00
1.000000000000000000e+00
8.221375834332731447e-01
8.500297810594662495e-01
1.000000000000000000e+00
9.319492033406034937e-01
9.913503938813461591e-01
1.000000000000000000e+00
1.000000000000000000e+00
9.293145890463149206e-01
1.000000000000000000e+00
7.428125495180656124e+00
-2.194529431057423707e-01
2.600000000000000089e-01
-1.246923878788948059e-01
1.000000000000000000e+00
1.000000000000000000e+00
1.000000000000000000e+00
1.000000000000000000e+00
8.745239294405876551e-01
8.793767095219967578e-01
7.646181354323700052e-01
5.055570806866087619e-01
6.215799292914185870e-01
6.910464599130640151e-01
9.070258503831374330e-01
9.250247072243727997e-01
1.000000000000000000e+00
9.209350694620228595e-01
9.427146061812068378e-01
9.368012378248516958e-01
9.399737779177614883e-01
9.892532643056968222e-01
8.391412937957992701e-01
8.706381181756590593e-01
8.229176019035345790e-01
1.000000000000000000e+00
1.000000000000000000e+00
9.804824156742559804e-01
7.394846579752332616e+00
-2.136377722532034618e-01
2.599995350837707719e-01
1.371060311794281006e-01
1.000000000000000000e+00
9.187479491032621848e-01
9.167878505222629704e-01
1.000000000000000000e+00
8.885573636672361442e-01
1.000000000000000000e+00
6.368787925172539888e-01
4.250154391946058818e-01
4.783832478170977898e-01
5.670492388248352666e-01
1.000000000000000000e+00
8.228829345322407063e-01
9.288095192832132030e-01
9.277231362118326663e-01
1.000000000000000000e+00
1.000000000000000000e+00
1.000000000000000000e+00
1.000000000000000000e+00
8.274607588493804178e-01
9.400053419224035922e-01
1.000000000000000000e+00
9.832408510430175053e-01
9.925998094920329695e-01
1.000000000000000000e+00
7.369514771771935813e+00
-2.181203564221592117e-01
2.600000000000000089e-01
-1.369330100715160370e-02
1.000000000000000000e+00
9.825079822408403496e-01
9.327121250994112600e-01
1.000000000000000000e+00
1.000000000000000000e+00
1.000000000000000000e+00
7.435539555189178973e-01
5.809284616688883407e-01
5.308151208774766205e-01
7.033937767619856674e-01
9.716649384925298838e-01
8.336727250652234966e-01
1.000000000000000000e+00
9.022589179792708247e-01
8.613215825880764509e-01
9.848180332115674673e-01
1.000000000000000000e+00
1.000000000000000000e+00
1.000000000000000000e+00
1.000000000000000000e+00
1.000000000000000000e+00
1.000000000000000000e+00
1.000000000000000000e+00
1.000000000000000000e+00
7.335770948768691291e+00
-2.248740373117517066e-01
2.599998760223388716e-01
1.198549866676330566e-01
8.246413974209464426e-01
1.000000000000000000e+00
8.677987225063956700e-01
1.000000000000000000e+00
1.000000000000000000e+00
9.726392441685826062e-01
6.189471210559697179e-01
5.118743657601393382e-01
6.659386033512217917e-01
7.082862196125958576e-01
8.509605213042039651e-01
9.048631816277116213e-01
8.623459980974088612e-01
9.988652204255333844e-01
1.000000000000000000e+00
1.000000000000000000e+00
8.268423122292835048e-01
1.000000000000000000e+00
1.000000000000000000e+00
1.000000000000000000e+00
9.714634458011597307e-01
1.000000000000000000e+00
1.000000000000000000e+00
1.000000000000000000e+00
7.310188855976910816e+00
-2.295302558076435240e-01
2.599999380111694403e-01
-8.928354829549789429e-02
1.000000000000000000e+00
8.270603792087154460e-01
8.771762713996451577e-01
1.000000000000000000e+00
9.203130416646158052e-01
1.000000000000000000e+00
4.579687792297627569e-01
4.036790583872816307e-01
6.563442928858499448e-01
5.187659702254531213e-01
9.168113789592003959e-01
9.512653355963410773e-01
1.000000000000000000e+00
8.669990631863039310e-01
1.000000000000000000e+00
9.957122492973472516e-01
8.633872634298773718e-01
9.728014210788240579e-01
8.649759117744935111e-01
9.492360455962004506e-01
1.000000000000000000e+00
9.814810484410604330e-01
1.000000000000000000e+00
1.000000000000000000e+00
7.276227042253720967e+00
-2.277713513726564720e-01
2.599999070167541837e-01
8.906184881925582886e-02
1.000000000000000000e+00
9.615705771834763826e-01
9.666566734023979146e-01
1.000000000000000000e+00
9.055992756098631968e-01
9.386402664588370248e-01
5.293337318615368714e-01
5.507044248096865102e-01
4.518414821552854121e-01
6.603726764875289534e-01
1.000000000000000000e+00
1.000000000000000000e+00
9.319596838936848870e-01
1.000000000000000000e+00
9.989590408864204019e-01
1.000000000000000000e+00
1.000000000000000000e+00
1.000000000000000000e+00
8.436599166523135462e-01
1.000000000000000000e+00
1.000000000000000000e+00
1.000000000000000000e+00
1.000000000000000000e+00
1.000000000000000000e+00
7.250947949135058579e+00
-2.391765812969870453e-01
2.599999690055847523e-01
1.203089877963066101e-01
1.000000000000000000e+00
1.000000000000000000e+00
9.158503759499562191e-01
1.000000000000000000e+00
1.000000000000000000e+00
1.000000000000000000e+00
6.037967448098060519e-01
3.578807623037624785e-01
3.792147055619696228e-01
6.866260414561745629e-01
9.424415103438822383e-01
8.222158996959034738e-01
1.000000000000000000e+00
8.515021510447077224e-01
9.113478312688574334e-01
8.879659982493949277e-01
1.000000000000000000e+00
1.000000000000000000e+00
1.000000000000000000e+00
9.320133947630363513e-01
1.000000000000000000e+00
8.418394802920688980e-01
1.000000000000000000e+00
8.446258731022933119e-01
7.217633051728737037e+00
-2.600184487717993598e-01
2.600000000000000089e-01
1.665526330471038818e-01
9.339009159604120258e-01
1.000000000000000000e+00
1.000000000000000000e+00
1.000000000000000000e+00
1.000000000000000000e+00
8.779099437655657479e-01
4.066582244319732475e-01
5.368684902701031936e-01
4.224353339212782998e-01
5.025314076893596660e-01
9.724424973185014087e-01
1.000000000000000000e+00
1.000000000000000000e+00
1.000000000000000000e+00
8.431649851606594082e-01
1.000000000000000000e+00
1.000000000000000000e+00
1.000000000000000000e+00
8.600352486676425823e-01
9.555837377049302139e-01
9.475231044696851290e-01
1.000000000000000000e+00
1.000000000000000000e+00
9.270162286080598779e-01
7.192744098443134781e+00
-2.737508839951003914e-01
2.599999690055847523e-01
1.165937557816505432e-01
1.000000000000000000e+00
1.000000000000000000e+00
9.488939819535787690e-01
9.842329076876047411e-01
1.000000000000000000e+00
6.326024611890149751e-01
6.636572028282267111e-01
5.894673748466310315e-01
6.690428043814596881e-01
5.169931583650007045e-01
9.231413373606612849e-01
8.554777768067677313e-01
9.385666732198164608e-01
1.000000000000000000e+00
1.000000000000000000e+00
1.000000000000000000e+00
8.772754411397579721e-01
8.449981489355158359e-01
1.000000000000000000e+00
8.496845421017853450e-01
9.868846536728808072e-01
1.000000000000000000e+00
8.781101598684873943e-01
9.218834652285285980e-01
7.159624331663995811e+00
-2.941575377499465738e-01
2.600000000000000089e-01
1.825468540191650391e-01
9.798024644991463195e-01
8.256670915659161114e-01
1.000000000000000000e+00
1.000000000000000000e+00
8.805041506503398230e-01
4.859909240977947631e-01
3.379069400016706526e-01
3.537449774866810448e-01
4.172206182077581316e-01
5.088871483732245737e-01
1.000000000000000000e+00
1.000000000000000000e+00
1.000000000000000000e+00
1.000000000000000000e+00
8.570116004827158518e-01
1.000000000000000000e+00
1.000000000000000000e+00
9.886458771921845523e-01
8.700337138259028880e-01
1.000000000000000000e+00
9.919653337904821289e-01
1.000000000000000000e+00
9.546537501889097443e-01
9.918573895629668735e-01
7.126776535134112578e+00
-3.094128854155164809e-01
2.600000000000000089e-01
3.327775001525878906e-02
1.000000000000000000e+00
1.000000000000000000e+00
8.304864944884239319e-01
1.000000000000000000e+00
9.293482228529884592e-01
3.763605280925023111e-01
5.222373226894838627e-01
6.151987124988181899e-01
6.508328687256934586e-01
8.677013992631837924e-01
1.000000000000000000e+00
8.497404834966014731e-01
8.511011561186155872e-01
8.645914481649590311e-01
1.000000000000000000e+00
9.488826004286752269e-01
1.000000000000000000e+00
1.000000000000000000e+00
9.086097514920694618e-01
1.000000000000000000e+00
8.767900152435874617e-01
1.000000000000000000e+00
1.000000000000000000e+00
9.699771292033307901e-01
7.102462810272762717e+00
-3.234805671606157951e-01
2.600000000000000089e-01
2.459347844123840332e-01
8.722909128060898354e-01
1.000000000000000000e+00
9.397051104219625861e-01
1.000000000000000000e+00
8.459847468591137343e-01
4.466069677797956383e-01
5.617640448918399532e-01
5.537210782146212429e-01
5.273470998220435302e-01
9.276380654926119629e-01
9.863659368128525617e-01
9.252429810194193749e-01
8.254353083120143930e-01
8.799641377740883286e-01
1.000000000000000000e+00
1.000000000000000000e+00
1.000000000000000000e+00
8.322603725465095303e-01
1.000000000000000000e+00
9.866134080323707423e-01
9.574408250831154543e-01
8.359827840800437837e-01
9.336262333686031756e-01
1.000000000000000000e+00
7.077963766832465531e+00
-3.324009676043599981e-01
2.600000000000000089e-01
-9.852456301450729370e-02
9.805439084210616496e-01
9.979412111875836100e-01
9.621772375685350154e-01
1.000000000000000000e+00
1.000000000000000000e+00
3.825663201442691674e-01
5.533605625834602249e-01
4.681297967203136845e-01
5.676041873500664581e-01
1.000000000000000000e+00
8.567759573136902729e-01
1.000000000000000000e+00
1.000000000000000000e+00
1.000000000000000000e+00
9.455070429944869570e-01
1.000000000000000000e+00
9.954982220750634436e-01
9.796346010594453313e-01
9.588329828424538848e-01
9.124874613923095179e-01
8.450423826573795205e-01
1.000000000000000000e+00
9.635317623706792789e-01
1.000000000000000000e+00
7.036810269870686696e+00
-3.208720814548446931e-01
2.600000000000000089e-01
-4.936539381742477417e-02
9.579342983366119224e-01
8.659386737214822549e-01
9.714855745295317702e-01
9.715711023543703861e-01
8.330776879331489582e-01
5.243001067730983511e-01
2.606608222412371001e-01
3.875170711006988289e-01
4.530929912090909117e-01
1.000000000000000000e+00
1.000000000000000000e+00
8.337028992538408900e-01
8.392662478081404087e-01
9.840743448842188545e-01
1.000000000000000000e+00
9.454743916921526381e-01
1.000000000000000000e+00
8.227372666841018534e-01
9.536898415581569477e-01
9.241926116639583855e-01
9.448672403260325314e-01
9.105002936012388526e-01
1.000000000000000000e+00
9.040123247447917620e-01
7.012552436687016666e+00
-3.241605862326615295e-01
2.600000000000000089e-01
1.420813053846359253e-01
1.000000000000000000e+00
9.133416749003290258e-01
8.614411216278491379e-01
9.376359477887815652e-01
8.627451661349593293e-01
5.827921186615379057e-01
4.150454210624149876e-01
5.901895939441200722e-01
5.217454318624160647e-01
9.218570181310907774e-01
1.000000000000000000e+00
8.538633375951049098e-01
1.000000000000000000e+00
1.000000000000000000e+00
1.000000000000000000e+00
8.853445832687991679e-01
8.528462879564768784e-01
1.000000000000000000e+00
8.544547315362363005e-01
9.169975791899948048e-01
8.228353234270732175e-01
8.515747853350624785e-01
1.000000000000000000e+00
9.838382742395156422e-01
6.979844887127185871e+00
-3.491315328254951389e-01
2.600000000000000089e-01
2.402021139860153198e-01
1.000000000000000000e+00
9.545595444895622617e-01
1.000000000000000000e+00
1.000000000000000000e+00
7.001255232003460449e-01
2.582183037649069535e-01
2.707156326313320260e-01
5.400977543786005253e-01
5.505988978657491151e-01
9.356771574840303529e-01
1.000000000000000000e+00
8.639846644593046632e-01
8.443920679795674511e-01
9.002861328756315284e-01
1.000000000000000000e+00
8.947435524032513188e-01
9.962316565325706197e-01
1.000000000000000000e+00
1.000000000000000000e+00
1.000000000000000000e+00
9.267986483459776936e-01
1.000000000000000000e+00
8.624417745803368840e-01
9.547353871216514021e-01
6.955598522754704582e+00
-3.581485698867035161e-01
2.600000000000000089e-01
-1.175946295261383057e-01
1.000000000000000000e+00
9.028785193290429500e-01
1.000000000000000000e+00
9.282734718912998284e-01
5.105184126408764955e-01
2.398382690751934831e-01
3.444785407413480938e-01
3.998187524627255796e-01
6.006184270377382672e-01
8.926462154502576851e-01
1.000000000000000000e+00
1.000000000000000000e+00
8.586732583318027467e-01
1.000000000000000000e+00
1.000000000000000000e+00
1.000000000000000000e+00
1.000000000000000000e+00
1.000000000000000000e+00
1.000000000000000000e+00
8.659911947560559042e-01
8.352462908483093695e-01
1.000000000000000000e+00
1.000000000000000000e+00
9.574435196038993956e-01
6.931170655934415059e+00
-3.516419025370631779e-01
2.599999380111694403e-01
1.829692721366882324e-01
9.826439203667717281e-01
9.440642801499821157e-01
8.876974411549845012e-01
1.000000000000000000e+00
4.530573886967739772e-01
3.536052166184744938e-01
5.236726200324446356e-01
5.282475802089017236e-01
3.911883767994423500e-01
9.828654174079340944e-01
1.000000000000000000e+00
1.000000000000000000e+00
9.159101879699464988e-01
1.000000000000000000e+00
1.000000000000000000e+00
8.800149885031161023e-01
1.000000000000000000e+00
9.504788867956085463e-01
9.459758873967858417e-01
1.000000000000000000e+00
1.000000000000000000e+00
1.000000000000000000e+00
1.000000000000000000e+00
8.663926355129822898e-01
6.899347238452238074e+00
-3.770171624330020954e-01
2.600000000000000089e-01
2.647377550601959229e-01
1.000000000000000000e+00
8.343822645466183463e-01
9.242961551960894306e-01
8.332304795459323232e-01
4.908877815729872363e-01
4.603286484213611751e-01
5.407014646144742143e-01
5.494248361845904816e-01
5.828381018579220640e-01
9.129114815019603313e-01
1.000000000000000000e+00
8.481638252385821364e-01
8.777489141402579076e-01
8.828550216783485061e-01
8.530549919176833029e-01
9.259241467270662440e-01
9.922181760051983490e-01
1.000000000000000000e+00
1.000000000000000000e+00
1.000000000000000000e+00
9.864742109259496683e-01
8.652514247473062081e-01
8.401685516031640599e-01
1.000000000000000000e+00
6.875481535253158860e+00
-4.049341437637274943e-01
2.600000000000000089e-01
2.670341432094573975e-01
9.084987155328534403e-01
1.000000000000000000e+00
1.000000000000000000e+00
9.224868371169040460e-01
2.459907638674837804e-01
5.276881496439322916e-01
3.125968022232322174e-01
5.277419371377291002e-01
1.000000000000000000e+00
9.082278649302285567e-01
1.000000000000000000e+00
8.898348796163360053e-01
8.369893711991205354e-01
1.000000000000000000e+00
8.481311786848888534e-01
9.192444972160702665e-01
1.000000000000000000e+00
1.000000000000000000e+00
8.264366175492445787e-01
1.000000000000000000e+00
1.000000000000000000e+00
9.297712774355044729e-01
1.000000000000000000e+00
8.282901374149556073e-01
6.851510802725434779e+00
-4.206544616361180822e-01
2.600000000000000089e-01
-2.401765882968902588e-01
8.881594460989541417e-01
8.493643665662123921e-01
1.000000000000000000e+00
9.345185071922693654e-01
4.501839456991875155e-01
3.063081065847824691e-01
3.217379756158931792e-01
6.092590479756595512e-01
1.000000000000000000e+00
1.000000000000000000e+00
9.608606195013192908e-01
1.000000000000000000e+00
1.000000000000000000e+00
9.473934483806664142e-01
1.000000000000000000e+00
1.000000000000000000e+00
1.000000000000000000e+00
1.000000000000000000e+00
9.630988609331895267e-01
1.000000000000000000e+00
1.000000000000000000e+00
1.000000000000000000e+00
8.322561757455924081e-01
9.943756297439367842e-01
6.819421782068054938e+00
-4.113854741620994737e-01
2.599999690055847523e-01
-4.736962728202342987e-03
8.621706515575459084e-01
1.000000000000000000e+00
1.000000000000000000e+00
9.773893080321458537e-01
5.227550499629874947e-01
2.822946802568619962e-01
2.563594191988233240e-01
3.145033135368905941e-01
1.000000000000000000e+00
8.780231857030359466e-01
9.560840712364899741e-01
1.000000000000000000e+00
1.000000000000000000e+00
8.351478812882084934e-01
1.000000000000000000e+00
9.946308950781845848e-01
9.908148224969216544e-01
1.000000000000000000e+00
1.000000000000000000e+00
1.000000000000000000e+00
1.000000000000000000e+00
1.000000000000000000e+00
1.000000000000000000e+00
1.000000000000000000e+00
6.795649461493990628e+00
-4.174424950107296084e-01
2.600000000000000089e-01
7.677467912435531616e-02
9.917826816303448867e-01
1.000000000000000000e+00
8.420856510191937483e-01
6.323551868011847432e-01
5.417391785259108028e-01
4.361496669495926737e-01
3.526846710290956755e-01
5.672436630927347734e-01
1.000000000000000000e+00
1.000000000000000000e+00
8.420482567228585458e-01
9.201108735617574697e-01
9.931200936745072649e-01
9.043007297746766815e-01
1.000000000000000000e+00
1.000000000000000000e+00
1.000000000000000000e+00
9.835271179166272804e-01
1.000000000000000000e+00
1.000000000000000000e+00
1.000000000000000000e+00
1.000000000000000000e+00
1.000000000000000000e+00
9.821129864883660909e-01
6.771944285536041441e+00
-4.296821765165259599e-01
2.600000000000000089e-01
1.965394914150238037e-01
9.154609727286896481e-01
1.000000000000000000e+00
9.904765184455571747e-01
4.987420736846189251e-01
3.031144038205909608e-01
5.617884354771546240e-01
4.667327107597368796e-01
6.318790369682020236e-01
1.000000000000000000e+00
8.852775738873649436e-01
1.000000000000000000e+00
8.201025983118325202e-01
1.000000000000000000e+00
8.258946852457881294e-01
9.498580432252924366e-01
9.140453848913006052e-01
9.103885993991671643e-01
1.000000000000000000e+00
8.554268462054237521e-01
9.929703367499583821e-01
8.352094035769361824e-01
8.477728988881327865e-01
8.440715918147023711e-01
1.000000000000000000e+00
6.740527430186001645e+00
-4.534934697035204465e-01
2.600000000000000089e-01
1.255179792642593384e-01
9.358677524902886402e-01
8.670634326111142931e-01
1.000000000000000000e+00
3.761836313618635019e-01
1.998980605133426347e-01
3.574965055002404246e-01
5.577783208077988775e-01
4.736816396710868959e-01
9.027030028883242796e-01
9.645387854749206680e-01
1.000000000000000000e+00
1.000000000000000000e+00
8.570265346615218993e-01
8.575622765911651291e-01
1.000000000000000000e+00
1.000000000000000000e+00
9.194847082145861661e-01
1.000000000000000000e+00
1.000000000000000000e+00
9.773370242942337471e-01
1.000000000000000000e+00
8.641730968242375965e-01
9.941805977267806904e-01
1.000000000000000000e+00
6.717427149944317222e+00
-4.547546327649114595e-01
2.600000000000000089e-01
-2.096318900585174561e-01
1.000000000000000000e+00
1.000000000000000000e+00
1.000000000000000000e+00
4.365072608250670783e-01
2.151126270021396780e-01
4.038231828415258517e-01
3.827681116395799110e-01
5.078022771096687427e-01
9.407414864380293507e-01
9.505156603321432973e-01
1.000000000000000000e+00
9.192721456515419165e-01
1.000000000000000000e+00
1.000000000000000000e+00
8.366210123509626451e-01
1.000000000000000000e+00
1.000000000000000000e+00
1.000000000000000000e+00
8.704161203829131610e-01
9.524145983309194596e-01
1.000000000000000000e+00
9.162180405811914952e-01
1.000000000000000000e+00
8.723936255093567294e-01
6.686077398066190725e+00
-4.440470816469286319e-01
2.600000000000000089e-01
8.108673244714736938e-02
8.961505392311632789e-01
1.000000000000000000e+00
1.000000000000000000e+00
5.022945167796171173e-01
4.933534017645748171e-01
2.815230306005961358e-01
2.549689389662580519e-01
3.258584582607952362e-01
1.000000000000000000e+00
1.000000000000000000e+00
1.000000000000000000e+00
1.000000000000000000e+00
8.782844561657483506e-01
1.000000000000000000e+00
9.174310365913626031e-01
8.468117289645150647e-01
1.000000000000000000e+00
1.000000000000000000e+00
8.545240500227618829e-01
8.950177170138332583e-01
9.203950496838402273e-01
1.000000000000000000e+00
8.682133441086195003e-01
1.000000000000000000e+00
6.662642266850586914e+00
-4.571837535665901342e-01
2.600000000000000089e-01
1.379409134387969971e-01
8.837238008056672589e-01
1.000000000000000000e+00
1.000000000000000000e+00
3.085914000171975924e-01
5.088914087626894567e-01
2.192820157818252957e-01
5.654436705024840082e-01
3.302755822697817645e-01
1.000000000000000000e+00
8.914293330033958851e-01
9.513356403264234817e-01
8.894197030249164637e-01
1.000000000000000000e+00
8.201505221322691330e-01
1.000000000000000000e+00
9.017330090010595711e-01
1.000000000000000000e+00
9.787764847331461571e-01
1.000000000000000000e+00
1.000000000000000000e+00
1.000000000000000000e+00
1.000000000000000000e+00
8.494811769821366543e-01
1.000000000000000000e+00
6.639514411332691601e+00
-4.735143084350634801e-01
2.600000000000000089e-01
2.269350290298461914e-01
1.000000000000000000e+00
1.000000000000000000e+00
5.266126963704174102e-01
2.550900743722929742e-01
3.433770381658721171e-01
4.664904306331030814e-01
4.260385274653647469e-01
4.005233228900083042e-01
1.000000000000000000e+00
1.000000000000000000e+00
1.000000000000000000e+00
9.347761895330782833e-01
8.309733616966462622e-01
8.592165259867329263e-01
8.788178655917826543e-01
9.250332994286832866e-01
8.707564752894694227e-01
1.000000000000000000e+00
1.000000000000000000e+00
1.000000000000000000e+00
1.000000000000000000e+00
1.000000000000000000e+00
1.000000000000000000e+00
1.000000000000000000e+00
6.609253276788589204e+00
-5.023198487552305025e-01
2.600000000000000089e-01
1.604009568691253662e-01
1.000000000000000000e+00
8.213599636882698007e-01
3.909874041450895343e-01
2.638897230988861420e-01
3.975799623927481763e-01
5.416452234429244283e-01
3.083863889338083197e-01
5.078131380489621094e-01
1.000000000000000000e+00
9.685901159664584981e-01
8.787167957870395396e-01
1.000000000000000000e+00
9.984431964462547882e-01
1.000000000000000000e+00
9.302924132236997101e-01
1.000000000000000000e+00
1.000000000000000000e+00
9.380550740575148705e-01
9.707818870535582789e-01
1.000000000000000000e+00
9.799935721719352788e-01
1.000000000000000000e+00
1.000000000000000000e+00
8.212144160661390968e-01
6.586595100132674574e+00
-5.164000531372332503e-01
2.600000000000000089e-01
9.683422744274139404e-02
8.336729732602318199e-01
1.000000000000000000e+00
3.691525116485086522e-01
5.167583464175652397e-01
2.834581440047622691e-01
4.929370923515400404e-01
4.913135320317080779e-01
9.476626350125249010e-01
1.000000000000000000e+00
8.333045306144885034e-01
8.901208195609113805e-01
1.000000000000000000e+00
1.000000000000000000e+00
1.000000000000000000e+00
8.224846147168139998e-01
1.000000000000000000e+00
8.589476591405035277e-01
1.000000000000000000e+00
8.587939028152007381e-01
1.000000000000000000e+00
8.969008683197955412e-01
1.000000000000000000e+00
1.000000000000000000e+00
1.000000000000000000e+00
6.564119763657605411e+00
-5.255684498246568914e-01
2.600000000000000089e-01
4.930562898516654968e-02
1.000000000000000000e+00
8.581897015616730684e-01
3.040812116563298417e-01
5.135486244430487179e-01
2.304447947070795977e-01
3.828166645693503178e-01
2.547864752176644543e-01
1.000000000000000000e+00
1.000000000000000000e+00
8.530788958753009465e-01
9.787941361026325504e-01
1.000000000000000000e+00
9.058275458165779837e-01
9.603907750713712721e-01
8.834326456279825157e-01
9.412439253069251333e-01
1.000000000000000000e+00
1.000000000000000000e+00
9.832080252899724204e-01
1.000000000000000000e+00
9.025274998857409914e-01
1.000000000000000000e+00
1.000000000000000000e+00
8.892270951582801342e-01
6.534213591723972314e+00
-5.357378761290778613e-01
2.600000000000000089e-01
-4.873271286487579346e-02
1.000000000000000000e+00
1.000000000000000000e+00
2.751503917332330240e-01
2.475453051864714149e-01
2.915370259147086474e-01
5.506941566782062036e-01
5.318095323449159029e-01
1.000000000000000000e+00
1.000000000000000000e+00
9.971396567864994065e-01
1.000000000000000000e+00
1.000000000000000000e+00
1.000000000000000000e+00
8.615822808546297340e-01
1.000000000000000000e+00
1.000000000000000000e+00
9.221406076043653366e-01
1.000000000000000000e+00
8.603523897358927863e-01
1.000000000000000000e+00
1.000000000000000000e+00
8.382774046587326833e-01
9.965032591255076344e-01
1.000000000000000000e+00
6.511856257035755213e+00
-5.378521578615820253e-01
2.600000000000000089e-01
2.300535514950752258e-02
1.000000000000000000e+00
9.036020319429833858e-01
1.995172904322959906e-01
4.483046355030895214e-01
4.569058305535024234e-01
3.916867532767963622e-01
5.797672909493382098e-01
1.000000000000000000e+00
8.387364911399540768e-01
9.055521625019186116e-01
1.000000000000000000e+00
1.000000000000000000e+00
1.000000000000000000e+00
1.000000000000000000e+00
1.000000000000000000e+00
9.987409413839346550e-01
9.198923356797872319e-01
1.000000000000000000e+00
1.000000000000000000e+00
1.000000000000000000e+00
1.000000000000000000e+00
1.000000000000000000e+00
8.906208215298975217e-01
9.198620819180847175e-01
6.489523619323527726e+00
-5.394235477976363491e-01
2.600000000000000089e-01
-1.654773950576782227e-02
1.000000000000000000e+00
1.000000000000000000e+00
3.129815556065150828e-01
3.000848464169921237e-01
3.357749261462275592e-01
2.115906789102343921e-01
5.602924556548103396e-01
1.000000000000000000e+00
1.000000000000000000e+00
1.000000000000000000e+00
1.000000000000000000e+00
9.369748851573878046e-01
8.267400427359342663e-01
1.000000000000000000e+00
1.000000000000000000e+00
9.544681932750032072e-01
8.282224970256507612e-01
9.195388039093979060e-01
1.000000000000000000e+00
8.982781749605660560e-01
8.942756975182888368e-01
1.000000000000000000e+00
9.501080681549591844e-01
8.497748224496426417e-01
6.467220539949028790e+00
-5.381025474141822862e-01
2.600000000000000089e-01
-3.009656630456447601e-02
1.000000000000000000e+00
4.727962905832300278e-01
4.975784151403974676e-01
5.001337750080140365e-01
2.439250117640636706e-01
4.868350681479251540e-01
3.612012824525395183e-01
9.808169926688022899e-01
1.000000000000000000e+00
1.000000000000000000e+00
9.722570839948522226e-01
9.721322302788379943e-01
1.000000000000000000e+00
8.332534768464384678e-01
8.588965569092320562e-01
1.000000000000000000e+00
9.485731992279922142e-01
9.638927544677086123e-01
1.000000000000000000e+00
9.287032453515308150e-01
9.242293608714274855e-01
8.505111907774736135e-01
1.000000000000000000e+00
1.000000000000000000e+00
6.437589216138190018e+00
-5.405209839564517615e-01
2.600000000000000089e-01
2.213261835277080536e-02
1.000000000000000000e+00
4.609406131869766554e-01
1.533025103452720361e-01
2.223621448782810983e-01
2.108095194406085782e-01
5.032503352679401631e-01
4.503788516894961513e-01
8.588218608195473669e-01
9.352618000406888177e-01
1.000000000000000000e+00
1.000000000000000000e+00
8.952382329091292945e-01
9.282006334749002274e-01
8.885926885369646033e-01
1.000000000000000000e+00
9.388068687649834265e-01
8.872692374520301239e-01
8.892626480598969652e-01
8.395335938672827680e-01
9.251043369625363555e-01
8.582656535818686816e-01
1.000000000000000000e+00
1.000000000000000000e+00
8.904482519372648452e-01
6.415307974271050817e+00
-5.444863805569770676e-01
2.600000000000000089e-01
1.252978574484586716e-02
8.510880591800270567e-01
1.580081893692127371e-01
2.289071221688977198e-01
3.406204244318596919e-01
5.052005485960515685e-01
2.661139609147719076e-01
5.382227666099519414e-01
1.000000000000000000e+00
1.000000000000000000e+00
1.000000000000000000e+00
9.282001349601262108e-01
8.719438355118851458e-01
1.000000000000000000e+00
8.512910053909522601e-01
9.600267109463266335e-01
1.000000000000000000e+00
1.000000000000000000e+00
1.000000000000000000e+00
1.000000000000000000e+00
9.628259591310265320e-01
9.159539004673558082e-01
1.000000000000000000e+00
9.810274683466840839e-01
8.381679697494924808e-01
6.386001524229415693e+00
-5.532569621341969501e-01
2.600000000000000089e-01
8.175759017467498779e-02
1.000000000000000000e+00
2.512981648900859399e-01
1.506996093798539660e-01
3.597211917611619070e-01
3.339858421918439624e-01
3.467933487774303436e-01
4.301896935793433907e-01
1.000000000000000000e+00
1.000000000000000000e+00
1.000000000000000000e+00
9.854116488448353417e-01
1.000000000000000000e+00
8.583103390369040131e-01
9.734880804349828054e-01
1.000000000000000000e+00
1.000000000000000000e+00
1.000000000000000000e+00
9.617126642025233263e-01
8.800842075317890645e-01
8.892556325000067208e-01
1.000000000000000000e+00
1.000000000000000000e+00
1.000000000000000000e+00
1.000000000000000000e+00
6.364077707637206593e+00
-5.610111311915337851e-01
2.600000000000000089e-01
3.607228025794029236e-02
1.000000000000000000e+00
2.777253943430156857e-01
2.509579927018797951e-01
2.757506915658428648e-01
4.809217435998925372e-01
3.312045377750839070e-01
8.918275426352683111e-01
9.575408584321214445e-01
9.143344692745178914e-01
8.695996670305864429e-01
9.319928557984132889e-01
1.000000000000000000e+00
1.000000000000000000e+00
9.442640388206818836e-01
8.257269202556898335e-01
8.646468007316466808e-01
9.152866155145886751e-01
8.214415721871405340e-01
1.000000000000000000e+00
1.000000000000000000e+00
1.000000000000000000e+00
1.000000000000000000e+00
1.000000000000000000e+00
1.000000000000000000e+00
6.334733790013553190e+00
-5.719648618607426904e-01
2.600000000000000089e-01
7.588984817266464233e-02
4.606726711463299817e-01
3.571814913896370625e-01
4.194240422835451843e-01
2.311664544317748315e-01
4.670236823615298571e-01
2.878551425072466974e-01
9.604320373996487747e-01
8.525908491388306532e-01
1.000000000000000000e+00
9.667986690654001292e-01
1.000000000000000000e+00
1.000000000000000000e+00
8.832621708784019754e-01
1.000000000000000000e+00
1.000000000000000000e+00
1.000000000000000000e+00
9.673618489362976192e-01
1.000000000000000000e+00
1.000000000000000000e+00
1.000000000000000000e+00
1.000000000000000000e+00
1.000000000000000000e+00
8.554219423711854065e-01
8.304300487529978625e-01
6.312694634803537319e+00
-5.744463900728411510e-01
2.600000000000000089e-01
-1.679489947855472565e-02
3.296639859422978991e-01
2.153864427166539974e-01
4.201877721060001680e-01
2.922464105325858763e-01
4.726329932538100853e-01
5.497398174315399899e-01
9.027113050338053668e-01
9.688886216425400821e-01
1.000000000000000000e+00
9.623745822835015895e-01
8.668563615374866860e-01
8.967424345973650235e-01
1.000000000000000000e+00
9.595047796540879803e-01
8.800785950091247756e-01
1.000000000000000000e+00
1.000000000000000000e+00
1.000000000000000000e+00
1.000000000000000000e+00
1.000000000000000000e+00
8.593252511063107502e-01
9.162324696337513785e-01
1.000000000000000000e+00
1.000000000000000000e+00
6.283656771130258001e+00
-5.740572949715363471e-01
2.600000000000000089e-01
-2.300767228007316589e-02
3.723798796101961961e-01
1.759126095853800753e-01
1.638463516064667669e-01
1.746781021197649220e-01
4.048260712169523545e-01
3.633971195330394366e-01
9.629792774191370253e-01
1.000000000000000000e+00
1.000000000000000000e+00
8.716941204058062942e-01
1.000000000000000000e+00
1.000000000000000000e+00
1.000000000000000000e+00
1.000000000000000000e+00
9.215924610592102217e-01
1.000000000000000000e+00
8.950615599713502846e-01
9.270902913339778006e-01
9.233071570052924226e-01
9.554210689274732493e-01
9.980005808329485140e-01
1.000000000000000000e+00
8.506691394763514769e-01
1.000000000000000000e+00
6.254601681462713003e+00
-5.695460668500689216e-01
2.599999380111694403e-01
-7.535462826490402222e-02
2.092039083157785362e-01
3.200493879207313985e-01
2.360247883725016815e-01
4.863039574167083434e-01
2.384770334434295758e-01
4.748335395867939179e-01
9.587155047394960716e-01
1.000000000000000000e+00
8.471634828197471823e-01
1.000000000000000000e+00
1.000000000000000000e+00
8.846469713736050400e-01
1.000000000000000000e+00
9.501269868589502510e-01
9.050643848291427540e-01
1.000000000000000000e+00
9.570776228729863666e-01
1.000000000000000000e+00
1.000000000000000000e+00
1.000000000000000000e+00
1.000000000000000000e+00
1.000000000000000000e+00
1.000000000000000000e+00
1.000000000000000000e+00
6.232719971714415941e+00
-5.716535233679702621e-01
2.600000000000000089e-01
2.739303559064865112e-02
3.490009100178202983e-01
4.809774179128645244e-01
4.731109518270060765e-01
2.689034627810791833e-01
3.263437226931908408e-01
4.504245702886197078e-01
8.837459886874748927e-01
9.585468933463484609e-01
9.970630694965920693e-01
9.240137764512320606e-01
1.000000000000000000e+00
1.000000000000000000e+00
1.000000000000000000e+00
1.000000000000000000e+00
1.000000000000000000e+00
1.000000000000000000e+00
1.000000000000000000e+00
8.855484182580852792e-01
1.000000000000000000e+00
1.000000000000000000e+00
9.391226365393874342e-01
1.000000000000000000e+00
1.000000000000000000e+00
1.000000000000000000e+00
6.210911605763530297e+00
-5.726414391021279471e-01
2.599999690055847523e-01
-1.915319636464118958e-02
1.717701052570408116e-01
4.970510500618109950e-01
4.914364816000268421e-01
3.221204769053930828e-01
3.297169648835802103e-01
3.514149467653083225e-01
1.000000000000000000e+00
8.989571801455406019e-01
1.000000000000000000e+00
1.000000000000000000e+00
1.000000000000000000e+00
1.000000000000000000e+00
1.000000000000000000e+00
8.936703342350271750e-01
9.784567544750230050e-01
1.000000000000000000e+00
1.000000000000000000e+00
8.550811877905208913e-01
1.000000000000000000e+00
9.914188788322775281e-01
9.909463976762550308e-01
1.000000000000000000e+00
8.603648597818762678e-01
9.336636989099293960e-01
6.189093127926350135e+00
-5.723619350362545433e-01
2.600000000000000089e-01
-2.883686684072017670e-02
4.073528674613375311e-01
3.492539735524431421e-01
2.226621976914315293e-01
4.942475015700613095e-01
2.177286398406775569e-01
3.103783887377824513e-01
8.997742513250274188e-01
9.997787720554340840e-01
8.596618607170138926e-01
9.538443790353685614e-01
9.605860103138584849e-01
9.500978501637799001e-01
1.000000000000000000e+00
1.000000000000000000e+00
1.000000000000000000e+00
1.000000000000000000e+00
9.526096409961938294e-01
1.000000000000000000e+00
8.625975367717472198e-01
8.379799895203786653e-01
1.000000000000000000e+00
9.410151412094469592e-01
8.220189632172648642e-01
1.000000000000000000e+00
6.159786919393613225e+00
-5.710626003816061669e-01
2.600000000000000089e-01
-4.460191726684570312e-02
4.956370636571766353e-01
3.908401250482088640e-01
4.604444854556974387e-01
2.249127749881150162e-01
4.178592758094103465e-01
1.000000000000000000e+00
1.000000000000000000e+00
9.043065131837255688e-01
8.460108580805422163e-01
1.000000000000000000e+00
8.565118185351098257e-01
1.000000000000000000e+00
1.000000000000000000e+00
8.227751757749662831e-01
8.491674553868101549e-01
1.000000000000000000e+00
9.773579550701759766e-01
1.000000000000000000e+00
9.979371156267214937e-01
1.000000000000000000e+00
1.000000000000000000e+00
9.063144749909272102e-01
1.000000000000000000e+00
8.615031810488689157e-01
6.137874064046755507e+00
-5.701794751691493524e-01
2.600000000000000089e-01
-2.130511030554771423e-02
3.258070989280857366e-01
1.690371579733739027e-01
4.754744429816121776e-01
4.451937076226715750e-01
4.616559415234246511e-01
1.000000000000000000e+00
9.403745946396926403e-01
9.464196279865461081e-01
1.000000000000000000e+00
8.427801227105513604e-01
9.989160948554877129e-01
1.000000000000000000e+00
1.000000000000000000e+00
1.000000000000000000e+00
9.167223142285829685e-01
1.000000000000000000e+00
8.494925928268914905e-01
1.000000000000000000e+00
1.000000000000000000e+00
1.000000000000000000e+00
1.000000000000000000e+00
9.985775405298357166e-01
1.000000000000000000e+00
9.020389803489854419e-01
6.108913569069816418e+00
-5.637451638780404117e-01
2.600000000000000089e-01
-2.008060365915298462e-01
2.910988037288970154e-01
2.744450322686333155e-01
4.638284666457112571e-01
4.478632825850339949e-01
2.251115657093589462e-01
9.274056151490247535e-01
1.000000000000000000e+00
8.579564787934087500e-01
9.254870909619318242e-01
8.761816207210484375e-01
1.000000000000000000e+00
8.421299920608087408e-01
1.000000000000000000e+00
1.000000000000000000e+00
1.000000000000000000e+00
1.000000000000000000e+00
9.978360096734772977e-01
9.345522046536915983e-01
9.646261755457956610e-01
1.000000000000000000e+00
1.000000000000000000e+00
1.000000000000000000e+00
9.296108998268437507e-01
1.000000000000000000e+00
6.086838766492076225e+00
-5.528205083747996795e-01
2.599972105026245317e-01
-1.033010557293891907e-01
3.669725813577461859e-01
3.391372850084767854e-01
3.051812705931131187e-01
4.535586187656561186e-01
5.033794758928989976e-01
9.262580896628225258e-01
1.000000000000000000e+00
1.000000000000000000e+00
9.592925758154823290e-01
8.747853963856868642e-01
1.000000000000000000e+00
1.000000000000000000e+00
1.000000000000000000e+00
1.000000000000000000e+00
1.000000000000000000e+00
1.000000000000000000e+00
9.500415392142004256e-01
9.676978114920166130e-01
9.931284834299890507e-01
9.751027718894006435e-01
8.948802131492626932e-01
9.149439576464051260e-01
1.000000000000000000e+00
1.000000000000000000e+00
6.064564348886287704e+00
-5.452165984489205641e-01
2.599991941452026722e-01
-1.002462878823280334e-01
2.848656403213577493e-01
3.937316565510907695e-01
2.467008066807968025e-01
1.671966178303433692e-01
4.931570010733388187e-01
1.000000000000000000e+00
8.765400791070331321e-01
1.000000000000000000e+00
1.000000000000000000e+00
8.779547796223728939e-01
1.000000000000000000e+00
1.000000000000000000e+00
9.826935834547511073e-01
1.000000000000000000e+00
9.577336783826809752e-01
1.000000000000000000e+00
8.232003830155356638e-01
8.333698342517292801e-01
9.190475393376317248e-01
9.295628668675147699e-01
1.000000000000000000e+00
8.761313422927549110e-01
9.044644102755262649e-01
1.000000000000000000e+00
6.034736673060841383e+00
-5.313358343616920720e-01
2.599999690055847523e-01
-1.484185904264450073e-01
4.292960396130717227e-01
1.387584434975855652e-01
4.881200319696909484e-01
3.390515047912336377e-01
5.064066591978342302e-01
1.000000000000000000e+00
1.000000000000000000e+00
8.689200539831231085e-01
8.894399877271690347e-01
9.357662797113135422e-01
8.961276528362628335e-01
9.658052456710785050e-01
9.706694683528352963e-01
1.000000000000000000e+00
9.571836173597884079e-01
1.000000000000000000e+00
1.000000000000000000e+00
1.000000000000000000e+00
1.000000000000000000e+00
8.456414912991201405e-01
1.000000000000000000e+00
1.000000000000000000e+00
9.024268805316525421e-01
9.438909570278956052e-01
6.012251623934614209e+00
-5.206811088814373711e-01
2.599996900558471657e-01
-1.195893809199333191e-01
3.004725075585777394e-01
3.786973408570745714e-01
4.586052931068745342e-01
4.402228179510126460e-01
3.043716882137492141e-01
9.589580045760932592e-01
1.000000000000000000e+00
1.000000000000000000e+00
1.000000000000000000e+00
8.379799456253713696e-01
1.000000000000000000e+00
1.000000000000000000e+00
1.000000000000000000e+00
9.208997247568009303e-01
1.000000000000000000e+00
8.638535533633336927e-01
8.218922598906676091e-01
8.550262768299459193e-01
8.369330729748233333e-01
9.875558242859489022e-01
9.312236423347945991e-01
9.833281719090353201e-01
8.654135251687982144e-01
1.000000000000000000e+00
5.989581694960290470e+00
-5.111862592087454971e-01
2.599990701675415350e-01
-1.180893704295158386e-01
4.730021580586385999e-01
2.410666191045759688e-01
1.521040297766333427e-01
3.060712767425554093e-01
4.388497754605756307e-01
9.193282132748494817e-01
1.000000000000000000e+00
1.000000000000000000e+00
8.579843871329195792e-01
8.971176015434171314e-01
1.000000000000000000e+00
9.926243800555969443e-01
1.000000000000000000e+00
1.000000000000000000e+00
9.185955685029026929e-01
8.505529067649586494e-01
1.000000000000000000e+00
8.747949673796636683e-01
1.000000000000000000e+00
1.000000000000000000e+00
1.000000000000000000e+00
1.000000000000000000e+00
9.064102500202285695e-01
1.000000000000000000e+00
5.958843208868318087e+00
-4.955462997166555361e-01
2.599998450279236151e-01
-1.456786245107650757e-01
1.621024951870006225e-01
1.773595501637531824e-01
4.482881311159702120e-01
2.839232041031990450e-01
2.906264845686899467e-01
8.918285380605240897e-01
9.170019028947871131e-01
8.997573187202886347e-01
8.893333831998532224e-01
1.000000000000000000e+00
8.732996421338192761e-01
1.000000000000000000e+00
1.000000000000000000e+00
8.985722157749319594e-01
8.656211837099420103e-01
1.000000000000000000e+00
9.188236017744415562e-01
1.000000000000000000e+00
8.492154224800984030e-01
8.633290376568697466e-01
1.000000000000000000e+00
8.272669597940377484e-01
8.625781124760137919e-01
1.000000000000000000e+00
5.935856029664504874e+00
-4.847468959347178696e-01
2.599996590614319092e-01
-7.688920944929122925e-02
1.616517763090502824e-01
1.789950998704412377e-01
1.823479771064261123e-01
3.626360404624294209e-01
3.159247705344574442e-01
1.000000000000000000e+00
1.000000000000000000e+00
1.000000000000000000e+00
9.535194443391949992e-01
1.000000000000000000e+00
1.000000000000000000e+00
1.000000000000000000e+00
1.000000000000000000e+00
9.720780539695892397e-01
1.000000000000000000e+00
8.965478390001403453e-01
1.000000000000000000e+00
9.148839640039978516e-01
9.760302224207563215e-01
1.000000000000000000e+00
9.835493020901550087e-01
1.000000000000000000e+00
1.000000000000000000e+00
9.718209609710773966e-01
5.912872003630718076e+00
-4.811318957700190246e-01
2.599964976310730203e-01
-4.642004892230033875e-02
3.597017178119568115e-01
4.407732441413362845e-01
1.471264808068082075e-01
2.646345621124813752e-01
4.950248151099781446e-01
1.000000000000000000e+00
8.308945527388266195e-01
1.000000000000000000e+00
9.993003237840044628e-01
8.376848127494262997e-01
9.824360126909955637e-01
9.487428260610596409e-01
8.456564544199582922e-01
9.941083117130222746e-01
1.000000000000000000e+00
1.000000000000000000e+00
1.000000000000000000e+00
9.819129069175746016e-01
1.000000000000000000e+00
9.904888163461732509e-01
9.729555171583792461e-01
1.000000000000000000e+00
9.184856730384652890e-01
1.000000000000000000e+00
5.882106359821266395e+00
-4.811001196755229081e-01
2.599769091606140003e-01
3.657783940434455872e-02
1.945486995856900714e-01
2.089816906218913417e-01
3.235163890039110535e-01
3.392240237150033200e-01
4.785507701585682838e-01
9.513879812786270040e-01
1.000000000000000000e+00
1.000000000000000000e+00
8.438639760597629325e-01
9.737009914139321820e-01
1.000000000000000000e+00
8.382275949811729410e-01
9.060928978148732327e-01
8.222715407271616872e-01
9.024440978638061939e-01
8.208019654211914373e-01
9.285391128811968375e-01
1.000000000000000000e+00
9.490503312906567457e-01
1.000000000000000000e+00
9.206843016135142221e-01
1.000000000000000000e+00
9.206529446969037300e-01
1.000000000000000000e+00
5.851477245605081201e+00
-4.846228336811533310e-01
2.599999380111694403e-01
-8.968182653188705444e-02
4.166987700997709654e-01
1.751901389493627781e-01
2.142071751997483009e-01
4.599399499242591838e-01
2.474751718184512173e-01
8.802679237237863719e-01
8.623608861582301444e-01
1.000000000000000000e+00
1.000000000000000000e+00
1.000000000000000000e+00
8.692783829593778711e-01
9.723966620586009801e-01
1.000000000000000000e+00
8.298190856306302265e-01
8.347600714208366357e-01
8.495563280079583279e-01
8.482594517294017589e-01
9.655502534595026276e-01
1.000000000000000000e+00
8.233871964376392460e-01
1.000000000000000000e+00
1.000000000000000000e+00
8.981428838906237999e-01
1.000000000000000000e+00
5.828518562132287251e+00
-4.799342810490623279e-01
2.599157261848449862e-01
-5.553366616368293762e-02
1.696072589857937352e-01
3.974500631023549224e-01
1.382422495466818779e-01
2.871397070007193908e-01
1.000000000000000000e+00
1.000000000000000000e+00
8.635910307319755175e-01
1.000000000000000000e+00
1.000000000000000000e+00
1.000000000000000000e+00
1.000000000000000000e+00
9.521815972408393947e-01
1.000000000000000000e+00
1.000000000000000000e+00
9.882849746737064622e-01
9.822489810179272363e-01
9.079065547875984077e-01
9.461870937831040607e-01
8.622625975656993402e-01
9.620240106480029141e-01
1.000000000000000000e+00
1.000000000000000000e+00
8.901656376156512618e-01
8.645426553855318774e-01
5.805423107176241437e+00
-4.763219667996452245e-01
2.599991011619567916e-01
-5.684222653508186340e-02
3.151962526722191238e-01
4.204240870300992583e-01
1.595879571741034009e-01
4.643266542926264839e-01
1.000000000000000000e+00
9.138741208496161672e-01
1.000000000000000000e+00
9.727633395016697104e-01
9.004826722724337262e-01
1.000000000000000000e+00
1.000000000000000000e+00
1.000000000000000000e+00
9.709730541444449026e-01
8.671458902495924326e-01
1.000000000000000000e+00
1.000000000000000000e+00
1.000000000000000000e+00
8.641009519244292614e-01
8.747158829060895924e-01
1.000000000000000000e+00
8.698481073297917865e-01
1.000000000000000000e+00
9.132502483002543636e-01
8.393951133660673136e-01
5.774240951717446890e+00
-4.685705606627434960e-01
2.599991941452026722e-01
-1.009895280003547668e-01
2.776006153810244848e-01
1.607256920654533405e-01
2.916935033388257659e-01
3.796896621194752464e-01
9.436442498373278642e-01
9.298349578786850866e-01
1.000000000000000000e+00
1.000000000000000000e+00
1.000000000000000000e+00
1.000000000000000000e+00
9.207202061981114571e-01
1.000000000000000000e+00
9.933214435780303164e-01
1.000000000000000000e+00
8.920936823348953881e-01
1.000000000000000000e+00
1.000000000000000000e+00
1.000000000000000000e+00
1.000000000000000000e+00
9.337157560522941768e-01
9.292757702292303579e-01
1.000000000000000000e+00
1.000000000000000000e+00
1.000000000000000000e+00
5.750890446499465014e+00
-4.568515215872768209e-01
2.599999070167541837e-01
-1.928216069936752319e-01
4.468910914482182029e-01
1.609569469427022115e-01
4.551400337404872265e-01
3.212545705914378047e-01
1.000000000000000000e+00
1.000000000000000000e+00
1.000000000000000000e+00
8.373661926506620334e-01
1.000000000000000000e+00
1.000000000000000000e+00
1.000000000000000000e+00
9.534626109379081838e-01
1.000000000000000000e+00
1.000000000000000000e+00
1.000000000000000000e+00
1.000000000000000000e+00
1.000000000000000000e+00
9.188636917891345179e-01
9.660881979245681261e-01
8.792792027998599380e-01
9.604456895218905776e-01
9.895547043661283571e-01
1.000000000000000000e+00
8.367694399558541773e-01
5.719650515599081331e+00
-4.413827799420024789e-01
2.599811553955078125e-01
-4.207361862063407898e-02
4.674376985257635009e-01
3.334488498187790362e-01
1.561674942503744334e-01
1.170482153890943094e-01
1.000000000000000000e+00
9.414118416267310829e-01
1.000000000000000000e+00
1.000000000000000000e+00
1.000000000000000000e+00
9.448833035902032274e-01
1.000000000000000000e+00
8.880665950683583887e-01
1.000000000000000000e+00
9.016069955023925386e-01
1.000000000000000000e+00
9.521571773031086705e-01
1.000000000000000000e+00
8.351146564244162906e-01
1.000000000000000000e+00
9.707764212927167957e-01
9.101559695436438613e-01
1.000000000000000000e+00
1.000000000000000000e+00
8.933713194286451165e-01
5.695963810020308493e+00
-4.321760174311557456e-01
2.599998760223388716e-01
-1.314995437860488892e-01
4.752618191514100254e-01
1.197771841409143861e-01
1.934389202901580229e-01
1.531346139915117921e-01
9.331407116373178212e-01
1.000000000000000000e+00
9.149378001844230557e-01
1.000000000000000000e+00
1.000000000000000000e+00
1.000000000000000000e+00
1.000000000000000000e+00
9.916333942765093168e-01
8.322781511244062846e-01
8.884395318736383329e-01
1.000000000000000000e+00
8.268555228512781685e-01
8.414001679727211025e-01
9.750837588713076043e-01
9.555512592309617359e-01
1.000000000000000000e+00
1.000000000000000000e+00
1.000000000000000000e+00
1.000000000000000000e+00
8.436059336459512670e-01
5.672175430243898475e+00
-4.218587993878695208e-01
2.599995970726013406e-01
-1.151981055736541748e-01
1.983208980528163023e-01
4.219707894887597677e-01
4.042288225768316257e-01
2.356143539319192903e-01
1.000000000000000000e+00
9.940252677075935850e-01
1.000000000000000000e+00
8.654209838865219995e-01
8.270784058046689591e-01
8.916035072847171561e-01
1.000000000000000000e+00
1.000000000000000000e+00
1.000000000000000000e+00
9.460316997180401311e-01
1.000000000000000000e+00
9.985947811581744604e-01
8.330904201012568899e-01
1.000000000000000000e+00
1.000000000000000000e+00
1.000000000000000000e+00
8.615916444477412783e-01
8.376855292765573724e-01
1.000000000000000000e+00
1.000000000000000000e+00
5.640713841411705509e+00
-4.126369765541482160e-01
2.599854326248168812e-01
-4.058588668704032898e-02
1.932673405050668036e-01
2.760168154080820946e-01
2.622177234248835864e-01
1.583673038372604702e-01
9.290233712210905770e-01
8.629832254303823058e-01
9.682403186654300331e-01
1.000000000000000000e+00
1.000000000000000000e+00
9.637871590254807330e-01
1.000000000000000000e+00
9.401801899101799309e-01
8.849100511149192716e-01
8.569665140587140462e-01
1.000000000000000000e+00
9.112524918697506582e-01
1.000000000000000000e+00
9.131699195655450518e-01
1.000000000000000000e+00
1.000000000000000000e+00
9.706740444408598067e-01
1.000000000000000000e+00
8.692371291526016508e-01
1.000000000000000000e+00
5.616736726253797940e+00
-4.007933703886727983e-01
2.599997210502624778e-01
-1.402916908264160156e-01
3.738905712670088088e-01
1.359725886522953897e-01
1.708704002529271293e-01
2.097263270090082010e-01
9.183187432784160054e-01
1.000000000000000000e+00
9.844731353133587826e-01
1.000000000000000000e+00
1.000000000000000000e+00
1.000000000000000000e+00
9.902428783625522035e-01
8.962871289940722574e-01
9.382473483265186820e-01
1.000000000000000000e+00
1.000000000000000000e+00
1.000000000000000000e+00
1.000000000000000000e+00
1.000000000000000000e+00
8.886275125942922903e-01
1.000000000000000000e+00
9.249192758321802543e-01
1.000000000000000000e+00
8.945917860342181838e-01
1.000000000000000000e+00
5.576297558090594464e+00
-3.876224842893898348e-01
2.599541437625885187e-01
-2.910349750891327858e-03
1.846144530326524758e-01
3.282676495009129169e-01
1.159892877580983583e-01
2.407934848461185662e-01
9.709613697410188760e-01
1.000000000000000000e+00
1.000000000000000000e+00
9.991711417117736804e-01
1.000000000000000000e+00
1.000000000000000000e+00
1.000000000000000000e+00
9.843069572374528731e-01
1.000000000000000000e+00
1.000000000000000000e+00
1.000000000000000000e+00
1.000000000000000000e+00
8.773296856114939368e-01
1.000000000000000000e+00
8.890352590040677683e-01
9.925816073777988802e-01
8.962798217850745930e-01
8.646897002789605269e-01
9.954842677982392862e-01
1.000000000000000000e+00
5.544417571880481788e+00
-3.926446911183378852e-01
2.599949479103088601e-01
2.943892031908035278e-02
2.447761383117186273e-01
2.040821684348692322e-01
1.432474548868019060e-01
1.000000000000000000e+00
9.500783296187894633e-01
1.000000000000000000e+00
1.000000000000000000e+00
1.000000000000000000e+00
1.000000000000000000e+00
8.995592728929188153e-01
9.455669576645652219e-01
9.507610585679734383e-01
9.977930038587145001e-01
9.973944971348510657e-01
8.497427372173148585e-01
9.738850217914993834e-01
8.429433298093672589e-01
9.425548122249536309e-01
1.000000000000000000e+00
8.411890238775491246e-01
8.387747880630753716e-01
8.418655538281865081e-01
1.000000000000000000e+00
9.493057217405330706e-01
5.520439515756506488e+00
-3.959467445158395549e-01
2.599984502792358487e-01
1.512803137302398682e-02
1.535404410176866019e-01
2.875680775562994285e-01
3.125890906379905632e-01
1.000000000000000000e+00
9.400486973596702267e-01
1.000000000000000000e+00
9.061428663861074151e-01
1.000000000000000000e+00
9.793646274891383285e-01
9.577088264889185298e-01
1.000000000000000000e+00
1.000000000000000000e+00
8.949782694900534352e-01
1.000000000000000000e+00
8.270483929718982496e-01
1.000000000000000000e+00
1.000000000000000000e+00
1.000000000000000000e+00
8.991131524088569194e-01
8.597859922199014848e-01
9.843276726905979546e-01
9.253484592140513998e-01
9.513552273129576298e-01
1.000000000000000000e+00
5.488228975535269782e+00
-3.898273238998601897e-01
2.599977064132690252e-01
-9.681374579668045044e-02
1.507142943821973557e-01
1.753707452051717908e-01
9.050045717192192751e-02
9.281269787981728525e-01
9.717155614186828716e-01
1.000000000000000000e+00
8.549472505149703361e-01
1.000000000000000000e+00
1.000000000000000000e+00
8.663213081595141363e-01
1.000000000000000000e+00
9.920809286989591413e-01
1.000000000000000000e+00
1.000000000000000000e+00
1.000000000000000000e+00
8.912520454158621153e-01
1.000000000000000000e+00
1.000000000000000000e+00
1.000000000000000000e+00
8.578319805615287619e-01
1.000000000000000000e+00
1.000000000000000000e+00
8.546515271523158486e-01
9.947318812693859424e-01
5.464117969408760267e+00
-3.847047919252020165e-01
2.599871063232421786e-01
-6.464827805757522583e-02
1.182517447954488515e-01
1.333215553370469542e-01
9.132670721849975304e-02
1.000000000000000000e+00
8.871329168707126067e-01
1.000000000000000000e+00
9.458200912930969650e-01
8.231421979091660956e-01
1.000000000000000000e+00
9.766495478067643843e-01
1.000000000000000000e+00
9.660117069847030669e-01
8.362131410670921028e-01
9.255164996587490478e-01
1.000000000000000000e+00
1.000000000000000000e+00
8.201654296889107076e-01
8.434005536286844906e-01
1.000000000000000000e+00
1.000000000000000000e+00
1.000000000000000000e+00
1.000000000000000000e+00
1.000000000000000000e+00
9.026288839795133523e-01
5.432309686058260922e+00
-3.875764604318177042e-01
2.599402272701263339e-01
6.559163331985473633e-02
3.627788659739603072e-01
2.138144004157397637e-01
2.913964214622160043e-01
1.000000000000000000e+00
8.887066831835365166e-01
1.000000000000000000e+00
8.844741459449892984e-01
1.000000000000000000e+00
9.555749947534594169e-01
9.909400205196386979e-01
1.000000000000000000e+00
9.497583223583575540e-01
1.000000000000000000e+00
9.537598537799845122e-01
8.649902719825783848e-01
8.409607780604325677e-01
1.000000000000000000e+00
1.000000000000000000e+00
9.442218349017476031e-01
9.483090780211655968e-01
1.000000000000000000e+00
9.486362401408836575e-01
1.000000000000000000e+00
9.520647774925864448e-01
5.408273639364274743e+00
-3.939923510061342782e-01
2.599822711944579923e-01
4.321278631687164307e-02
1.990109763785843922e-01
1.983120742746147247e-01
5.422306125830295143e-01
8.695558242742665866e-01
9.399876731103816718e-01
9.193023236443460533e-01
1.000000000000000000e+00
9.097909229529561603e-01
9.087380794965824737e-01
8.905908803356100689e-01
1.000000000000000000e+00
9.791184260171341691e-01
1.000000000000000000e+00
9.039714651850481175e-01
1.000000000000000000e+00
8.390043605055080844e-01
9.239080242995731940e-01
1.000000000000000000e+00
8.525997236987918892e-01
9.313101743132333743e-01
9.092586277364611558e-01
8.538559126162609259e-01
8.390345455176879685e-01
8.536702423084859825e-01
5.376481534640335624e+00
-3.943725901477836970e-01
2.599995970726013406e-01
-1.258928775787353516e-01
1.234524847656461588e-01
2.649382363232474225e-01
5.987242471290022960e-01
1.000000000000000000e+00
9.955035267599878779e-01
1.000000000000000000e+00
8.462356589763425641e-01
1.000000000000000000e+00
9.853786984487167278e-01
1.000000000000000000e+00
8.501801745089777596e-01
1.000000000000000000e+00
1.000000000000000000e+00
8.806501244115255700e-01
1.000000000000000000e+00
1.000000000000000000e+00
9.010815479944727091e-01
1.000000000000000000e+00
8.246113985485513664e-01
1.000000000000000000e+00
9.095301301357178181e-01
8.530582438458996775e-01
9.964959499906907991e-01
8.907491268070810708e-01
5.352488941219132101e+00
-3.841656489440907762e-01
2.599949479103088601e-01
-1.052826195955276489e-01
1.826466521254642150e-01
9.403898065943543105e-02
6.257621478317442199e-01
1.000000000000000000e+00
9.694622540420121393e-01
9.924933855258980531e-01
1.000000000000000000e+00
1.000000000000000000e+00
1.000000000000000000e+00
9.120519466683809640e-01
9.087858173631021552e-01
8.561341860735139919e-01
1.000000000000000000e+00
8.809926034356206914e-01
9.583657081601054673e-01
9.897486135406295960e-01
8.856704312531243906e-01
1.000000000000000000e+00
8.900257816333932981e-01
1.000000000000000000e+00
1.000000000000000000e+00
1.000000000000000000e+00
8.587502788962184663e-01
9.493778792520908283e-01
5.320043523455861845e+00
-3.753319830978472105e-01
2.599911975860595970e-01
-4.955884814262390137e-02
2.369944350779125963e-01
3.910496471241214356e-01
9.157025557497908697e-01
1.000000000000000000e+00
8.741586233701577058e-01
1.000000000000000000e+00
9.619771727363195524e-01
8.530413053235799126e-01
1.000000000000000000e+00
1.000000000000000000e+00
9.160926857244845456e-01
1.000000000000000000e+00
9.349982843092170537e-01
8.457270112775244764e-01
8.727970541265503979e-01
9.732885352069694518e-01
1.000000000000000000e+00
9.869067017739558967e-01
8.204846152620633992e-01
1.000000000000000000e+00
9.055381430099622708e-01
1.000000000000000000e+00
9.560469627744564436e-01
9.671136550898739026e-01
5.295815183047758445e+00
-3.751896119766766624e-01
2.598634850978851496e-01
5.365658551454544067e-02
1.298996483139208402e-01
4.372980040060924223e-01
1.000000000000000000e+00
8.617614743843512448e-01
9.432269298560992388e-01
1.000000000000000000e+00
9.547173139279027110e-01
8.878688432805504904e-01
8.870046247704662656e-01
1.000000000000000000e+00
9.460738695719935754e-01
1.000000000000000000e+00
1.000000000000000000e+00
8.938586639726022742e-01
8.850368555059746623e-01
1.000000000000000000e+00
8.982329003564880621e-01
9.641583678613739883e-01
1.000000000000000000e+00
8.382885352486769692e-01
1.000000000000000000e+00
1.000000000000000000e+00
8.563807153057266808e-01
1.000000000000000000e+00
5.271603518911966546e+00
-3.709474042681057959e-01
2.599998450279236151e-01
-1.951097697019577026e-01
3.009188813153932385e-01
4.478967531773244137e-01
9.720048323048919858e-01
1.000000000000000000e+00
1.000000000000000000e+00
1.000000000000000000e+00
9.361547414682027668e-01
9.477832012290798858e-01
1.000000000000000000e+00
1.000000000000000000e+00
9.983131063781021108e-01
1.000000000000000000e+00
1.000000000000000000e+00
9.362948720881334452e-01
1.000000000000000000e+00
8.973214179411944658e-01
1.000000000000000000e+00
8.854508807892339517e-01
1.000000000000000000e+00
9.772572638497908359e-01
1.000000000000000000e+00
1.000000000000000000e+00
9.034549213590014061e-01
9.500830889467435370e-01
5.239459816586684582e+00
-3.561290996079531368e-01
2.599985432624816739e-01
-7.474284619092941284e-02
2.690041814639689277e-01
1.371712538332390263e-01
9.551206360094626202e-01
8.641846477096597479e-01
9.276949435520348564e-01
1.000000000000000000e+00
9.927120939702623881e-01
9.135285440420511938e-01
8.358479891500338876e-01
1.000000000000000000e+00
1.000000000000000000e+00
1.000000000000000000e+00
9.330463474790516853e-01
8.526995691075648365e-01
9.983716474710594424e-01
9.862583565578988409e-01
9.896923983096880262e-01
9.762133044125782533e-01
1.000000000000000000e+00
1.000000000000000000e+00
1.000000000000000000e+00
1.000000000000000000e+00
9.458589681169886632e-01
1.000000000000000000e+00
5.214978278518169752e+00
-3.460278147774462632e-01
2.599996900558471657e-01
-1.386762857437133789e-01
2.760819951131111005e-01
4.179369697163063391e-01
9.553233624492090126e-01
8.217808016816822159e-01
8.241083587892433782e-01
1.000000000000000000e+00
1.000000000000000000e+00
1.000000000000000000e+00
1.000000000000000000e+00
1.000000000000000000e+00
9.403532343212475109e-01
1.000000000000000000e+00
1.000000000000000000e+00
1.000000000000000000e+00
9.208189690893823220e-01
1.000000000000000000e+00
1.000000000000000000e+00
1.000000000000000000e+00
1.000000000000000000e+00
1.000000000000000000e+00
9.475767248933623099e-01
9.038947954413002472e-01
1.000000000000000000e+00
1.000000000000000000e+00
5.190438275485470321e+00
-3.426022320239900942e-01
2.599878501892090021e-01
-2.375622093677520752e-02
8.341703322026128298e-02
4.234238308930170502e-01
8.875725428413635543e-01
1.000000000000000000e+00
1.000000000000000000e+00
8.615958051570461462e-01
1.000000000000000000e+00
9.101462835987602640e-01
1.000000000000000000e+00
1.000000000000000000e+00
1.000000000000000000e+00
9.411059085565528504e-01
1.000000000000000000e+00
1.000000000000000000e+00
1.000000000000000000e+00
1.000000000000000000e+00
9.603171176031314316e-01
9.255441312053704905e-01
1.000000000000000000e+00
1.000000000000000000e+00
9.019845873051069995e-01
9.514375004189140617e-01
9.472261720461928602e-01
1.000000000000000000e+00
5.157576932325175889e+00
-3.342461564667815743e-01
2.599998140335083030e-01
-1.773512363433837891e-01
3.217074098274115834e-01
5.040324524585165777e-01
8.973335325194782275e-01
9.026027172621605699e-01
9.315164869548177018e-01
1.000000000000000000e+00
9.867265399807015891e-01
1.000000000000000000e+00
8.529636759707283078e-01
9.938437593963820316e-01
1.000000000000000000e+00
8.237674027691791467e-01
8.705177039007959694e-01
9.146607665558804667e-01
9.035534543775184391e-01
9.683701516128842002e-01
9.422162924346541013e-01
1.000000000000000000e+00
8.662385805810913775e-01
9.223941078268473870e-01
8.234560717294263643e-01
1.000000000000000000e+00
1.000000000000000000e+00
8.923797016073936605e-01
5.132967491010965944e+00
-3.254411040620825979e-01
2.599975204467773748e-01
-1.916535198688507080e-02
1.796409130115702024e-01
2.740739091075738987e-01
8.964826728997153937e-01
1.000000000000000000e+00
1.000000000000000000e+00
8.710575151608557221e-01
9.356192162066925277e-01
8.443389037874143854e-01
1.000000000000000000e+00
1.000000000000000000e+00
8.968921152298104937e-01
1.000000000000000000e+00
9.535506836361097305e-01
1.000000000000000000e+00
1.000000000000000000e+00
8.787586403941688440e-01
1.000000000000000000e+00
9.802875346883913599e-01
1.000000000000000000e+00
9.526074174644791892e-01
1.000000000000000000e+00
8.766957583759850126e-01
9.173552863404177415e-01
1.000000000000000000e+00
5.100205384884404225e+00
-3.139179890409948825e-01
2.599985432624816739e-01
-1.679206043481826782e-01
1.296176342166893980e-01
4.966822154908019371e-01
1.000000000000000000e+00
1.000000000000000000e+00
9.293874728162856425e-01
1.000000000000000000e+00
8.762721211962862800e-01
8.456077720631854922e-01
1.000000000000000000e+00
9.568351143596395270e-01
1.000000000000000000e+00
8.265999937248303953e-01
9.365552209547959306e-01
8.353655526907299844e-01
9.055630388775838258e-01
8.302746547130163135e-01
1.000000000000000000e+00
1.000000000000000000e+00
8.599685014262706817e-01
1.000000000000000000e+00
8.877186004825724508e-01
9.810881795336887645e-01
1.000000000000000000e+00
9.530598389558030403e-01
5.075379592408809870e+00
-3.089718433153474386e-01
2.599970245361328258e-01
1.470453920774161816e-03
4.464056311231293650e-01
3.838260439155151693e-01
1.000000000000000000e+00
1.000000000000000000e+00
1.000000000000000000e+00
8.996828353112634735e-01
8.439045677511486376e-01
9.190182096859029759e-01
1.000000000000000000e+00
9.930142772099819215e-01
1.000000000000000000e+00
9.962960510196536834e-01
9.809574291924073597e-01
8.820609049493582932e-01
1.000000000000000000e+00
1.000000000000000000e+00
9.918481945570961633e-01
1.000000000000000000e+00
9.547376353900288715e-01
9.033713744646119093e-01
1.000000000000000000e+00
8.925666265586306158e-01
1.000000000000000000e+00
8.231171049901709891e-01
5.050513942168158188e+00
-3.064339062974386074e-01
2.599948239326477228e-01
-6.536620110273361206e-02
1.191173100162701004e-01
4.026036330402153474e-01
8.306146723476224292e-01
1.000000000000000000e+00
1.000000000000000000e+00
1.000000000000000000e+00
1.000000000000000000e+00
1.000000000000000000e+00
1.000000000000000000e+00
1.000000000000000000e+00
9.942803715421076882e-01
8.476394541531521165e-01
9.586510808637997982e-01
1.000000000000000000e+00
1.000000000000000000e+00
8.970354397499168408e-01
1.000000000000000000e+00
9.562482856573307766e-01
8.574413910328766431e-01
1.000000000000000000e+00
1.000000000000000000e+00
1.000000000000000000e+00
1.000000000000000000e+00
8.497572583752600606e-01
5.017604124104431129e+00
-2.968780311055883026e-01
2.599998140335083030e-01
-1.554694026708602905e-01
1.484270591536293316e-01
3.165645283884773731e-01
1.000000000000000000e+00
8.259689920596813284e-01
9.132132977312661382e-01
1.000000000000000000e+00
9.039016321635823248e-01
9.794751425115825194e-01
1.000000000000000000e+00
8.253695553717997901e-01
1.000000000000000000e+00
1.000000000000000000e+00
9.808472216330067495e-01
1.000000000000000000e+00
8.848561675904826895e-01
8.910320009033501076e-01
8.412752581534330698e-01
9.395380206865581174e-01
9.288441390913523277e-01
1.000000000000000000e+00
1.000000000000000000e+00
1.000000000000000000e+00
8.857892097440478452e-01
8.218133015658991569e-01
4.992694465849697671e+00
-2.942441862527558349e-01
2.599847507476806818e-01
1.486363448202610016e-02
2.047654202115017641e-01
3.541687025633167285e-01
9.857599818675240044e-01
1.000000000000000000e+00
8.361909085134913155e-01
8.912133591730766469e-01
8.857989602299702891e-01
9.542821049754721674e-01
9.846623312332754008e-01
9.108973842141566690e-01
1.000000000000000000e+00
1.000000000000000000e+00
1.000000000000000000e+00
1.000000000000000000e+00
8.803535428138327124e-01
1.000000000000000000e+00
8.567973765663757790e-01
1.000000000000000000e+00
8.627317274090043897e-01
1.000000000000000000e+00
8.717934528823273466e-01
1.000000000000000000e+00
1.000000000000000000e+00
9.366671752531873230e-01
4.959533813796793922e+00
-2.941344128819678438e-01
2.599964356422424516e-01
-5.305216461420059204e-02
4.202018684937885995e-01
3.478432668293688912e-01
9.363777832882761443e-01
8.562819413131311785e-01
9.718045120459992692e-01
9.440925988821831094e-01
1.000000000000000000e+00
8.517757039344040493e-01
8.964264500502111543e-01
1.000000000000000000e+00
9.578311560394844326e-01
1.000000000000000000e+00
1.000000000000000000e+00
1.000000000000000000e+00
8.623219995326215637e-01
1.000000000000000000e+00
1.000000000000000000e+00
1.000000000000000000e+00
1.000000000000000000e+00
1.000000000000000000e+00
1.000000000000000000e+00
1.000000000000000000e+00
1.000000000000000000e+00
1.000000000000000000e+00
4.934614959730165396e+00
-2.885323907282018041e-01
2.599991011619567916e-01
-6.831606477499008179e-02
4.905591988915872226e-01
6.220734023637615184e-01
8.231732148093255930e-01
8.568877238107435179e-01
8.795255138157385133e-01
1.000000000000000000e+00
9.994933776715514417e-01
9.146464009613115564e-01
8.523745999492672309e-01
8.766812767770143511e-01
9.832593545555017300e-01
9.042248169407857139e-01
9.761613051554576259e-01
9.806265464578777236e-01
8.757216927147128960e-01
9.119067824760193064e-01
9.618313192344390972e-01
9.568573228721899415e-01
8.617869658039383207e-01
1.000000000000000000e+00
1.000000000000000000e+00
1.000000000000000000e+00
9.792724644592681882e-01
9.804529253944279654e-01
4.909723940172601608e+00
-2.840762010974837715e-01
2.599995660781860285e-01
-5.834011733531951904e-02
4.345475540693229943e-01
4.431221273397812910e-01
1.000000000000000000e+00
1.000000000000000000e+00
1.000000000000000000e+00
8.744832875339668687e-01
1.000000000000000000e+00
9.687372387630962534e-01
1.000000000000000000e+00
9.258865526289660197e-01
1.000000000000000000e+00
1.000000000000000000e+00
9.088943765309460687e-01
1.000000000000000000e+00
1.000000000000000000e+00
1.000000000000000000e+00
1.000000000000000000e+00
1.000000000000000000e+00
1.000000000000000000e+00
9.856685615892845087e-01
1.000000000000000000e+00
1.000000000000000000e+00
9.741755720646604333e-01
1.000000000000000000e+00
4.876098802738535021e+00
-2.741602102283100528e-01
2.599997520446777344e-01
-2.034702748060226440e-01
4.195711492893855477e-01
4.145929015144552143e-01
8.893803415318630723e-01
8.774727868916620821e-01
8.846505021661770218e-01
1.000000000000000000e+00
1.000000000000000000e+00
8.363518449119778930e-01
1.000000000000000000e+00
1.000000000000000000e+00
8.379128337318649811e-01
1.000000000000000000e+00
9.654803295168833399e-01
1.000000000000000000e+00
1.000000000000000000e+00
9.317932337607464088e-01
9.765581559265371636e-01
1.000000000000000000e+00
9.263653592675763493e-01
1.000000000000000000e+00
8.862779732956835854e-01
1.000000000000000000e+00
1.000000000000000000e+00
1.000000000000000000e+00
4.842602555974772294e+00
-2.596698873407770058e-01
2.599995970726013406e-01
-7.938756048679351807e-02
4.275025015959396102e-01
4.832121373197256209e-01
1.000000000000000000e+00
9.901245542963460489e-01
9.777911399041921969e-01
1.000000000000000000e+00
8.797279234616256494e-01
1.000000000000000000e+00
8.378941142863206570e-01
1.000000000000000000e+00
9.411191892509264134e-01
1.000000000000000000e+00
9.597984233340276505e-01
1.000000000000000000e+00
1.000000000000000000e+00
1.000000000000000000e+00
1.000000000000000000e+00
8.594703243798013093e-01
9.625789576707141082e-01
9.388735828857195376e-01
9.084165498077448886e-01
9.366990522534537345e-01
1.000000000000000000e+00
8.278384176729861599e-01
4.817504123758041601e+00
-2.539491164050402539e-01
2.599994421005248912e-01
-6.722994893789291382e-02
4.221722448666663796e-01
4.554010831280766447e-01
8.913232469364140709e-01
1.000000000000000000e+00
1.000000000000000000e+00
9.233903066389951286e-01
1.000000000000000000e+00
9.282680857741005820e-01
1.000000000000000000e+00
8.471269820313104271e-01
1.000000000000000000e+00
9.731277272485642227e-01
1.000000000000000000e+00
1.000000000000000000e+00
8.247600543070571222e-01
9.776653906312799958e-01
9.707095539010072160e-01
1.000000000000000000e+00
1.000000000000000000e+00
1.000000000000000000e+00
9.218349670455904254e-01
9.647719318594332183e-01
1.000000000000000000e+00
1.000000000000000000e+00
4.792279112164195887e+00
-2.422225134292794735e-01
2.599997830390930464e-01
-1.668489575386047363e-01
4.814237540309643792e-01
1.000000000000000000e+00
1.000000000000000000e+00
9.191520357444206146e-01
9.443231555487717754e-01
1.000000000000000000e+00
8.518295976478507114e-01
1.000000000000000000e+00
1.000000000000000000e+00
1.000000000000000000e+00
1.000000000000000000e+00
1.000000000000000000e+00
9.736512466130832211e-01
8.216280226693760680e-01
1.000000000000000000e+00
1.000000000000000000e+00
8.479746447763593098e-01
1.000000000000000000e+00
8.954113728359204272e-01
9.328413192071847160e-01
9.329556338937605720e-01
9.618390209469396268e-01
1.000000000000000000e+00
9.115307990452236053e-01
4.758460197689382554e+00
-2.301035669760280733e-01
2.599991941452026722e-01
-1.805650629103183746e-02
5.230518437991656944e-01
1.000000000000000000e+00
1.000000000000000000e+00
1.000000000000000000e+00
1.000000000000000000e+00
1.000000000000000000e+00
1.000000000000000000e+00
8.664580200170586277e-01
8.541083529695351340e-01
8.653764031968143033e-01
8.723400334733588668e-01
1.000000000000000000e+00
9.747915400628698324e-01
9.882301146407339587e-01
1.000000000000000000e+00
8.914446258015414903e-01
9.095627689199697885e-01
1.000000000000000000e+00
8.696079717765965444e-01
8.794413596128702881e-01
9.463734710169199316e-01
9.578206502590403959e-01
1.000000000000000000e+00
9.041211762853021972e-01
4.724629604627780033e+00
-2.265030782337977833e-01
2.599999690055847523e-01
-2.426125854253768921e-01
3.706576944175377641e-01
1.000000000000000000e+00
1.000000000000000000e+00
1.000000000000000000e+00
8.576640145327095732e-01
8.934178299702942860e-01
1.000000000000000000e+00
1.000000000000000000e+00
8.711096263621093128e-01
8.518409926212164862e-01
1.000000000000000000e+00
9.878312869221405057e-01
9.608085925111414793e-01
1.000000000000000000e+00
9.284131255761084445e-01
1.000000000000000000e+00
1.000000000000000000e+00
8.439622712754760725e-01
9.083773728621619137e-01
1.000000000000000000e+00
1.000000000000000000e+00
1.000000000000000000e+00
8.828293574651994158e-01
8.576512589990766822e-01
4.690731091677355025e+00
-1.993833754792415647e-01
2.599999380111694403e-01
-1.941873133182525635e-01
4.289144483736483382e-01
1.000000000000000000e+00
9.980808591934045015e-01
9.092909768495712752e-01
1.000000000000000000e+00
9.681565496237608537e-01
1.000000000000000000e+00
9.229699044333047331e-01
8.386038251341177974e-01
1.000000000000000000e+00
8.318638201443082636e-01
1.000000000000000000e+00
9.463291177414827615e-01
9.073178708041058638e-01
9.473043961406935054e-01
9.842889789907413034e-01
8.841783333938374456e-01
1.000000000000000000e+00
1.000000000000000000e+00
9.815527896860015700e-01
9.932110567847683980e-01
1.000000000000000000e+00
9.329627104657046699e-01
9.098351754908590161e-01
4.656456853989071831e+00
-1.751930924358582331e-01
2.599999070167541837e-01
-1.902792751789093018e-01
2.573207172303010881e-01
9.011794272066259159e-01
8.569529005001127464e-01
1.000000000000000000e+00
1.000000000000000000e+00
1.000000000000000000e+00
9.721381411231460046e-01
1.000000000000000000e+00
8.952118191538124270e-01
1.000000000000000000e+00
1.000000000000000000e+00
1.000000000000000000e+00
8.776162315726944163e-01
1.000000000000000000e+00
1.000000000000000000e+00
9.211148021434516497e-01
8.990596354162209147e-01
1.000000000000000000e+00
8.389036490917017863e-01
1.000000000000000000e+00
9.841418633150704753e-01
1.000000000000000000e+00
9.673718801558133240e-01
8.505261227221032616e-01
4.630711680367276095e+00
-1.592226893420902734e-01
2.599996280670165971e-01
-1.651957333087921143e-01
3.591150001843689266e-01
1.000000000000000000e+00
1.000000000000000000e+00
9.060825989523324520e-01
1.000000000000000000e+00
1.000000000000000000e+00
1.000000000000000000e+00
1.000000000000000000e+00
9.268939129257555143e-01
9.849483367428982783e-01
1.000000000000000000e+00
8.572092472533590080e-01
1.000000000000000000e+00
9.439142720404286591e-01
8.626158653290195710e-01
1.000000000000000000e+00
8.379771705718722652e-01
1.000000000000000000e+00
8.853972519535427965e-01
1.000000000000000000e+00
1.000000000000000000e+00
9.808709315328071332e-01
9.210098267264840155e-01
1.000000000000000000e+00
4.605004923734580480e+00
-1.470626930080567440e-01
2.599988842010498291e-01
-5.009590834379196167e-02
4.392763709922093418e-01
9.244296721403342243e-01
1.000000000000000000e+00
1.000000000000000000e+00
8.244023088080848494e-01
8.235799744490001073e-01
1.000000000000000000e+00
9.117785106467890532e-01
1.000000000000000000e+00
9.521336523481253034e-01
8.615550115755219451e-01
9.451856034620566005e-01
8.619184433614031082e-01
9.373211274409359861e-01
1.000000000000000000e+00
1.000000000000000000e+00
8.505779905623948034e-01
1.000000000000000000e+00
1.000000000000000000e+00
9.900518178923926049e-01
9.189982049708901313e-01
8.399909747220296596e-01
9.599097697245194682e-01
1.000000000000000000e+00
4.570435160452567480e+00
-1.385805604823198145e-01
2.599987912178039484e-01
-8.814618736505508423e-02
4.624553655946523345e-01
1.000000000000000000e+00
1.000000000000000000e+00
8.742687412032080774e-01
9.412378692567011651e-01
9.099527097977991863e-01
9.008739894985231533e-01
9.728540971156058870e-01
1.000000000000000000e+00
9.250135236238008485e-01
1.000000000000000000e+00
9.115072178868448560e-01
9.282489468590897630e-01
9.851489029537192632e-01
9.776249161209520366e-01
1.000000000000000000e+00
1.000000000000000000e+00
1.000000000000000000e+00
8.820400826072003486e-01
1.000000000000000000e+00
1.000000000000000000e+00
9.742214277743028727e-01
1.000000000000000000e+00
1.000000000000000000e+00
4.544639230851670320e+00
-1.298502844896596287e-01
2.599995970726013406e-01
-1.389753073453903198e-01
5.253897236795801451e-01
8.795675058569176752e-01
8.635309333232912277e-01
8.375103383501391052e-01
9.772230639784178496e-01
8.654110982169662680e-01
1.000000000000000000e+00
1.000000000000000000e+00
9.931394862660271050e-01
1.000000000000000000e+00
1.000000000000000000e+00
9.847917060854971538e-01
8.812672787669890706e-01
8.249351354290715976e-01
1.000000000000000000e+00
8.886210198428026175e-01
9.702197790582776094e-01
1.000000000000000000e+00
8.701391240945878236e-01
1.000000000000000000e+00
9.038109232286568595e-01
9.039432689356695638e-01
9.132960570198561667e-01
8.437228575548109122e-01
4.518914526476213389e+00
-1.186098050674977422e-01
2.599996590614319092e-01
-7.492092996835708618e-02
5.556704960708509500e-01
8.843861022029800845e-01
1.000000000000000000e+00
1.000000000000000000e+00
1.000000000000000000e+00
9.480587681599633720e-01
9.261158088750139905e-01
9.890832868850178983e-01
1.000000000000000000e+00
1.000000000000000000e+00
9.519895335649698476e-01
1.000000000000000000e+00
9.654664741004965745e-01
1.000000000000000000e+00
1.000000000000000000e+00
9.071323013222650777e-01
9.947138925535577991e-01
1.000000000000000000e+00
9.156700666557107127e-01
8.469323653177968092e-01
1.000000000000000000e+00
1.000000000000000000e+00
8.843416884006740641e-01
9.721028568561637107e-01
4.493120834322886559e+00
-1.089115469519605917e-01
2.599995970726013406e-01
-1.663723587989807129e-01
5.406113708479937108e-01
8.594241476680802849e-01
1.000000000000000000e+00
1.000000000000000000e+00
9.468653130866965251e-01
1.000000000000000000e+00
8.557644577663966468e-01
1.000000000000000000e+00
8.369084596301856749e-01
1.000000000000000000e+00
9.999092994600352613e-01
9.679986895164122140e-01
1.000000000000000000e+00
8.734019164768273003e-01
1.000000000000000000e+00
1.000000000000000000e+00
9.453411606294913616e-01
1.000000000000000000e+00
1.000000000000000000e+00
9.302398321068535703e-01
1.000000000000000000e+00
1.000000000000000000e+00
1.000000000000000000e+00
1.000000000000000000e+00
4.458515542035474510e+00
-9.065921337045645956e-02
2.599996590614319092e-01
-1.131718903779983521e-01
4.826843206269545994e-01
8.269926961700421186e-01
8.881002747156127031e-01
9.770788016729545777e-01
8.397464097598915655e-01
1.000000000000000000e+00
1.000000000000000000e+00
8.312073197318339268e-01
1.000000000000000000e+00
1.000000000000000000e+00
1.000000000000000000e+00
1.000000000000000000e+00
1.000000000000000000e+00
1.000000000000000000e+00
9.376177601277272400e-01
1.000000000000000000e+00
1.000000000000000000e+00
1.000000000000000000e+00
1.000000000000000000e+00
9.637729672124487612e-01
8.691342709260140298e-01
1.000000000000000000e+00
8.420597043933997217e-01
9.981669448176498927e-01
4.424035318904908642e+00
-9.318607044069748824e-02
2.599989461898803977e-01
7.336801290512084961e-02
4.564152694360544826e-01
9.862373811811383506e-01
9.191618824644481878e-01
1.000000000000000000e+00
1.000000000000000000e+00
8.658830455927948311e-01
8.974926949634031148e-01
1.000000000000000000e+00
1.000000000000000000e+00
1.000000000000000000e+00
9.168503604197656420e-01
9.024134459509578488e-01
1.000000000000000000e+00
1.000000000000000000e+00
1.000000000000000000e+00
9.831021239664894384e-01
1.000000000000000000e+00
8.652686046181413682e-01
8.802168886264329917e-01
1.000000000000000000e+00
1.000000000000000000e+00
1.000000000000000000e+00
9.235845053402568228e-01
1.000000000000000000e+00
4.398368155086497922e+00
-1.028254265279846535e-01
2.599998760223388716e-01
1.134939640760421753e-01
3.156462929922625449e-01
1.000000000000000000e+00
1.000000000000000000e+00
9.272319432722986310e-01
1.000000000000000000e+00
1.000000000000000000e+00
1.000000000000000000e+00
1.000000000000000000e+00
1.000000000000000000e+00
9.293686351812323609e-01
9.801109069393189044e-01
1.000000000000000000e+00
9.097863453840496772e-01
8.650513360709283228e-01
1.000000000000000000e+00
8.937101690286991529e-01
1.000000000000000000e+00
8.698339501605441004e-01
9.191448692417526489e-01
9.990043056140763822e-01
9.913952930438674205e-01
1.000000000000000000e+00
1.000000000000000000e+00
1.000000000000000000e+00
4.372568517361722584e+00
-1.099378925827880771e-01
2.599999070167541837e-01
4.534158483147621155e-02
5.760756145135327300e-01
9.364650307230191206e-01
9.373053370063428869e-01
1.000000000000000000e+00
8.345283998593820973e-01
1.000000000000000000e+00
9.567536686163170545e-01
1.000000000000000000e+00
1.000000000000000000e+00
8.609010400762878712e-01
9.714334533821931128e-01
9.933598153138171183e-01
9.418801669257436116e-01
1.000000000000000000e+00
8.397555963879183016e-01
9.383486126702347274e-01
1.000000000000000000e+00
8.799527985525296137e-01
1.000000000000000000e+00
8.702463679105987282e-01
9.359627563328489774e-01
1.000000000000000000e+00
1.000000000000000000e+00
9.983225724859445815e-01
4.337979583583019050e+00
-1.191481834180816435e-01
2.599991941452026722e-01
6.574757397174835205e-02
4.975712638135583177e-01
1.000000000000000000e+00
8.655387886044253465e-01
8.864752151734144325e-01
1.000000000000000000e+00
9.671242389513350357e-01
9.245385316301465428e-01
9.753301043135605974e-01
1.000000000000000000e+00
1.000000000000000000e+00
1.000000000000000000e+00
1.000000000000000000e+00
1.000000000000000000e+00
1.000000000000000000e+00
1.000000000000000000e+00
1.000000000000000000e+00
9.631512286511304533e-01
1.000000000000000000e+00
1.000000000000000000e+00
9.163197048972219205e-01
1.000000000000000000e+00
9.689204850393439150e-01
9.869688180440814307e-01
8.554516945854627741e-01
4.312050450787263678e+00
-1.201179070519429182e-01
2.599999070167541837e-01
-8.811804652214050293e-02
1.000000000000000000e+00
1.000000000000000000e+00
1.000000000000000000e+00
1.000000000000000000e+00
9.830970015456147459e-01
1.000000000000000000e+00
8.232855201512493393e-01
1.000000000000000000e+00
8.204636926341623004e-01
9.466691189547488117e-01
9.139860048050053587e-01
8.285894260693906777e-01
9.780276192590215967e-01
9.203983463101307327e-01
8.832961985053531251e-01
1.000000000000000000e+00
9.931555116311542308e-01
8.278672359622144539e-01
9.017532562421758380e-01
9.137876005718661432e-01
1.000000000000000000e+00
8.927522290259183313e-01
8.475381129042000028e-01
1.000000000000000000e+00
4.277731165177225847e+00
-1.146629129883121045e-01
2.599998450279236151e-01
-2.743818983435630798e-02
1.000000000000000000e+00
1.000000000000000000e+00
1.000000000000000000e+00
1.000000000000000000e+00
8.942487987826263085e-01
8.760174835747871480e-01
9.088399196417975556e-01
8.291731437726012066e-01
1.000000000000000000e+00
8.620962290137043071e-01
1.000000000000000000e+00
1.000000000000000000e+00
1.000000000000000000e+00
8.555152466153465030e-01
8.458251951971785809e-01
9.589262873031237921e-01
9.928315295897228721e-01
1.000000000000000000e+00
9.362778082484898290e-01
9.872131586978110107e-01
9.241836263726643796e-01
1.000000000000000000e+00
1.000000000000000000e+00
1.000000000000000000e+00
4.251988673201732460e+00
-9.981663826381526050e-02
2.599999380111694403e-01
-2.675620019435882568e-01
8.587125398652888375e-01
9.369042780964200734e-01
9.950103473413961508e-01
1.000000000000000000e+00
9.488813308081297526e-01
8.442052521009154598e-01
1.000000000000000000e+00
1.000000000000000000e+00
1.000000000000000000e+00
9.231140180650135862e-01
8.347450858321459055e-01
8.831337702971909787e-01
1.000000000000000000e+00
9.018922296914443359e-01
1.000000000000000000e+00
9.497706927926737874e-01
9.465226619446444056e-01
8.375416025963806632e-01
1.000000000000000000e+00
9.467532037032997394e-01
8.858354510140558080e-01
8.368945446741650196e-01
1.000000000000000000e+00
1.000000000000000000e+00
4.225918412682633907e+00
-7.715841085700470003e-02
2.599999690055847523e-01
-1.844690889120101929e-01
1.000000000000000000e+00
8.270587477313731117e-01
9.860632431557080357e-01
1.000000000000000000e+00
1.000000000000000000e+00
8.927253320898473898e-01
9.397175484812895219e-01
8.947792462053814067e-01
8.689981385640667133e-01
1.000000000000000000e+00
9.929261695533606602e-01
9.551299671574698946e-01
1.000000000000000000e+00
1.000000000000000000e+00
1.000000000000000000e+00
1.000000000000000000e+00
8.721419566064592122e-01
9.951600295608707958e-01
1.000000000000000000e+00
1.000000000000000000e+00
8.899679073228012882e-01
9.334668832375844216e-01
1.000000000000000000e+00
8.267437391961435234e-01
4.199842182873600116e+00
-5.827843838458779402e-02
2.599999380111694403e-01
-2.003237158060073853e-01
4.958543698478700135e-01
8.601315355494806303e-01
1.000000000000000000e+00
9.999293002610362135e-01
1.000000000000000000e+00
1.000000000000000000e+00
9.173468081514110084e-01
1.000000000000000000e+00
1.000000000000000000e+00
1.000000000000000000e+00
8.392178468427146099e-01
1.000000000000000000e+00
1.000000000000000000e+00
9.685066233781007838e-01
1.000000000000000000e+00
1.000000000000000000e+00
1.000000000000000000e+00
1.000000000000000000e+00
8.356491039975886270e-01
1.000000000000000000e+00
9.187579035883743916e-01
1.000000000000000000e+00
8.957084735469896808e-01
1.000000000000000000e+00
4.165123817674814433e+00
-3.186606575289729903e-02
2.599998760223388716e-01
-1.881559044122695923e-01
4.401085607163999214e-01
8.889079363588391347e-01
8.943164815235434828e-01
1.000000000000000000e+00
9.638884786601694676e-01
8.753940289324368962e-01
1.000000000000000000e+00
1.000000000000000000e+00
9.772995012066123532e-01
1.000000000000000000e+00
1.000000000000000000e+00
1.000000000000000000e+00
9.198717395972625388e-01
1.000000000000000000e+00
8.441470705970284261e-01
1.000000000000000000e+00
9.758112387264498144e-01
9.766654696149623671e-01
1.000000000000000000e+00
9.135182347838322059e-01
9.508218320713873739e-01
9.371152650587332156e-01
1.000000000000000000e+00
9.890583105392963814e-01
4.138785698250465828e+00
-2.424265296143479631e-02
2.599994730949402033e-01
1.090311184525489807e-01
1.000000000000000000e+00
1.000000000000000000e+00
1.000000000000000000e+00
9.777223026114459925e-01
1.000000000000000000e+00
8.886573206925957313e-01
9.334293448916807234e-01
1.000000000000000000e+00
1.000000000000000000e+00
8.370769708589094193e-01
8.422984181467144671e-01
1.000000000000000000e+00
8.440294536666183012e-01
8.602266041960353604e-01
1.000000000000000000e+00
1.000000000000000000e+00
8.643308218801709630e-01
1.000000000000000000e+00
1.000000000000000000e+00
1.000000000000000000e+00
1.000000000000000000e+00
1.000000000000000000e+00
1.000000000000000000e+00
8.314700824946014146e-01
4.112919805636340520e+00
-3.839907474024606415e-02
2.599999380111694403e-01
1.482651531696319580e-01
1.000000000000000000e+00
1.000000000000000000e+00
8.911525896579811645e-01
9.917745427359940802e-01
8.902654365361796218e-01
9.535765075496591692e-01
1.000000000000000000e+00
1.000000000000000000e+00
1.000000000000000000e+00
1.000000000000000000e+00
9.577405758847864492e-01
1.000000000000000000e+00
9.728480698609930366e-01
8.956397593738852914e-01
8.658310419364348975e-01
9.614455597166873257e-01
1.000000000000000000e+00
8.707867498467943834e-01
1.000000000000000000e+00
8.725536960085594762e-01
1.000000000000000000e+00
8.323961515900781816e-01
1.000000000000000000e+00
1.000000000000000000e+00
4.077682493246334694e+00
-4.287344122975911276e-02
2.600000000000000089e-01
-3.858456015586853027e-01
1.000000000000000000e+00
1.000000000000000000e+00
8.693298089941488005e-01
1.000000000000000000e+00
8.677135401142742621e-01
8.316687001353857411e-01
1.000000000000000000e+00
8.679820887765645754e-01
9.071987334787492419e-01
8.685876890893229341e-01
9.646004601626282371e-01
8.746654919938414707e-01
8.502048575273283282e-01
8.477215171226083479e-01
1.000000000000000000e+00
1.000000000000000000e+00
8.740042430312294774e-01
9.754610125895256667e-01
9.039656557033822759e-01
1.000000000000000000e+00
1.000000000000000000e+00
8.884733704877306737e-01
8.280996238021975930e-01
1.000000000000000000e+00
4.051191912810422124e+00
-1.277255704300372940e-02
2.599999690055847523e-01
-2.366784960031509399e-01
9.685291865542894341e-01
1.000000000000000000e+00
1.000000000000000000e+00
1.000000000000000000e+00
9.859216227851425041e-01
9.892431302648146962e-01
1.000000000000000000e+00
9.881307880242510278e-01
1.000000000000000000e+00
8.655380010874044183e-01
1.000000000000000000e+00
1.000000000000000000e+00
1.000000000000000000e+00
8.622371171526219680e-01
1.000000000000000000e+00
1.000000000000000000e+00
9.049778096033375130e-01
1.000000000000000000e+00
1.000000000000000000e+00
9.244207826142751827e-01
1.000000000000000000e+00
9.563920863621755419e-01
9.209677003767069436e-01
8.711282836535818586e-01
4.025070961209899600e+00
9.474438338337609622e-03
2.599998450279236151e-01
-2.103384584188461304e-01
1.000000000000000000e+00
1.000000000000000000e+00
8.233846335534116267e-01
1.000000000000000000e+00
8.785465995033983067e-01
1.000000000000000000e+00
1.000000000000000000e+00
1.000000000000000000e+00
9.544508970660696701e-01
1.000000000000000000e+00
8.939837313702290178e-01
9.869245480963998451e-01
1.000000000000000000e+00
1.000000000000000000e+00
8.928523149803332393e-01
1.000000000000000000e+00
1.000000000000000000e+00
1.000000000000000000e+00
1.000000000000000000e+00
1.000000000000000000e+00
9.575472175179119416e-01
1.000000000000000000e+00
9.540463220305026582e-01
9.994746019873667064e-01
3.990211303647802854e+00
3.739917594283159730e-02
2.599999380111694403e-01
-2.142127752304077148e-01
1.000000000000000000e+00
9.671799884583995865e-01
1.000000000000000000e+00
8.317240239946936953e-01
1.000000000000000000e+00
9.542787802174276246e-01
1.000000000000000000e+00
1.000000000000000000e+00
1.000000000000000000e+00
1.000000000000000000e+00
1.000000000000000000e+00
8.602199313920123602e-01
1.000000000000000000e+00
1.000000000000000000e+00
1.000000000000000000e+00
1.000000000000000000e+00
8.998231305749345710e-01
1.000000000000000000e+00
1.000000000000000000e+00
1.000000000000000000e+00
9.167966787336039314e-01
9.003791689196553039e-01
1.000000000000000000e+00
9.256513267840682513e-01
3.972760376662344939e+00
5.109547096488942231e-02
2.599999690055847523e-01
-1.521356403827667236e-01
1.000000000000000000e+00
8.929407886467169986e-01
1.000000000000000000e+00
1.000000000000000000e+00
8.585197170265782551e-01
1.000000000000000000e+00
8.833290199862683378e-01
1.000000000000000000e+00
1.000000000000000000e+00
8.875073019646684269e-01
1.000000000000000000e+00
9.275235285310916566e-01
1.000000000000000000e+00
9.857477530613609762e-01
9.545092144630337172e-01
1.000000000000000000e+00
8.677789277926394318e-01
1.000000000000000000e+00
1.000000000000000000e+00
1.000000000000000000e+00
9.652754051982602723e-01
1.000000000000000000e+00
8.358490733124359640e-01
1.000000000000000000e+00
3.929741576566254668e+00
7.273623213410251864e-02
2.599999380111694403e-01
-8.097665011882781982e-02
8.696978403630881704e-01
1.000000000000000000e+00
9.504692292003326104e-01
9.059959947859494989e-01
9.333979942855222811e-01
1.000000000000000000e+00
8.757498082324157718e-01
1.000000000000000000e+00
8.844846822176792855e-01
1.000000000000000000e+00
1.000000000000000000e+00
1.000000000000000000e+00
1.000000000000000000e+00
1.000000000000000000e+00
9.818248928786884600e-01
1.000000000000000000e+00
1.000000000000000000e+00
8.545607920197851870e-01
9.371695797858156096e-01
9.130443260645398906e-01
1.000000000000000000e+00
1.000000000000000000e+00
1.000000000000000000e+00
9.801245400890492565e-01
3.894924293315216168e+00
8.205214561996543310e-02
2.599998450279236151e-01
2.200074866414070129e-02
9.363224790874303816e-01
1.000000000000000000e+00
8.225190838075006061e-01
1.000000000000000000e+00
8.681138556296373876e-01
8.205297716740361791e-01
9.511206356221546532e-01
8.906969175253308668e-01
8.765266039228430950e-01
1.000000000000000000e+00
9.109968483629160563e-01
1.000000000000000000e+00
9.068395042302904718e-01
8.587836334939807914e-01
1.000000000000000000e+00
1.000000000000000000e+00
8.969738310072603582e-01
9.554581417328987802e-01
1.000000000000000000e+00
1.000000000000000000e+00
8.811031364109485065e-01
1.000000000000000000e+00
1.000000000000000000e+00
1.000000000000000000e+00
3.869004748936007321e+00
7.505777807331126539e-02
2.599999690055847523e-01
1.152515038847923279e-01
1.000000000000000000e+00
1.000000000000000000e+00
1.000000000000000000e+00
8.840175529109220998e-01
1.000000000000000000e+00
1.000000000000000000e+00
8.201283350319560350e-01
1.000000000000000000e+00
1.000000000000000000e+00
1.000000000000000000e+00
9.027492418451379397e-01
9.345743629600757885e-01
9.616526269955295581e-01
9.313127962696386986e-01
9.778161593446684785e-01
1.000000000000000000e+00
1.000000000000000000e+00
9.127873030210543748e-01
1.000000000000000000e+00
9.602611814747501473e-01
9.872008122504437599e-01
9.413124900571736564e-01
9.295314476260998493e-01
1.000000000000000000e+00
3.834759817868278464e+00
5.986395309576275636e-02
2.600000000000000089e-01
1.249273419380187988e-01
8.488444392620887458e-01
1.000000000000000000e+00
8.725242250036837621e-01
8.324854073380115738e-01
9.939750300936529559e-01
9.544360789482826402e-01
8.651374429437066471e-01
9.977921072871576147e-01
9.697501134460225769e-01
9.929442721465776556e-01
1.000000000000000000e+00
9.002422297420412667e-01
1.000000000000000000e+00
8.593840483342258807e-01
9.528162499266314978e-01
1.000000000000000000e+00
1.000000000000000000e+00
9.567887837695124853e-01
1.000000000000000000e+00
1.000000000000000000e+00
1.000000000000000000e+00
9.810623799457476313e-01
8.431429560986508642e-01
1.000000000000000000e+00
3.808912204822408221e+00
5.614122422829703751e-02
2.600000000000000089e-01
-1.416304148733615875e-02
1.000000000000000000e+00
9.854128555501523445e-01
1.000000000000000000e+00
9.651934367528404168e-01
9.719663259570821001e-01
9.087476150676153663e-01
1.000000000000000000e+00
9.510466311411996942e-01
9.336338511281060404e-01
9.220844812221519193e-01
8.885427606654284771e-01
8.572756895626617579e-01
1.000000000000000000e+00
1.000000000000000000e+00
1.000000000000000000e+00
9.636147633859730721e-01
8.855204152558477926e-01
8.307153473754408379e-01
1.000000000000000000e+00
1.000000000000000000e+00
8.516272987204394074e-01
1.000000000000000000e+00
8.938540408236823609e-01
1.000000000000000000e+00
3.774314126581823636e+00
5.444976811147483886e-02
2.599999380111694403e-01
5.039205774664878845e-02
1.000000000000000000e+00
8.492054816362719638e-01
8.321738386206883886e-01
8.941194558331281295e-01
8.520648380448534454e-01
1.000000000000000000e+00
1.000000000000000000e+00
1.000000000000000000e+00
1.000000000000000000e+00
1.000000000000000000e+00
1.000000000000000000e+00
9.644808920778528138e-01
1.000000000000000000e+00
9.843798686992185631e-01
8.588598197829655501e-01
9.583721645570275616e-01
1.000000000000000000e+00
8.380829156549320924e-01
1.000000000000000000e+00
1.000000000000000000e+00
8.764913565445370258e-01
1.000000000000000000e+00
8.904298352543699169e-01
9.835829735698459197e-01
3.739782021292327840e+00
5.152029151621029257e-02
2.599999690055847523e-01
-1.440572179853916168e-02
8.632273485331113383e-01
9.148296274242684323e-01
9.531513632571423367e-01
1.000000000000000000e+00
1.000000000000000000e+00
9.528611681860270632e-01
1.000000000000000000e+00
8.275681900246281142e-01
9.315158966200619561e-01
1.000000000000000000e+00
1.000000000000000000e+00
9.904039934717990823e-01
1.000000000000000000e+00
8.843150173397368308e-01
1.000000000000000000e+00
8.529452485770353531e-01
1.000000000000000000e+00
1.000000000000000000e+00
9.534922785000784495e-01
1.000000000000000000e+00
1.000000000000000000e+00
1.000000000000000000e+00
1.000000000000000000e+00
8.498741623962653424e-01
3.713883316844215798e+00
5.091698303985126017e-02
2.600000000000000089e-01
1.762197352945804596e-02
9.489673610384981028e-01
9.699382333407674528e-01
1.000000000000000000e+00
8.901911194394782623e-01
1.000000000000000000e+00
1.000000000000000000e+00
9.372359409087582804e-01
9.048759901731523447e-01
1.000000000000000000e+00
8.897254704023572769e-01
9.857884835857620986e-01
1.000000000000000000e+00
9.055324506122063299e-01
8.838163845034986421e-01
1.000000000000000000e+00
9.760380705316451522e-01
1.000000000000000000e+00
1.000000000000000000e+00
1.000000000000000000e+00
1.000000000000000000e+00
1.000000000000000000e+00
9.789973463345736926e-01
8.243042202609996982e-01
1.000000000000000000e+00
3.687897131711209919e+00
4.781097159124048090e-02
2.599998760223388716e-01
4.019187763333320618e-02
1.000000000000000000e+00
1.000000000000000000e+00
1.000000000000000000e+00
8.740865789443167388e-01
1.000000000000000000e+00
1.000000000000000000e+00
1.000000000000000000e+00
1.000000000000000000e+00
9.620295187281905358e-01
1.000000000000000000e+00
9.295848698937477783e-01
8.461024120581884800e-01
9.995593295474013429e-01
1.000000000000000000e+00
9.652513711600086976e-01
9.321958745481867536e-01
1.000000000000000000e+00
9.892628922290526150e-01
1.000000000000000000e+00
1.000000000000000000e+00
1.000000000000000000e+00
8.463636927048242553e-01
1.000000000000000000e+00
9.117926190939485975e-01
3.653110987085456340e+00
4.930021309127852192e-02
2.599999690055847523e-01
-6.158461421728134155e-02
1.000000000000000000e+00
1.000000000000000000e+00
1.000000000000000000e+00
1.000000000000000000e+00
1.000000000000000000e+00
1.000000000000000000e+00
1.000000000000000000e+00
1.000000000000000000e+00
8.822419520939537296e-01
9.235665289976585646e-01
1.000000000000000000e+00
9.119252939791995249e-01
8.998257267690157324e-01
9.029466465947235676e-01
9.036361007486856112e-01
1.000000000000000000e+00
8.845891187174907966e-01
1.000000000000000000e+00
1.000000000000000000e+00
9.216490206319013501e-01
8.682932136974298443e-01
1.000000000000000000e+00
1.000000000000000000e+00
9.167163699138027866e-01
3.618680754153678070e+00
6.259901352154928489e-02
2.599999690055847523e-01
-1.162048429250717163e-01
1.000000000000000000e+00
8.727249792930534822e-01
9.041833588907265407e-01
9.037735349027852250e-01
1.000000000000000000e+00
1.000000000000000000e+00
1.000000000000000000e+00
1.000000000000000000e+00
9.066774229666013651e-01
9.222820373933335869e-01
9.070777384769831420e-01
1.000000000000000000e+00
1.000000000000000000e+00
1.000000000000000000e+00
1.000000000000000000e+00
1.000000000000000000e+00
8.704441159090666735e-01
1.000000000000000000e+00
9.912274482682413845e-01
1.000000000000000000e+00
8.210554369356726223e-01
1.000000000000000000e+00
8.692340744890202364e-01
8.851363248801238370e-01
3.592638504515842879e+00
7.962594703336334234e-02
2.599999070167541837e-01
-1.938823759555816650e-01
9.753543553530050758e-01
1.000000000000000000e+00
1.000000000000000000e+00
8.847507529560110218e-01
9.438665926389685490e-01
1.000000000000000000e+00
9.142334530264376591e-01
1.000000000000000000e+00
8.237084666061899041e-01
8.642820889547275787e-01
8.327826713974371131e-01
8.724938133912564231e-01
9.016202859661176516e-01
8.695769385549603214e-01
1.000000000000000000e+00
1.000000000000000000e+00
8.860985107505019442e-01
9.283895090016435203e-01
1.000000000000000000e+00
8.331869067496234793e-01
9.419797092235712155e-01
8.907421458620057297e-01
1.000000000000000000e+00
8.211959231015699689e-01
3.557721977399826763e+00
9.902155640257648272e-02
2.599999690055847523e-01
-5.614883080124855042e-02
1.000000000000000000e+00
8.715891517713229009e-01
9.965259892413591558e-01
8.395533385480279387e-01
1.000000000000000000e+00
1.000000000000000000e+00
1.000000000000000000e+00
9.373145857764326738e-01
8.841705609761713047e-01
9.983722735464107823e-01
9.398442089417592404e-01
1.000000000000000000e+00
9.207226550865617032e-01
8.387240582378063802e-01
8.867415830972357194e-01
1.000000000000000000e+00
8.928416144149979861e-01
1.000000000000000000e+00
1.000000000000000000e+00
9.232490498562467840e-01
9.485323954400254332e-01
8.396294935581521957e-01
1.000000000000000000e+00
1.000000000000000000e+00
3.531916951692448237e+00
1.051140429440358126e-01
2.599999380111694403e-01
-5.261858552694320679e-02
1.000000000000000000e+00
1.000000000000000000e+00
9.862626688221153293e-01
8.589718994149897480e-01
1.000000000000000000e+00
8.752559702560011035e-01
9.214561872416424659e-01
8.461179051566208864e-01
1.000000000000000000e+00
8.776864302346775171e-01
1.000000000000000000e+00
1.000000000000000000e+00
1.000000000000000000e+00
9.668171708035041556e-01
1.000000000000000000e+00
1.000000000000000000e+00
1.000000000000000000e+00
9.439281021970477026e-01
1.000000000000000000e+00
9.317028528584270219e-01
9.156083983242760960e-01
1.000000000000000000e+00
9.812762857707743036e-01
8.598503635765218922e-01
3.506103783431902432e+00
1.097938352869483047e-01
2.599999690055847523e-01
-1.281300093978643417e-02
1.000000000000000000e+00
9.722551882498614573e-01
9.892771330757396120e-01
1.000000000000000000e+00
9.468363255516540899e-01
1.000000000000000000e+00
1.000000000000000000e+00
9.790874388146806329e-01
8.223780606100208335e-01
1.000000000000000000e+00
1.000000000000000000e+00
1.000000000000000000e+00
9.546482195300571849e-01
9.533134086720579381e-01
1.000000000000000000e+00
1.000000000000000000e+00
9.494791881184466709e-01
1.000000000000000000e+00
1.000000000000000000e+00
1.000000000000000000e+00
9.058202973663826985e-01
1.000000000000000000e+00
1.000000000000000000e+00
8.660084878924071417e-01
3.471670611650742089e+00
1.083238617898918399e-01
2.600000000000000089e-01
5.361466854810714722e-02
1.000000000000000000e+00
1.000000000000000000e+00
8.599855265139991767e-01
9.118159595795927164e-01
1.000000000000000000e+00
9.148955268491862913e-01
1.000000000000000000e+00
9.960602496428229147e-01
1.000000000000000000e+00
1.000000000000000000e+00
1.000000000000000000e+00
1.000000000000000000e+00
8.803763688198215087e-01
1.000000000000000000e+00
8.435216632509775492e-01
9.479395612858823039e-01
9.552085183217572384e-01
8.643345221909284337e-01
8.260095319806215475e-01
8.784632941043156729e-01
1.000000000000000000e+00
8.505632958273776634e-01
1.000000000000000000e+00
9.323026055115299915e-01
3.445744139306209597e+00
1.072763417954183396e-01
2.600000000000000089e-01
-1.966730924323201180e-03
1.000000000000000000e+00
1.000000000000000000e+00
8.307945349397795054e-01
9.813089417334295295e-01
1.000000000000000000e+00
8.486188001079667531e-01
8.489413347947415422e-01
9.859580096078097711e-01
8.569699787221684018e-01
1.000000000000000000e+00
1.000000000000000000e+00
8.231213447348929568e-01
9.563576541132200459e-01
9.230303088158402502e-01
1.000000000000000000e+00
8.625532329867908743e-01
8.956827973150121025e-01
8.334921217253914438e-01
9.162802043362269222e-01
1.000000000000000000e+00
1.000000000000000000e+00
1.000000000000000000e+00
9.596040624186649159e-01
9.303978520729022650e-01
3.420036423593562080e+00
1.140836640643607680e-01
2.600000000000000089e-01
-8.058386296033859253e-02
1.000000000000000000e+00
8.960372127532372222e-01
9.907523251325857094e-01
8.356717314430983645e-01
9.863653848027025273e-01
1.000000000000000000e+00
8.259325838527926678e-01
1.000000000000000000e+00
8.657387659324274898e-01
1.000000000000000000e+00
1.000000000000000000e+00
9.245629906268257869e-01
9.148683036022206005e-01
1.000000000000000000e+00
8.491659451267811187e-01
9.548164527842645244e-01
9.713302051827040762e-01
1.000000000000000000e+00
1.000000000000000000e+00
8.788893318601845861e-01
1.000000000000000000e+00
9.188322301163260875e-01
9.158523752567508946e-01
8.854397030453095008e-01
3.385662030138957945e+00
1.227170016801539809e-01
2.599999380111694403e-01
-3.040103055536746979e-02
8.260452695605541296e-01
9.122020160082104923e-01
1.000000000000000000e+00
9.123623783236574081e-01
1.000000000000000000e+00
9.530062341884439903e-01
9.962181849174174264e-01
1.000000000000000000e+00
9.122903040053060852e-01
1.000000000000000000e+00
1.000000000000000000e+00
8.644565089679162595e-01
8.744951519383263872e-01
1.000000000000000000e+00
1.000000000000000000e+00
1.000000000000000000e+00
8.383062895814858972e-01
9.391027082515733815e-01
1.000000000000000000e+00
9.618365130066862667e-01
8.509151535007453138e-01
1.000000000000000000e+00
9.458122823023168424e-01
9.826191692258132715e-01
3.359752102382406846e+00
1.263566534745317327e-01
2.599999690055847523e-01
-2.510692551732063293e-02
1.000000000000000000e+00
9.823862175150429588e-01
8.340654620173308942e-01
8.559972844400541847e-01
9.225907557279054982e-01
1.000000000000000000e+00
9.523477506844517659e-01
8.818681225221242093e-01
1.000000000000000000e+00
1.000000000000000000e+00
8.994348282897670632e-01
8.995402704952978334e-01
1.000000000000000000e+00
1.000000000000000000e+00
8.335670867937412520e-01
8.638400048440039170e-01
9.484329737589405340e-01
9.470721312328364005e-01
9.514702286128747799e-01
1.000000000000000000e+00
1.000000000000000000e+00
1.000000000000000000e+00
9.197027734954057454e-01
9.584348831920604939e-01
3.325314994221240106e+00
1.295881999448429411e-01
2.600000000000000089e-01
7.005532830953598022e-02
1.000000000000000000e+00
1.000000000000000000e+00
8.994443147316693032e-01
1.000000000000000000e+00
8.973506488540002879e-01
1.000000000000000000e+00
9.989828976831578444e-01
1.000000000000000000e+00
1.000000000000000000e+00
1.000000000000000000e+00
1.000000000000000000e+00
8.335969375298185602e-01
1.000000000000000000e+00
8.601834804001479151e-01
1.000000000000000000e+00
9.758281153560519616e-01
1.000000000000000000e+00
1.000000000000000000e+00
1.000000000000000000e+00
8.810267542844847366e-01
8.210696108242749869e-01
8.802379722713972177e-01
1.000000000000000000e+00
8.939596259949296186e-01
3.299604456320614165e+00
1.275118639422911926e-01
2.600000000000000089e-01
9.074905887246131897e-03
8.661129130330333936e-01
1.000000000000000000e+00
8.626340075656818707e-01
1.000000000000000000e+00
1.000000000000000000e+00
9.310816431005699556e-01
1.000000000000000000e+00
1.000000000000000000e+00
9.639107579951871063e-01
1.000000000000000000e+00
1.000000000000000000e+00
1.000000000000000000e+00
1.000000000000000000e+00
9.864864192512357022e-01
1.000000000000000000e+00
1.000000000000000000e+00
1.000000000000000000e+00
9.447051862905129216e-01
8.913730722316975941e-01
9.075342117450743151e-01
1.000000000000000000e+00
8.660334509022790117e-01
1.000000000000000000e+00
8.747036881483774007e-01
3.273725431560590593e+00
1.319242740047155138e-01
2.600000000000000089e-01
-8.862375468015670776e-02
1.000000000000000000e+00
1.000000000000000000e+00
1.000000000000000000e+00
1.000000000000000000e+00
1.000000000000000000e+00
1.000000000000000000e+00
1.000000000000000000e+00
9.779111047950570512e-01
1.000000000000000000e+00
1.000000000000000000e+00
9.469786455484821008e-01
9.858302330098249744e-01
9.952636055865790032e-01
1.000000000000000000e+00
9.001934108457394501e-01
9.265122125607174741e-01
8.498208027215292670e-01
1.000000000000000000e+00
8.489192093651590776e-01
9.207960184190022712e-01
1.000000000000000000e+00
9.456494047702417305e-01
9.560783708920278512e-01
8.699163546164213612e-01
3.239284536968783712e+00
1.410527675830763883e-01
2.600000000000000089e-01
2.940594218671321869e-02
1.000000000000000000e+00
1.000000000000000000e+00
8.450427827154743943e-01
9.267407769706428322e-01
8.842431753078914269e-01
1.000000000000000000e+00
8.824741676717275940e-01
1.000000000000000000e+00
1.000000000000000000e+00
1.000000000000000000e+00
1.000000000000000000e+00
1.000000000000000000e+00
9.157664972392387526e-01
1.000000000000000000e+00
9.930834510538070203e-01
8.637847112875435274e-01
1.000000000000000000e+00
1.000000000000000000e+00
1.000000000000000000e+00
9.010040293540538814e-01
8.496216994746202955e-01
9.995602503068773403e-01
1.000000000000000000e+00
8.939826687913293712e-01
3.213625826053307044e+00
1.457910436248543995e-01
2.600000000000000089e-01
-1.095672100782394409e-01
1.000000000000000000e+00
1.000000000000000000e+00
1.000000000000000000e+00
1.000000000000000000e+00
1.000000000000000000e+00
9.835272956519401921e-01
9.426467410438423844e-01
9.803524327096031499e-01
1.000000000000000000e+00
1.000000000000000000e+00
8.737570479669409806e-01
8.626687675526490962e-01
8.848582165657185028e-01
1.000000000000000000e+00
8.237498106865249747e-01
8.964025534801992601e-01
9.636408195220683703e-01
8.334997524537210989e-01
9.251486940996226371e-01
9.458747001415533928e-01
9.881302509417161373e-01
9.461472740826912808e-01
1.000000000000000000e+00
8.714687325696406361e-01
3.187885211086193937e+00
1.504379835266185239e-01
2.600000000000000089e-01
-1.277140248566865921e-02
8.441332284831687405e-01
9.925584645729043087e-01
1.000000000000000000e+00
1.000000000000000000e+00
9.638472172022477524e-01
8.414986366775848436e-01
1.000000000000000000e+00
1.000000000000000000e+00
1.000000000000000000e+00
9.539416544394586639e-01
1.000000000000000000e+00
1.000000000000000000e+00
1.000000000000000000e+00
8.800580931494198511e-01
9.323732713836782038e-01
9.103447391904466723e-01
8.421105521540824812e-01
9.520191710949453823e-01
1.000000000000000000e+00
9.395961803084913466e-01
1.000000000000000000e+00
9.780401591106107073e-01
1.000000000000000000e+00
9.085209242946802322e-01
3.153530414798103809e+00
1.596492061819883013e-01
2.600000000000000089e-01
-1.395680755376815796e-01
9.374658840538504512e-01
9.953953293541807357e-01
1.000000000000000000e+00
1.000000000000000000e+00
8.204534125827355195e-01
1.000000000000000000e+00
9.436298297058326456e-01
9.363807796098093661e-01
1.000000000000000000e+00
9.431515678380998358e-01
9.485989522843674138e-01
1.000000000000000000e+00
8.208736745001992130e-01
1.000000000000000000e+00
8.266113198041680210e-01
8.359952674288911867e-01
9.615743133381762231e-01
8.525106449647065210e-01
1.000000000000000000e+00
1.000000000000000000e+00
1.000000000000000000e+00
9.677343699416086631e-01
8.252512365508074543e-01
1.000000000000000000e+00
3.119493837657774993e+00
1.679406339109976720e-01
2.600000000000000089e-01
7.194622606039047241e-02
1.000000000000000000e+00
1.000000000000000000e+00
1.000000000000000000e+00
9.013876626866438313e-01
8.499210694611295525e-01
1.000000000000000000e+00
1.000000000000000000e+00
1.000000000000000000e+00
1.000000000000000000e+00
9.257612519507720794e-01
9.095388493320674117e-01
1.000000000000000000e+00
1.000000000000000000e+00
9.268416084265114208e-01
8.405543721720005745e-01
1.000000000000000000e+00
9.170124274053738089e-01
1.000000000000000000e+00
8.786833606958819320e-01
1.000000000000000000e+00
1.000000000000000000e+00
1.000000000000000000e+00
8.976911555890128014e-01
8.862528597367551608e-01
3.093884336078991382e+00
1.682476822813701034e-01
2.600000000000000089e-01
-5.194510892033576965e-02
1.000000000000000000e+00
1.000000000000000000e+00
1.000000000000000000e+00
9.680923588522796219e-01
1.000000000000000000e+00
8.921089079662497534e-01
1.000000000000000000e+00
1.000000000000000000e+00
9.377732579528811341e-01
1.000000000000000000e+00
1.000000000000000000e+00
1.000000000000000000e+00
1.000000000000000000e+00
1.000000000000000000e+00
8.381045281402776936e-01
1.000000000000000000e+00
1.000000000000000000e+00
8.784999764775008879e-01
1.000000000000000000e+00
1.000000000000000000e+00
8.449168611271831164e-01
1.000000000000000000e+00
1.000000000000000000e+00
1.000000000000000000e+00
3.051178581165698844e+00
1.833837951257746290e-01
2.600000000000000089e-01
-8.341114223003387451e-02
9.965917749258303981e-01
1.000000000000000000e+00
8.486203638173892561e-01
1.000000000000000000e+00
1.000000000000000000e+00
1.000000000000000000e+00
1.000000000000000000e+00
1.000000000000000000e+00
9.285868442774226628e-01
8.800675279674784468e-01
9.758434993691990078e-01
1.000000000000000000e+00
8.427749970821689640e-01
9.566021695170058292e-01
1.000000000000000000e+00
8.699482364687497471e-01
1.000000000000000000e+00
9.399406705034530907e-01
1.000000000000000000e+00
8.390412103343969363e-01
1.000000000000000000e+00
1.000000000000000000e+00
1.000000000000000000e+00
1.000000000000000000e+00
3.017171459728262839e+00
1.891473764020767945e-01
2.600000000000000089e-01
7.008410990238189697e-02
1.000000000000000000e+00
9.118753099453431599e-01
1.000000000000000000e+00
8.412146941511248199e-01
8.687565076599429448e-01
9.681684184664925974e-01
1.000000000000000000e+00
8.565114672158344877e-01
1.000000000000000000e+00
9.116578682845221104e-01
1.000000000000000000e+00
1.000000000000000000e+00
9.730125761758695591e-01
9.828011199824493449e-01
1.000000000000000000e+00
1.000000000000000000e+00
1.000000000000000000e+00
1.000000000000000000e+00
9.348828384925192969e-01
1.000000000000000000e+00
9.592032572685866842e-01
1.000000000000000000e+00
1.000000000000000000e+00
8.687238243799738635e-01
2.983303548102877123e+00
1.809797642675223805e-01
2.600000000000000089e-01
8.250056207180023193e-02
9.399488544752250263e-01
9.414895913690022322e-01
8.886356308889624689e-01
9.438841487269067354e-01
1.000000000000000000e+00
1.000000000000000000e+00
9.296191008555799717e-01
1.000000000000000000e+00
1.000000000000000000e+00
1.000000000000000000e+00
9.045521144219760279e-01
1.000000000000000000e+00
8.215986487723661025e-01
1.000000000000000000e+00
1.000000000000000000e+00
8.231440674136775160e-01
1.000000000000000000e+00
8.579151198021851554e-01
1.000000000000000000e+00
9.702665768578544458e-01
1.000000000000000000e+00
9.061180303657649926e-01
1.000000000000000000e+00
8.353068299988981593e-01
2.957673496083611742e+00
1.767383975974410326e-01
2.600000000000000089e-01
4.627374187111854553e-02
1.000000000000000000e+00
1.000000000000000000e+00
1.000000000000000000e+00
9.539082088754317068e-01
1.000000000000000000e+00
9.532538505930581163e-01
8.259968347310626680e-01
8.792347763947343520e-01
1.000000000000000000e+00
1.000000000000000000e+00
1.000000000000000000e+00
9.046130545938878553e-01
8.965243445638251263e-01
8.768561280075910513e-01
9.007048255129375125e-01
1.000000000000000000e+00
1.000000000000000000e+00
1.000000000000000000e+00
1.000000000000000000e+00
9.181142686172634182e-01
9.681542420201135757e-01
1.000000000000000000e+00
8.290514541450014763e-01
9.754217802201637921e-01
2.932136369558829170e+00
1.765498924814377091e-01
2.600000000000000089e-01
-6.660121679306030273e-02
1.000000000000000000e+00
1.000000000000000000e+00
9.383427714336612935e-01
9.165590178949393207e-01
1.000000000000000000e+00
1.000000000000000000e+00
8.499750707306311659e-01
9.115568945109643328e-01
1.000000000000000000e+00
1.000000000000000000e+00
9.553129050511103282e-01
1.000000000000000000e+00
1.000000000000000000e+00
1.000000000000000000e+00
8.286982162545084574e-01
1.000000000000000000e+00
8.958193554656307400e-01
1.000000000000000000e+00
9.041487735794897507e-01
8.541497700969443718e-01
8.218604226560387582e-01
1.000000000000000000e+00
1.000000000000000000e+00
9.800629227171737679e-01
2.898206852527414945e+00
1.885412939137318666e-01
2.600000000000000089e-01
-8.502616733312606812e-02
1.000000000000000000e+00
8.319724981534759589e-01
1.000000000000000000e+00
1.000000000000000000e+00
1.000000000000000000e+00
1.000000000000000000e+00
9.703422906557014338e-01
9.162942234510413897e-01
1.000000000000000000e+00
1.000000000000000000e+00
1.000000000000000000e+00
9.945969983847370299e-01
1.000000000000000000e+00
1.000000000000000000e+00
1.000000000000000000e+00
9.960775914367514527e-01
8.471512506440243007e-01
1.000000000000000000e+00
9.132811572342786066e-01
1.000000000000000000e+00
8.894487142956130077e-01
1.000000000000000000e+00
1.000000000000000000e+00
1.000000000000000000e+00
2.872695237314172534e+00
1.867465518486812748e-01
2.600000000000000089e-01
1.161849573254585266e-01
1.000000000000000000e+00
1.000000000000000000e+00
9.636535356823736631e-01
1.000000000000000000e+00
8.268975500760974429e-01
8.484101966406558670e-01
8.588889564140347321e-01
9.305621864122485265e-01
8.302597328331892124e-01
1.000000000000000000e+00
8.343777772716427510e-01
8.546467043497357752e-01
1.000000000000000000e+00
1.000000000000000000e+00
1.000000000000000000e+00
1.000000000000000000e+00
9.836822837307346301e-01
8.400748970695827156e-01
9.073578470363627968e-01
9.137761609499728266e-01
8.583159729185404485e-01
1.000000000000000000e+00
8.437675142932785644e-01
1.000000000000000000e+00
2.847113139701661133e+00
1.749053891402820859e-01
2.600000000000000089e-01
1.466528922319412231e-01
9.394696917808328385e-01
9.332197038935018396e-01
8.775614497510274559e-01
9.500988158548524520e-01
1.000000000000000000e+00
9.208276117235136837e-01
8.997746742043357671e-01
1.000000000000000000e+00
9.049066935934002576e-01
8.375160989545354928e-01
9.253725566769038791e-01
1.000000000000000000e+00
1.000000000000000000e+00
1.000000000000000000e+00
9.471116985354030016e-01
8.847190372244640999e-01
1.000000000000000000e+00
8.472395142411037749e-01
9.093592400925446517e-01
1.000000000000000000e+00
8.319612199424005761e-01
1.000000000000000000e+00
1.000000000000000000e+00
1.000000000000000000e+00
2.813023910937236582e+00
1.620353884390368648e-01
2.600000000000000089e-01
4.586279392242431641e-02
8.320279860622579182e-01
9.623302915021146875e-01
1.000000000000000000e+00
9.863939701270876270e-01
1.000000000000000000e+00
8.485512530032751632e-01
1.000000000000000000e+00
8.849013822232842941e-01
9.407592929802645054e-01
1.000000000000000000e+00
1.000000000000000000e+00
9.971015441456148043e-01
8.275973184628180324e-01
9.475546425000512807e-01
8.575727943294081390e-01
1.000000000000000000e+00
1.000000000000000000e+00
9.573644621075031447e-01
1.000000000000000000e+00
1.000000000000000000e+00
9.182959889597882563e-01
9.397093225029830021e-01
1.000000000000000000e+00
1.000000000000000000e+00
2.787476333080970647e+00
1.517698426595290861e-01
2.600000000000000089e-01
1.575248539447784424e-01
9.308056081404243454e-01
9.824023089652251794e-01
8.735258624368753555e-01
9.870517780314302936e-01
8.883858213794386671e-01
1.000000000000000000e+00
1.000000000000000000e+00
1.000000000000000000e+00
8.944538454529683547e-01
9.856605104908060522e-01
8.723633256884429921e-01
9.336324615574413954e-01
1.000000000000000000e+00
1.000000000000000000e+00
9.237406379906907272e-01
1.000000000000000000e+00
1.000000000000000000e+00
1.000000000000000000e+00
1.000000000000000000e+00
8.917742918446718292e-01
8.851869371154519328e-01
9.107646170193696156e-01
1.000000000000000000e+00
1.000000000000000000e+00
2.761798956643194636e+00
1.399131166248261948e-01
2.600000000000000089e-01
1.187536790966987610e-01
1.000000000000000000e+00
1.000000000000000000e+00
9.343250073338208450e-01
8.282138898975609509e-01
8.223869172117913573e-01
1.000000000000000000e+00
9.329787400648973383e-01
9.674458828272930466e-01
9.573368208715430372e-01
1.000000000000000000e+00
9.362144630494346753e-01
9.420086388866912852e-01
9.217098916420106702e-01
1.000000000000000000e+00
1.000000000000000000e+00
9.753822137015301097e-01
9.989287940731771398e-01
1.000000000000000000e+00
1.000000000000000000e+00
1.000000000000000000e+00
1.000000000000000000e+00
1.000000000000000000e+00
9.320423749519383128e-01
1.000000000000000000e+00
2.727511802983459965e+00
1.282099486443839531e-01
2.600000000000000089e-01
8.251538127660751343e-02
8.505406849980726713e-01
1.000000000000000000e+00
8.610408945498947419e-01
9.953556531832042920e-01
9.702657879846088296e-01
9.187064481359877854e-01
1.000000000000000000e+00
1.000000000000000000e+00
1.000000000000000000e+00
8.207885324150075990e-01
8.872039152178849974e-01
1.000000000000000000e+00
1.000000000000000000e+00
1.000000000000000000e+00
9.066373906610998290e-01
1.000000000000000000e+00
1.000000000000000000e+00
9.289861481045503799e-01
1.000000000000000000e+00
9.389858955899380577e-01
9.017171526432422590e-01
9.853608033934769805e-01
9.070560152428196465e-01
1.000000000000000000e+00
2.701816688415755507e+00
1.262314616704349746e-01
2.600000000000000089e-01
-5.109304934740066528e-02
1.000000000000000000e+00
8.282788475262845562e-01
9.421194193843501763e-01
9.310243930449146887e-01
1.000000000000000000e+00
1.000000000000000000e+00
1.000000000000000000e+00
1.000000000000000000e+00
9.856641138418397174e-01
8.275324132103933916e-01
8.439912063862756719e-01
8.900970321792979201e-01
9.165086797775291449e-01
9.056640269104173635e-01
1.000000000000000000e+00
1.000000000000000000e+00
9.184043454930971295e-01
8.559990882239113530e-01
1.000000000000000000e+00
1.000000000000000000e+00
1.000000000000000000e+00
1.000000000000000000e+00
9.098503633515652167e-01
8.838410368770696079e-01
2.667520263097642008e+00
1.254974166206976882e-01
2.600000000000000089e-01
1.003669127821922302e-01
9.254876240475227167e-01
1.000000000000000000e+00
1.000000000000000000e+00
1.000000000000000000e+00
9.497995983346239068e-01
1.000000000000000000e+00
8.841744216041869109e-01
8.971993642307943828e-01
9.977291856770403866e-01
9.959226213628724622e-01
1.000000000000000000e+00
1.000000000000000000e+00
1.000000000000000000e+00
9.812711301023789856e-01
1.000000000000000000e+00
1.000000000000000000e+00
1.000000000000000000e+00
8.904077647422624642e-01
8.583569115284251927e-01
1.000000000000000000e+00
8.830572426861452717e-01
1.000000000000000000e+00
8.498691142126322262e-01
1.000000000000000000e+00
2.641574323004582947e+00
1.256730891102559866e-01
2.600000000000000089e-01
-6.743074953556060791e-02
1.000000000000000000e+00
1.000000000000000000e+00
1.000000000000000000e+00
8.632835150793825019e-01
1.000000000000000000e+00
8.619713232879541165e-01
1.000000000000000000e+00
9.711237698191188539e-01
1.000000000000000000e+00
9.908703949476943551e-01
1.000000000000000000e+00
1.000000000000000000e+00
1.000000000000000000e+00
9.654408114696307885e-01
8.552587907532805955e-01
1.000000000000000000e+00
9.805180915331112024e-01
1.000000000000000000e+00
9.753535980107699288e-01
8.558987415684413680e-01
9.836341818615156329e-01
1.000000000000000000e+00
1.000000000000000000e+00
9.999880535040723828e-01
2.615810997334085730e+00
1.325427286760167966e-01
2.600000000000000089e-01
-1.063015894033014774e-03
1.000000000000000000e+00
1.000000000000000000e+00
1.000000000000000000e+00
1.000000000000000000e+00
1.000000000000000000e+00
1.000000000000000000e+00
1.000000000000000000e+00
1.000000000000000000e+00
9.093650049304770056e-01
9.387086373810307194e-01
1.000000000000000000e+00
1.000000000000000000e+00
1.000000000000000000e+00
1.000000000000000000e+00
9.311573935922785594e-01
8.894489518720722909e-01
1.000000000000000000e+00
8.726860239351511561e-01
1.000000000000000000e+00
9.760597572280850232e-01
9.125590567497049443e-01
9.890861757032280988e-01
1.000000000000000000e+00
1.000000000000000000e+00
2.581390309202835187e+00
1.297359010272334245e-01
2.600000000000000089e-01
6.768798828125000000e-02
9.353228354848380777e-01
1.000000000000000000e+00
8.467369079372455420e-01
8.728002411240860514e-01
1.000000000000000000e+00
1.000000000000000000e+00
9.546779038452973820e-01
1.000000000000000000e+00
1.000000000000000000e+00
8.868493715825825907e-01
9.812921752430311395e-01
8.790207541332233365e-01
1.000000000000000000e+00
8.790999450525207592e-01
1.000000000000000000e+00
9.287591728357124099e-01
9.333769350678436938e-01
8.750388678320156766e-01
1.000000000000000000e+00
1.000000000000000000e+00
1.000000000000000000e+00
1.000000000000000000e+00
1.000000000000000000e+00
1.000000000000000000e+00
2.555613590777480404e+00
1.213680823438774148e-01
2.600000000000000089e-01
1.102013811469078064e-01
9.587508722104394199e-01
1.000000000000000000e+00
1.000000000000000000e+00
1.000000000000000000e+00
1.000000000000000000e+00
1.000000000000000000e+00
8.377656044349803821e-01
1.000000000000000000e+00
8.544298582374839635e-01
9.421120900356629857e-01
1.000000000000000000e+00
9.138830996631058801e-01
9.155708409825129568e-01
9.058332958501624788e-01
8.808118318076502140e-01
1.000000000000000000e+00
8.308835895497633794e-01
1.000000000000000000e+00
9.456058082585292457e-01
1.000000000000000000e+00
9.782435908358593224e-01
1.000000000000000000e+00
1.000000000000000000e+00
9.054419718844285425e-01
2.521351907447894725e+00
1.070022518827973279e-01
2.600000000000000089e-01
1.466153115034103394e-01
8.310751088000543074e-01
1.000000000000000000e+00
1.000000000000000000e+00
9.334971125243501922e-01
1.000000000000000000e+00
8.971654433409378404e-01
8.821952350895022610e-01
9.485192517573280968e-01
8.872763481186514145e-01
1.000000000000000000e+00
1.000000000000000000e+00
1.000000000000000000e+00
1.000000000000000000e+00
9.374022547334446287e-01
1.000000000000000000e+00
8.933533334146014360e-01
1.000000000000000000e+00
9.155898546718095332e-01
1.000000000000000000e+00
1.000000000000000000e+00
8.487626957735929789e-01
1.000000000000000000e+00
9.106156900282310618e-01
1.000000000000000000e+00
2.495998241616685043e+00
1.033137796166503364e-01
2.600000000000000089e-01
-5.778563767671585083e-02
1.000000000000000000e+00
9.779330819806197894e-01
1.000000000000000000e+00
9.462951466103678433e-01
8.905792178471851894e-01
1.000000000000000000e+00
1.000000000000000000e+00
9.255610199831068030e-01
8.928570197852238044e-01
9.078250058294720093e-01
9.050708205809387952e-01
8.816389019401643656e-01
8.868772974751173432e-01
8.521666778539694898e-01
1.000000000000000000e+00
9.000101966391103048e-01
9.581354885817281453e-01
9.395232914896590737e-01
1.000000000000000000e+00
8.961678915054935857e-01
8.717072163048588118e-01
8.870247158954569500e-01
8.622700133939391609e-01
1.000000000000000000e+00
2.470174743147262930e+00
1.006048592328481206e-01
2.600000000000000089e-01
9.714110940694808960e-02
1.000000000000000000e+00
9.829295687782401147e-01
9.716186720824746548e-01
1.000000000000000000e+00
9.925366782076453509e-01
1.000000000000000000e+00
8.550003195238308207e-01
8.509210557667511443e-01
1.000000000000000000e+00
1.000000000000000000e+00
1.000000000000000000e+00
1.000000000000000000e+00
8.941578538273772248e-01
9.218896997528494008e-01
1.000000000000000000e+00
9.330179271296382693e-01
1.000000000000000000e+00
9.800707292495636214e-01
8.884109617450745011e-01
1.000000000000000000e+00
9.212096595186815007e-01
8.545222676270103346e-01
9.701830037636687276e-01
1.000000000000000000e+00
2.435486301997632719e+00
9.708247069773179305e-02
2.600000000000000089e-01
-7.390008866786956787e-02
9.769151460845326707e-01
8.504504274950139830e-01
8.877481979788460764e-01
1.000000000000000000e+00
8.382294785395040249e-01
9.163606916310191863e-01
1.000000000000000000e+00
9.414609980974184555e-01
9.961502307321816740e-01
8.797108035449570096e-01
1.000000000000000000e+00
1.000000000000000000e+00
1.000000000000000000e+00
1.000000000000000000e+00
1.000000000000000000e+00
8.595683250740260295e-01
9.803654969294895993e-01
8.623833588058709143e-01
9.524393841592735388e-01
1.000000000000000000e+00
8.418446804641336323e-01
1.000000000000000000e+00
1.000000000000000000e+00
9.958972824449470185e-01
2.409610278496336022e+00
1.055985332549802536e-01
2.600000000000000089e-01
-7.312051951885223389e-02
8.775827904408842750e-01
9.215870959840316567e-01
1.000000000000000000e+00
1.000000000000000000e+00
1.000000000000000000e+00
1.000000000000000000e+00
8.901825424360080286e-01
1.000000000000000000e+00
1.000000000000000000e+00
9.893140822632451314e-01
9.885849467482048514e-01
8.804704494221857747e-01
9.498217895500485897e-01
1.000000000000000000e+00
8.536163132998401126e-01
1.000000000000000000e+00
9.806121732380231881e-01
8.340732412981087807e-01
9.030594791977769598e-01
9.986056847154554106e-01
8.601532377078523472e-01
1.000000000000000000e+00
1.000000000000000000e+00
1.000000000000000000e+00
2.383830556464861861e+00
1.036799903177048066e-01
2.600000000000000089e-01
1.097476333379745483e-01
1.000000000000000000e+00
9.348131769873043728e-01
9.626649506942570600e-01
9.695238460776002265e-01
9.837164208723800929e-01
8.914617848254009491e-01
8.585297347040786731e-01
1.000000000000000000e+00
8.579255442868811699e-01
9.869536755218059065e-01
1.000000000000000000e+00
1.000000000000000000e+00
1.000000000000000000e+00
1.000000000000000000e+00
9.930342331177602899e-01
1.000000000000000000e+00
1.000000000000000000e+00
9.388487751324381403e-01
9.734352754231672122e-01
1.000000000000000000e+00
1.000000000000000000e+00
8.913103044913016637e-01
1.000000000000000000e+00
1.000000000000000000e+00
2.358029378741446802e+00
9.258455057105896557e-02
2.600000000000000089e-01
1.246033832430839539e-01
1.000000000000000000e+00
1.000000000000000000e+00
1.000000000000000000e+00
1.000000000000000000e+00
1.000000000000000000e+00
1.000000000000000000e+00
1.000000000000000000e+00
8.210330512194866648e-01
1.000000000000000000e+00
1.000000000000000000e+00
8.718651118304385772e-01
1.000000000000000000e+00
1.000000000000000000e+00
1.000000000000000000e+00
1.000000000000000000e+00
9.502814751778597691e-01
1.000000000000000000e+00
8.900713009870900860e-01
9.130612631018042435e-01
9.705021796825393787e-01
8.965840425874648245e-01
1.000000000000000000e+00
8.366588348040105982e-01
9.571806917574686713e-01
2.323324557203739094e+00
7.998948159874963437e-02
2.600000000000000089e-01
8.608347177505493164e-02
1.000000000000000000e+00
1.000000000000000000e+00
1.000000000000000000e+00
1.000000000000000000e+00
1.000000000000000000e+00
8.713508786689174723e-01
8.253802751453305220e-01
1.000000000000000000e+00
9.757152451252105729e-01
1.000000000000000000e+00
8.319737502761472836e-01
8.736565584786494254e-01
1.000000000000000000e+00
1.000000000000000000e+00
1.000000000000000000e+00
9.675709311078174446e-01
1.000000000000000000e+00
8.985412987825792674e-01
1.000000000000000000e+00
9.921757865256994879e-01
8.466899464054628011e-01
8.710457805767821693e-01
1.000000000000000000e+00
1.000000000000000000e+00
2.297928510429655624e+00
7.906958845897982258e-02
2.600000000000000089e-01
-9.802277386188507080e-02
9.721491542273087427e-01
9.403463413160751960e-01
9.130787391788492968e-01
9.889449674959688297e-01
1.000000000000000000e+00
1.000000000000000000e+00
8.327125514080263580e-01
9.941987259511394504e-01
1.000000000000000000e+00
9.480225786413967182e-01
1.000000000000000000e+00
9.071071136761409415e-01
9.779603062334977226e-01
8.693520058944697038e-01
9.485593836888598362e-01
8.662085421540884900e-01
8.707022923435127071e-01
1.000000000000000000e+00
1.000000000000000000e+00
1.000000000000000000e+00
9.354211812526488368e-01
9.032946347356217709e-01
9.756790353798200366e-01
1.000000000000000000e+00
2.272092588395245638e+00
8.670666264749815610e-02
2.600000000000000089e-01
-2.643746323883533478e-02
9.467871929057682934e-01
1.000000000000000000e+00
1.000000000000000000e+00
9.624677124710501186e-01
9.696288591973137860e-01
1.000000000000000000e+00
1.000000000000000000e+00
9.065863249038618177e-01
8.293343057278624864e-01
1.000000000000000000e+00
1.000000000000000000e+00
1.000000000000000000e+00
1.000000000000000000e+00
1.000000000000000000e+00
8.770215915635674042e-01
1.000000000000000000e+00
1.000000000000000000e+00
1.000000000000000000e+00
1.000000000000000000e+00
8.600867592620611290e-01
9.689108492206705003e-01
9.903582599229634464e-01
9.176666234766387431e-01
8.499392226107355119e-01
2.237578898409270156e+00
8.896331826568371071e-02
2.600000000000000089e-01
1.093397382646799088e-02
1.000000000000000000e+00
1.000000000000000000e+00
9.950343020418951356e-01
8.808906088801823353e-01
1.000000000000000000e+00
9.450010597721513195e-01
9.274177588593502941e-01
8.351205345003976932e-01
8.448284522667183216e-01
1.000000000000000000e+00
8.908110868177170349e-01
9.875477443629703256e-01
1.000000000000000000e+00
1.000000000000000000e+00
8.313228157017270581e-01
8.431050877269552490e-01
1.000000000000000000e+00
1.000000000000000000e+00
9.070973400977168088e-01
9.939558737878506633e-01
8.986993461611663125e-01
1.000000000000000000e+00
8.880903822134804670e-01
8.708352738738734944e-01
2.203359146715567096e+00
9.487926980108030151e-02
2.600000000000000089e-01
-8.024587482213973999e-02
1.000000000000000000e+00
1.000000000000000000e+00
9.651561894861823143e-01
1.000000000000000000e+00
1.000000000000000000e+00
1.000000000000000000e+00
1.000000000000000000e+00
1.000000000000000000e+00
1.000000000000000000e+00
9.020264093824259533e-01
9.662345546210600045e-01
8.880584760805010358e-01
9.411415466493192605e-01
8.985255078575471455e-01
1.000000000000000000e+00
1.000000000000000000e+00
1.000000000000000000e+00
1.000000000000000000e+00
1.000000000000000000e+00
1.000000000000000000e+00
1.000000000000000000e+00
1.000000000000000000e+00
9.503942084680307989e-01
8.826951649354917162e-01
2.168735887258648187e+00
1.051410462031507898e-01
2.600000000000000089e-01
-5.802071467041969299e-02
1.000000000000000000e+00
9.118311217900523236e-01
1.000000000000000000e+00
1.000000000000000000e+00
1.000000000000000000e+00
1.000000000000000000e+00
1.000000000000000000e+00
1.000000000000000000e+00
1.000000000000000000e+00
9.998150333264091971e-01
9.203562094844016661e-01
8.807689455218581376e-01
1.000000000000000000e+00
1.000000000000000000e+00
1.000000000000000000e+00
9.235605397611571510e-01
1.000000000000000000e+00
1.000000000000000000e+00
8.665690543879286389e-01
9.183680531427258487e-01
8.515399606264280052e-01
8.839759547905291504e-01
1.000000000000000000e+00
1.000000000000000000e+00
2.134190266256381197e+00
1.196479410986004410e-01
2.600000000000000089e-01
-1.111574470996856689e-01
1.000000000000000000e+00
9.368894205510667206e-01
1.000000000000000000e+00
8.809003222651957676e-01
1.000000000000000000e+00
9.236655482487227120e-01
9.590017903284957512e-01
1.000000000000000000e+00
8.219786642836331980e-01
1.000000000000000000e+00
9.389523472686817085e-01
9.271590222712637885e-01
1.000000000000000000e+00
1.000000000000000000e+00
8.785896913356133764e-01
9.143952413117247824e-01
9.912518711838352869e-01
1.000000000000000000e+00
1.000000000000000000e+00
9.525144736483713848e-01
1.000000000000000000e+00
1.000000000000000000e+00
1.000000000000000000e+00
8.602487586853300172e-01
2.108451976379317916e+00
1.275524594999124517e-01
2.600000000000000089e-01
2.530900761485099792e-02
9.567774572977718606e-01
8.447682859480896145e-01
8.656179668467738342e-01
9.106742238620947338e-01
1.000000000000000000e+00
1.000000000000000000e+00
9.361374503515164092e-01
8.682635340446446248e-01
1.000000000000000000e+00
9.725331262578428282e-01
1.000000000000000000e+00
1.000000000000000000e+00
1.000000000000000000e+00
1.000000000000000000e+00
8.684383036966581981e-01
9.019550143909099704e-01
9.777996199782459374e-01
8.308998175375619244e-01
1.000000000000000000e+00
1.000000000000000000e+00
1.000000000000000000e+00
1.000000000000000000e+00
1.000000000000000000e+00
1.000000000000000000e+00
2.074291452443433492e+00
1.233337353081735976e-01
2.600000000000000089e-01
6.822212785482406616e-02
8.535402408485998071e-01
9.025476788810780082e-01
9.305626573104094357e-01
1.000000000000000000e+00
8.270449994526076765e-01
1.000000000000000000e+00
9.383135659037807885e-01
1.000000000000000000e+00
1.000000000000000000e+00
8.781165707542122334e-01
8.555922985824272464e-01
1.000000000000000000e+00
9.496988061422720895e-01
1.000000000000000000e+00
9.361212308595778797e-01
8.984684134884943774e-01
1.000000000000000000e+00
1.000000000000000000e+00
1.000000000000000000e+00
9.914547224872249931e-01
1.000000000000000000e+00
1.000000000000000000e+00
1.000000000000000000e+00
8.687062702314291007e-01
2.048550456480819015e+00
1.122718471665331563e-01
2.600000000000000089e-01
1.612866371870040894e-01
1.000000000000000000e+00
1.000000000000000000e+00
1.000000000000000000e+00
8.451047118685603987e-01
8.799756376563304672e-01
9.129321193443828975e-01
1.000000000000000000e+00
1.000000000000000000e+00
1.000000000000000000e+00
9.771158416663698887e-01
1.000000000000000000e+00
1.000000000000000000e+00
1.000000000000000000e+00
1.000000000000000000e+00
1.000000000000000000e+00
1.000000000000000000e+00
9.342509042760536175e-01
1.000000000000000000e+00
1.000000000000000000e+00
8.539057316065870040e-01
9.986360339264808150e-01
8.736529647259887454e-01
8.758797890985928758e-01
1.000000000000000000e+00
2.013947487520703739e+00
9.979596069352592025e-02
2.600000000000000089e-01
9.170334786176681519e-02
9.315097140791330776e-01
1.000000000000000000e+00
8.452974042880805339e-01
1.000000000000000000e+00
1.000000000000000000e+00
9.740475830106453126e-01
1.000000000000000000e+00
1.000000000000000000e+00
8.340647226553334903e-01
9.536786851334498882e-01
1.000000000000000000e+00
9.856229082185485879e-01
9.528650350723933959e-01
1.000000000000000000e+00
8.251891734633103326e-01
9.274069689617014944e-01
1.000000000000000000e+00
1.000000000000000000e+00
1.000000000000000000e+00
1.000000000000000000e+00
8.997060567946809639e-01
9.640831236037955554e-01
8.335121055746962382e-01
1.000000000000000000e+00
1.988371891213090104e+00
9.512190839912371132e-02
2.600000000000000089e-01
2.038175985217094421e-02
1.000000000000000000e+00
1.000000000000000000e+00
1.000000000000000000e+00
9.596168671627237634e-01
8.488625503747929679e-01
8.270227982032306580e-01
9.285845431340159495e-01
1.000000000000000000e+00
8.470505042438544185e-01
8.425494937790622973e-01
1.000000000000000000e+00
1.000000000000000000e+00
1.000000000000000000e+00
9.348536819670831832e-01
1.000000000000000000e+00
1.000000000000000000e+00
9.851999265817779072e-01
9.030754442043881225e-01
1.000000000000000000e+00
1.000000000000000000e+00
9.531269768653399810e-01
9.336047982454387384e-01
9.865119839267835200e-01
1.000000000000000000e+00
1.962531512570218517e+00
9.678355750546874248e-02
2.600000000000000089e-01
-2.320513688027858734e-02
8.760685365702262084e-01
1.000000000000000000e+00
8.738843574410318782e-01
1.000000000000000000e+00
8.559779631937153299e-01
1.000000000000000000e+00
1.000000000000000000e+00
1.000000000000000000e+00
1.000000000000000000e+00
1.000000000000000000e+00
8.785144228204346817e-01
1.000000000000000000e+00
1.000000000000000000e+00
8.946327696132775342e-01
9.762360838026867826e-01
8.663960738248865923e-01
9.889831304658331934e-01
1.000000000000000000e+00
8.670648002109044850e-01
1.000000000000000000e+00
8.539591055872144398e-01
9.339810272378228362e-01
8.708034198707350626e-01
8.524888692743421981e-01
1.928357135548389723e+00
9.194642491382776228e-02
2.600000000000000089e-01
9.187045693397521973e-02
1.000000000000000000e+00
9.747112963948642017e-01
1.000000000000000000e+00
1.000000000000000000e+00
1.000000000000000000e+00
9.037043295179250091e-01
1.000000000000000000e+00
8.338199260943415236e-01
9.530898572014754322e-01
1.000000000000000000e+00
1.000000000000000000e+00
1.000000000000000000e+00
8.850219977851088160e-01
9.710915781867487384e-01
1.000000000000000000e+00
8.693472510242735707e-01
1.000000000000000000e+00
1.000000000000000000e+00
1.000000000000000000e+00
9.214713907812865923e-01
8.861576655546224979e-01
1.000000000000000000e+00
9.757862498561523656e-01
8.415531783594102366e-01
1.902480484441264608e+00
9.404308145497353166e-02
2.600000000000000089e-01
-8.727782219648361206e-02
9.385367937409118122e-01
1.000000000000000000e+00
8.645809879033610201e-01
9.842993220199672821e-01
1.000000000000000000e+00
9.482592082414281753e-01
9.725860389523610650e-01
8.492986650239223723e-01
1.000000000000000000e+00
1.000000000000000000e+00
9.610301477760854194e-01
9.927098438981205586e-01
1.000000000000000000e+00
9.400820029365050123e-01
1.000000000000000000e+00
1.000000000000000000e+00
1.000000000000000000e+00
9.549595468759761729e-01
9.510070807061260512e-01
9.950319946887837830e-01
9.028678460558096086e-01
9.970661117596752998e-01
1.000000000000000000e+00
9.021662061007018618e-01
1.868093642245840291e+00
1.088172455897127300e-01
2.600000000000000089e-01
-1.165089011192321777e-01
1.000000000000000000e+00
1.000000000000000000e+00
1.000000000000000000e+00
1.000000000000000000e+00
9.206354828154948988e-01
9.736236921310373882e-01
9.060453781681608865e-01
9.532096270814491845e-01
1.000000000000000000e+00
8.400814361886083104e-01
1.000000000000000000e+00
1.000000000000000000e+00
1.000000000000000000e+00
1.000000000000000000e+00
9.025686119511069361e-01
9.509614013499593232e-01
8.223914881256945142e-01
9.245341953656777134e-01
9.584131090403593678e-01
1.000000000000000000e+00
9.626167713688545957e-01
8.975359157122746456e-01
1.000000000000000000e+00
1.000000000000000000e+00
1.842170647612584755e+00
1.192670920829224102e-01
2.600000000000000089e-01
-7.910951972007751465e-02
8.581376163956140335e-01
9.607852235485815351e-01
1.000000000000000000e+00
1.000000000000000000e+00
8.968530686532462104e-01
8.821088279629363260e-01
1.000000000000000000e+00
8.750029250388670077e-01
8.406399662129906414e-01
8.886894484171544706e-01
1.000000000000000000e+00
1.000000000000000000e+00
1.000000000000000000e+00
9.113969900289836668e-01
1.000000000000000000e+00
1.000000000000000000e+00
1.000000000000000000e+00
1.000000000000000000e+00
8.466211048396908856e-01
1.000000000000000000e+00
8.617261481381124355e-01
1.000000000000000000e+00
1.000000000000000000e+00
1.000000000000000000e+00
1.816486903177224832e+00
1.229277253457965458e-01
2.600000000000000089e-01
4.654093086719512939e-02
8.776467971616236374e-01
1.000000000000000000e+00
1.000000000000000000e+00
9.194445616681485856e-01
1.000000000000000000e+00
8.218743622131904347e-01
1.000000000000000000e+00
1.000000000000000000e+00
1.000000000000000000e+00
1.000000000000000000e+00
8.613106410249965483e-01
8.940873058990728151e-01
1.000000000000000000e+00
1.000000000000000000e+00
9.606693932134584557e-01
1.000000000000000000e+00
9.577083414053043642e-01
9.793851610141768305e-01
8.523730105882886265e-01
1.000000000000000000e+00
8.532437543371494959e-01
8.237093017173259257e-01
1.000000000000000000e+00
8.545164768797922639e-01
1.782004429368619025e+00
1.146597454747575462e-01
2.600000000000000089e-01
1.382921487092971802e-01
8.372483210213577109e-01
1.000000000000000000e+00
8.616013206968521354e-01
9.748043490087702212e-01
8.468223038773032840e-01
8.939613567870906552e-01
1.000000000000000000e+00
9.350914153422389408e-01
8.290615349689395286e-01
9.341194982075987641e-01
1.000000000000000000e+00
1.000000000000000000e+00
8.528916693531918281e-01
1.000000000000000000e+00
1.000000000000000000e+00
9.612409285627483424e-01
1.000000000000000000e+00
8.860819465957960883e-01
1.000000000000000000e+00
8.991775550149557761e-01
1.000000000000000000e+00
1.000000000000000000e+00
8.315474514333258682e-01
9.577764701896123167e-01
1.756299622574615027e+00
1.109641960206624312e-01
2.600000000000000089e-01
-1.534910872578620911e-02
1.000000000000000000e+00
1.000000000000000000e+00
1.000000000000000000e+00
8.412038604049388857e-01
1.000000000000000000e+00
9.316352622797504646e-01
8.591170542741419780e-01
1.000000000000000000e+00
9.195342165776727583e-01
9.397418602505988039e-01
1.000000000000000000e+00
9.781923208443580320e-01
9.844086533985839660e-01
9.826031683378469994e-01
1.000000000000000000e+00
1.000000000000000000e+00
8.218480282465913112e-01
9.012389113315079081e-01
9.537445834405726686e-01
1.000000000000000000e+00
9.700370877437113348e-01
8.386636139087318975e-01
8.540354877053778493e-01
1.000000000000000000e+00
1.730398281558263474e+00
1.156219700482430390e-01
2.600000000000000089e-01
-4.084302484989166260e-02
1.000000000000000000e+00
1.000000000000000000e+00
1.000000000000000000e+00
1.000000000000000000e+00
8.395816530459960791e-01
1.000000000000000000e+00
8.908280526735160576e-01
8.368298514117487041e-01
8.739970203945185423e-01
1.000000000000000000e+00
1.000000000000000000e+00
9.449924682287399458e-01
1.000000000000000000e+00
9.066175829266004405e-01
8.720227219735933177e-01
9.414587051787518535e-01
1.000000000000000000e+00
1.000000000000000000e+00
1.000000000000000000e+00
9.078079817878005331e-01
8.372751268420984827e-01
8.581123402989127014e-01
8.848859383985988591e-01
8.904723394740979847e-01
1.704558882559133348e+00
1.219669018903029034e-01
2.600000000000000089e-01
-3.644560277462005615e-02
9.994999278440800383e-01
1.000000000000000000e+00
8.700998493005188683e-01
1.000000000000000000e+00
1.000000000000000000e+00
1.000000000000000000e+00
8.511559722902487524e-01
9.330679336644450705e-01
1.000000000000000000e+00
9.254567815785602614e-01
9.274921355183841642e-01
1.000000000000000000e+00
8.697103092685624093e-01
1.000000000000000000e+00
1.000000000000000000e+00
8.343247073931877589e-01
9.115988828601191418e-01
9.905881399782027197e-01
1.000000000000000000e+00
1.000000000000000000e+00
8.993725384656885424e-01
1.000000000000000000e+00
1.000000000000000000e+00
1.000000000000000000e+00
1.670583963468727839e+00
1.392795761154910217e-01
2.600000000000000089e-01
-1.769341379404067993e-01
1.000000000000000000e+00
1.000000000000000000e+00
8.232612026394335869e-01
1.000000000000000000e+00
9.170822769635790239e-01
8.248834828629113547e-01
8.450813548148738974e-01
1.000000000000000000e+00
1.000000000000000000e+00
1.000000000000000000e+00
8.876547892365171943e-01
1.000000000000000000e+00
8.406921097630499773e-01
1.000000000000000000e+00
8.855951418743712722e-01
8.838082376775010518e-01
9.218603542880339230e-01
8.307016676485129425e-01
1.000000000000000000e+00
9.010456685046390746e-01
9.847374553130752162e-01
1.000000000000000000e+00
1.000000000000000000e+00
9.054564635609938517e-01
1.644772070965431654e+00
1.546051966215764573e-01
2.600000000000000089e-01
-1.093125566840171814e-01
1.000000000000000000e+00
1.000000000000000000e+00
1.000000000000000000e+00
8.291134003522158125e-01
1.000000000000000000e+00
8.687696082796554364e-01
9.492260822895915995e-01
1.000000000000000000e+00
9.100970869011187903e-01
1.000000000000000000e+00
9.595180824390554530e-01
1.000000000000000000e+00
8.801721978571616090e-01
8.375191412753452136e-01
1.000000000000000000e+00
1.000000000000000000e+00
8.963759633360879331e-01
8.692632056880192915e-01
8.788147898542602032e-01
9.912671826007962705e-01
8.423093870900337787e-01
1.000000000000000000e+00
1.000000000000000000e+00
8.381888440206782809e-01
1.618926414800952784e+00
1.703756845295174571e-01
2.600000000000000089e-01
-1.446710526943206787e-01
8.317599363644602173e-01
8.877182938167649251e-01
9.596486183222225907e-01
9.296257266125865781e-01
1.000000000000000000e+00
9.965133482894158456e-01
1.000000000000000000e+00
1.000000000000000000e+00
1.000000000000000000e+00
8.546507244781788026e-01
8.736504576440673464e-01
1.000000000000000000e+00
1.000000000000000000e+00
1.000000000000000000e+00
9.873073928902724727e-01
1.000000000000000000e+00
1.000000000000000000e+00
8.401257858319073346e-01
1.000000000000000000e+00
1.000000000000000000e+00
9.009873171378525170e-01
9.173417037490377846e-01
1.000000000000000000e+00
1.000000000000000000e+00
1.584875915733761076e+00
1.944488187610953212e-01
2.600000000000000089e-01
-1.586365103721618652e-01
9.286127002295393451e-01
1.000000000000000000e+00
1.000000000000000000e+00
8.210329871064775409e-01
1.000000000000000000e+00
8.892618134672657382e-01
8.279089413988937052e-01
1.000000000000000000e+00
1.000000000000000000e+00
8.441115836921613269e-01
8.398373227673395780e-01
9.039175184089860426e-01
8.722364900424349754e-01
1.000000000000000000e+00
1.000000000000000000e+00
8.874336424488469266e-01
1.000000000000000000e+00
9.240881291753998417e-01
9.238358116362519468e-01
1.000000000000000000e+00
1.000000000000000000e+00
9.810572598812326017e-01
9.739587612402927919e-01
9.994202171657052824e-01
1.559428652383403335e+00
2.013416008100357146e-01
2.600000000000000089e-01
6.285178661346435547e-02
1.000000000000000000e+00
8.913845958362663913e-01
1.000000000000000000e+00
8.203717585776505450e-01
8.423973269752714765e-01
1.000000000000000000e+00
1.000000000000000000e+00
9.229861259780642868e-01
1.000000000000000000e+00
9.257227317960721180e-01
9.096911775352108931e-01
9.334581739459013594e-01
1.000000000000000000e+00
1.000000000000000000e+00
1.000000000000000000e+00
1.000000000000000000e+00
1.000000000000000000e+00
8.657234045343774609e-01
8.940154302075294934e-01
1.000000000000000000e+00
1.000000000000000000e+00
1.000000000000000000e+00
8.231011794337510512e-01
1.000000000000000000e+00
1.525260065300361179e+00
1.985478716625945772e-01
2.600000000000000089e-01
4.476800560951232910e-02
9.935552241218813529e-01
8.735200114016805628e-01
1.000000000000000000e+00
1.000000000000000000e+00
1.000000000000000000e+00
1.000000000000000000e+00
9.731679452349794035e-01
8.862174828375889435e-01
9.569786631889245498e-01
1.000000000000000000e+00
9.544484803628090486e-01
1.000000000000000000e+00
9.283370201132357113e-01
9.653788507473690661e-01
1.000000000000000000e+00
9.300323753884452982e-01
9.097607197231675213e-01
9.402602858939895780e-01
8.641401467590961172e-01
1.000000000000000000e+00
1.000000000000000000e+00
1.000000000000000000e+00
9.630449116217203454e-01
9.861398110772240377e-01
1.499749083595278698e+00
1.989973526971091644e-01
2.600000000000000089e-01
2.631008066236972809e-02
9.864631723149480669e-01
1.000000000000000000e+00
1.000000000000000000e+00
1.000000000000000000e+00
9.092579190876399764e-01
1.000000000000000000e+00
1.000000000000000000e+00
1.000000000000000000e+00
1.000000000000000000e+00
1.000000000000000000e+00
1.000000000000000000e+00
9.927708377706176979e-01
8.962549206253610512e-01
9.266631559090195980e-01
8.904979304362362624e-01
9.431647877538370528e-01
8.684867418049408982e-01
1.000000000000000000e+00
8.853426557603539804e-01
1.000000000000000000e+00
1.000000000000000000e+00
9.241249712290110496e-01
9.023294395982566218e-01
1.000000000000000000e+00
1.466029987717137884e+00
1.972949635857794703e-01
2.600000000000000089e-01
6.582490354776382446e-02
1.000000000000000000e+00
9.714509887395949006e-01
8.860730107151297830e-01
1.000000000000000000e+00
8.220538964364493273e-01
1.000000000000000000e+00
8.703645579515068009e-01
9.285948139234998511e-01
8.806125611718977897e-01
1.000000000000000000e+00
9.104974946193705732e-01
8.677633912198683408e-01
9.301241108132435320e-01
1.000000000000000000e+00
9.103153725578424504e-01
9.262734293059182722e-01
1.000000000000000000e+00
9.540972962685116965e-01
1.000000000000000000e+00
1.000000000000000000e+00
1.000000000000000000e+00
1.000000000000000000e+00
9.845624753475940016e-01
1.000000000000000000e+00
1.440535865875592902e+00
1.978223402112986307e-01
2.600000000000000089e-01
-7.916204631328582764e-02
1.000000000000000000e+00
8.725970681705204068e-01
9.127961086203859598e-01
1.000000000000000000e+00
1.000000000000000000e+00
8.216871471475697408e-01
1.000000000000000000e+00
8.531722294515649008e-01
1.000000000000000000e+00
8.893200273737708050e-01
9.305524860328908687e-01
8.546958473465480211e-01
8.381272787724676210e-01
9.157223341229576707e-01
1.000000000000000000e+00
8.620058815921611828e-01
9.149448060196789800e-01
9.256503194404983592e-01
1.000000000000000000e+00
1.000000000000000000e+00
1.000000000000000000e+00
1.000000000000000000e+00
1.000000000000000000e+00
1.000000000000000000e+00
1.414927612364265563e+00
2.090390260775376596e-01
2.600000000000000089e-01
-7.381762564182281494e-02
1.000000000000000000e+00
1.000000000000000000e+00
1.000000000000000000e+00
9.543067623130296884e-01
8.436222587591890587e-01
9.091360361843844329e-01
8.249059049484791517e-01
1.000000000000000000e+00
9.640038448646482960e-01
9.019686391555480354e-01
9.170243214695332767e-01
1.000000000000000000e+00
1.000000000000000000e+00
1.000000000000000000e+00
9.755715800360845735e-01
9.814833710362458330e-01
9.448022380909494311e-01
1.000000000000000000e+00
1.000000000000000000e+00
1.000000000000000000e+00
1.000000000000000000e+00
9.675083047724680752e-01
1.000000000000000000e+00
1.000000000000000000e+00
1.381135591294465836e+00
2.198563009340843699e-01
2.600000000000000089e-01
2.152949944138526917e-02
1.000000000000000000e+00
8.569407680707048502e-01
9.026339694494127652e-01
1.000000000000000000e+00
1.000000000000000000e+00
1.000000000000000000e+00
9.338761315261788765e-01
1.000000000000000000e+00
1.000000000000000000e+00
1.000000000000000000e+00
9.376903589038949605e-01
9.629223642384321380e-01
1.000000000000000000e+00
9.043377850524044748e-01
1.000000000000000000e+00
1.000000000000000000e+00
1.000000000000000000e+00
1.000000000000000000e+00
1.000000000000000000e+00
9.018897186131845656e-01
8.577714661571391730e-01
1.000000000000000000e+00
1.000000000000000000e+00
9.689924235670641650e-01
1.347165002446106152e+00
2.333912583320789658e-01
2.600000000000000089e-01
-9.608658403158187866e-02
1.000000000000000000e+00
8.712490313454424040e-01
1.000000000000000000e+00
1.000000000000000000e+00
8.261912698309584746e-01
8.821656087224415410e-01
9.832044186248773965e-01
1.000000000000000000e+00
8.213821596735308983e-01
1.000000000000000000e+00
1.000000000000000000e+00
1.000000000000000000e+00
8.874402140813485440e-01
8.939419007763388381e-01
1.000000000000000000e+00
1.000000000000000000e+00
1.000000000000000000e+00
1.000000000000000000e+00
8.933949579719403511e-01
1.000000000000000000e+00
9.580096242331052059e-01
1.000000000000000000e+00
1.000000000000000000e+00
1.000000000000000000e+00
1.321695509269108282e+00
2.531441955806643662e-01
2.600000000000000089e-01
-1.824994832277297974e-01
8.545300951118174337e-01
9.977928001583725726e-01
1.000000000000000000e+00
9.570118810941378173e-01
1.000000000000000000e+00
9.870160821542182106e-01
9.989950795139341810e-01
1.000000000000000000e+00
9.652071859811345300e-01
1.000000000000000000e+00
1.000000000000000000e+00
1.000000000000000000e+00
9.607920272414520735e-01
1.000000000000000000e+00
8.790539623181418127e-01
8.582195990469886349e-01
1.000000000000000000e+00
1.000000000000000000e+00
1.000000000000000000e+00
9.608327529858423643e-01
8.641888967459800952e-01
1.000000000000000000e+00
9.886089614202498987e-01
1.000000000000000000e+00
1.288189105952621594e+00
2.843501500846081775e-01
2.600000000000000089e-01
-1.845334470272064209e-01
8.662423104163268217e-01
1.000000000000000000e+00
8.436009558624083526e-01
1.000000000000000000e+00
8.524537448488718194e-01
1.000000000000000000e+00
1.000000000000000000e+00
1.000000000000000000e+00
1.000000000000000000e+00
8.746568867858547369e-01
1.000000000000000000e+00
1.000000000000000000e+00
8.831487019925053916e-01
1.000000000000000000e+00
9.903281333312902168e-01
1.000000000000000000e+00
9.775368480479106337e-01
9.221120962180593406e-01
1.000000000000000000e+00
8.482353482974073211e-01
1.000000000000000000e+00
1.000000000000000000e+00
9.459635185392507584e-01
1.000000000000000000e+00
1.263279257770157482e+00
3.075021666645567642e-01
2.600000000000000089e-01
-1.659254878759384155e-01
8.425561832884326252e-01
8.656043915993060223e-01
9.633838873470226272e-01
1.000000000000000000e+00
8.962521721978500278e-01
8.999359881095564395e-01
9.313096513020090450e-01
9.570112486116849615e-01
1.000000000000000000e+00
1.000000000000000000e+00
1.000000000000000000e+00
1.000000000000000000e+00
9.338683249591124280e-01
9.213146187985377100e-01
1.000000000000000000e+00
1.000000000000000000e+00
8.264652178028243368e-01
1.000000000000000000e+00
1.000000000000000000e+00
9.257090682791285774e-01
9.667840286826889784e-01
8.291867835687760646e-01
1.000000000000000000e+00
1.000000000000000000e+00
1.230301177723235551e+00
3.359719710247670577e-01
2.600000000000000089e-01
-1.264473050832748413e-01
9.181983759224303654e-01
1.000000000000000000e+00
1.000000000000000000e+00
8.256262731119481391e-01
1.000000000000000000e+00
8.282464094970833912e-01
1.000000000000000000e+00
9.443036392940044044e-01
1.000000000000000000e+00
1.000000000000000000e+00
8.918494670639728339e-01
1.000000000000000000e+00
9.670292850232851123e-01
8.719194908579253056e-01
9.794842787029447440e-01
1.000000000000000000e+00
8.821750368421683586e-01
1.000000000000000000e+00
8.268439724588868556e-01
1.000000000000000000e+00
8.701260030345753238e-01
8.762687088322183016e-01
1.000000000000000000e+00
1.000000000000000000e+00
1.205607993557849866e+00
3.506268386411841576e-01
2.600000000000000089e-01
-5.413777194917201996e-03
1.000000000000000000e+00
1.000000000000000000e+00
1.000000000000000000e+00
1.000000000000000000e+00
1.000000000000000000e+00
8.702009789858962119e-01
1.000000000000000000e+00
1.000000000000000000e+00
8.279928579366443442e-01
1.000000000000000000e+00
9.106164410484619554e-01
9.846550970290236515e-01
8.201060867701558399e-01
1.000000000000000000e+00
8.419008956053074533e-01
9.215190184305777077e-01
1.000000000000000000e+00
9.447219644117491599e-01
1.000000000000000000e+00
8.542539294904142322e-01
1.000000000000000000e+00
1.000000000000000000e+00
8.937733171773170060e-01
1.000000000000000000e+00
1.181315323800453010e+00
3.579841431607979629e-01
2.600000000000000089e-01
6.002991925925016403e-03
8.212776897013930322e-01
1.000000000000000000e+00
1.000000000000000000e+00
9.807411599394111335e-01
8.681586266969359977e-01
9.176988496002022044e-01
8.801244151472665811e-01
8.589873911678137519e-01
8.754460089065563277e-01
9.436658474119107298e-01
8.667897669744658584e-01
1.000000000000000000e+00
8.632991500287706677e-01
1.000000000000000000e+00
1.000000000000000000e+00
9.556451150503770808e-01
1.000000000000000000e+00
9.555640859818084198e-01
1.000000000000000000e+00
9.553697990922568328e-01
1.000000000000000000e+00
9.491084328647010349e-01
8.892072951953420290e-01
9.635847303183661117e-01
1.156991244673505115e+00
3.737658178642884188e-01
2.600000000000000089e-01
-1.075246259570121765e-01
1.000000000000000000e+00
8.983475375804657048e-01
1.000000000000000000e+00
8.228314021060628702e-01
9.604170280567474460e-01
1.000000000000000000e+00
1.000000000000000000e+00
8.223627865180610508e-01
9.965545212758026850e-01
1.000000000000000000e+00
1.000000000000000000e+00
8.479447872497918315e-01
1.000000000000000000e+00
9.732013305831649363e-01
8.409014572086445094e-01
1.000000000000000000e+00
9.286535658372271351e-01
1.000000000000000000e+00
9.268782665636275953e-01
9.852147256744806514e-01
8.422792610906055799e-01
1.000000000000000000e+00
1.000000000000000000e+00
1.000000000000000000e+00
1.124554205456617106e+00
4.009434770066686582e-01
2.600000000000000089e-01
-1.228362321853637695e-01
9.769027669098245825e-01
1.000000000000000000e+00
9.663630794387475520e-01
1.000000000000000000e+00
9.554944430610946560e-01
9.292014773173146169e-01
8.340964085560500507e-01
1.000000000000000000e+00
9.646097205189259061e-01
1.000000000000000000e+00
8.930652593281103169e-01
9.586534019882420044e-01
9.013851427030259433e-01
8.869150169960932084e-01
8.324418568056479728e-01
1.000000000000000000e+00
1.000000000000000000e+00
9.291454736529293212e-01
1.000000000000000000e+00
1.000000000000000000e+00
1.000000000000000000e+00
9.028478116519261798e-01
9.990584800147165323e-01
9.145976371875997879e-01
1.100519512003428568e+00
4.133304778101063448e-01
2.600000000000000089e-01
7.225999236106872559e-02
9.049858903358946050e-01
8.906385426501585156e-01
9.619873588210833271e-01
1.000000000000000000e+00
9.245650375107673513e-01
9.935662050802783751e-01
9.590329646969761868e-01
1.000000000000000000e+00
1.000000000000000000e+00
1.000000000000000000e+00
1.000000000000000000e+00
1.000000000000000000e+00
1.000000000000000000e+00
9.572854109756635532e-01
1.000000000000000000e+00
9.227519833563341267e-01
1.000000000000000000e+00
1.000000000000000000e+00
1.000000000000000000e+00
1.000000000000000000e+00
8.293725441622781247e-01
1.000000000000000000e+00
9.423587748594117741e-01
8.899464611563770999e-01
1.068889015693668787e+00
4.303358269487280729e-01
2.600000000000000089e-01
-2.127902656793594360e-01
1.000000000000000000e+00
8.262608894747944799e-01
1.000000000000000000e+00
1.000000000000000000e+00
9.976351812742384473e-01
9.601429583494506259e-01
8.215233487178362770e-01
8.705785543463345766e-01
8.512876253913929103e-01
8.510195857640928674e-01
8.854799014743707231e-01
9.940634176553214685e-01
8.353276917258216638e-01
9.784551398908971631e-01
8.516899659824496149e-01
1.000000000000000000e+00
1.000000000000000000e+00
9.572004188777525346e-01
9.944576822438840891e-01
9.310322624102431721e-01
9.728986581185211646e-01
9.705650625670428910e-01
1.000000000000000000e+00
9.838068159419195435e-01
1.045262552003288326e+00
4.636618326595973727e-01
2.600000000000000089e-01
-2.289773225784301758e-01
8.550206268914165575e-01
1.000000000000000000e+00
1.000000000000000000e+00
9.184528924326235133e-01
8.878981838572187479e-01
1.000000000000000000e+00
1.000000000000000000e+00
9.047272710971556720e-01
1.000000000000000000e+00
9.320765557967130022e-01
1.000000000000000000e+00
1.000000000000000000e+00
1.000000000000000000e+00
1.000000000000000000e+00
9.332284577903123823e-01
9.112194888233255963e-01
1.000000000000000000e+00
1.000000000000000000e+00
1.000000000000000000e+00
1.000000000000000000e+00
9.293059462745226762e-01
1.000000000000000000e+00
1.000000000000000000e+00
1.000000000000000000e+00
1.014216638847528218e+00
4.965606804391793361e-01
2.600000000000000089e-01
-6.907466799020767212e-02
