1.000000000000000000e+00
1.000000000000000000e+00
1.000000000000000000e+00
1.000000000000000000e+00
1.000000000000000000e+00
1.000000000000000000e+00
1.000000000000000000e+00
1.000000000000000000e+00
1.000000000000000000e+00
1.000000000000000000e+00
1.000000000000000000e+00
1.000000000000000000e+00
1.000000000000000000e+00
1.000000000000000000e+00
1.000000000000000000e+00
1.000000000000000000e+00
1.000000000000000000e+00
1.000000000000000000e+00
1.000000000000000000e+00
1.000000000000000000e+00
1.000000000000000000e+00
1.000000000000000000e+00
1.000000000000000000e+00
1.000000000000000000e+00
0.000000000000000000e+00
0.000000000000000000e+00
0.000000000000000000e+00
0.000000000000000000e+00
9.658874194306762417e-01
1.000000000000000000e+00
9.451911539359182379e-01
9.650791871651202003e-01
1.000000000000000000e+00
9.916300242512453567e-01
9.589201644360356713e-01
1.000000000000000000e+00
9.981292687487719473e-01
1.000000000000000000e+00
1.000000000000000000e+00
1.000000000000000000e+00
9.372028075173666206e-01
9.404058569228578301e-01
9.636163956903517347e-01
8.791806112989676292e-01
9.265224462344833212e-01
9.686233736533864658e-01
1.000000000000000000e+00
1.000000000000000000e+00
9.962078910895444395e-01
9.963680335003376465e-01
9.670165591957388118e-01
1.000000000000000000e+00
1.638835657414917790e+01
8.831741419258398729e-01
7.419325351715087835e-02
-3.726845979690551758e-02
9.611633701506272498e-01
9.710713663168298870e-01
9.812141736387344215e-01
9.532545690875914302e-01
9.791611752772356736e-01
1.000000000000000000e+00
9.794960556099753246e-01
9.807352943590169625e-01
9.815927314574260931e-01
9.548955145739128625e-01
1.000000000000000000e+00
1.000000000000000000e+00
9.451006110571110730e-01
1.000000000000000000e+00
1.000000000000000000e+00
9.387396265786265293e-01
9.321033744064620707e-01
1.000000000000000000e+00
9.408543074900521663e-01
9.551653466753233790e-01
1.000000000000000000e+00
1.000000000000000000e+00
1.000000000000000000e+00
9.981512691407040672e-01
1.638293945735995649e+01
8.838583520579756936e-01
2.600000000000000089e-01
4.096933603286743164e-01
1.000000000000000000e+00
1.000000000000000000e+00
9.899158603041209314e-01
9.419399805599758535e-01
9.615545235431273152e-01
1.000000000000000000e+00
1.000000000000000000e+00
1.000000000000000000e+00
9.451538314956530185e-01
1.000000000000000000e+00
9.845363453864478531e-01
9.592794565741250556e-01
1.000000000000000000e+00
1.000000000000000000e+00
9.712581477064573532e-01
8.446658794812477167e-01
9.107988570580307641e-01
1.000000000000000000e+00
9.528549163049561121e-01
1.000000000000000000e+00
9.779783648355413472e-01
9.742470230752082738e-01
1.000000000000000000e+00
1.000000000000000000e+00
1.636743877357869792e+01
8.831410996309809747e-01
2.600000000000000089e-01
3.386226892471313477e-01
1.000000000000000000e+00
1.000000000000000000e+00
1.000000000000000000e+00
9.489037474699026919e-01
1.000000000000000000e+00
9.952930654852921721e-01
1.000000000000000000e+00
9.542388365989173948e-01
9.512716537984632348e-01
1.000000000000000000e+00
1.000000000000000000e+00
1.000000000000000000e+00
9.775563971866992885e-01
9.453278385684430463e-01
1.000000000000000000e+00
8.660679054816419198e-01
8.098836030734798408e-01
1.000000000000000000e+00
9.685529292571181115e-01
1.000000000000000000e+00
1.000000000000000000e+00
1.000000000000000000e+00
9.923636062743687036e-01
9.918291591669736729e-01
1.635227823007322101e+01
8.662731412359394589e-01
2.600000000000000089e-01
3.421143591403961182e-01
1.000000000000000000e+00
9.906979348943226737e-01
1.000000000000000000e+00
1.000000000000000000e+00
1.000000000000000000e+00
9.944148077717888112e-01
1.000000000000000000e+00
9.718047443197997959e-01
9.745080155999958915e-01
1.000000000000000000e+00
1.000000000000000000e+00
1.000000000000000000e+00
1.000000000000000000e+00
9.964493329434116475e-01
9.992550913365194631e-01
8.067624692910475570e-01
8.363171065328011133e-01
1.000000000000000000e+00
9.864438271983535511e-01
9.899207901394240228e-01
1.000000000000000000e+00
1.000000000000000000e+00
1.000000000000000000e+00
9.657179906785592349e-01
1.633026092421889430e+01
8.276637706337610645e-01
2.600000000000000089e-01
3.451356589794158936e-01
1.000000000000000000e+00
1.000000000000000000e+00
1.000000000000000000e+00
9.703661293193102111e-01
1.000000000000000000e+00
1.000000000000000000e+00
9.485702514605348634e-01
1.000000000000000000e+00
9.452255225814546469e-01
1.000000000000000000e+00
1.000000000000000000e+00
1.000000000000000000e+00
1.000000000000000000e+00
9.566346330685103760e-01
9.522061297476194230e-01
8.698567440736157952e-01
8.784345463160471157e-01
1.000000000000000000e+00
9.852577536830887661e-01
1.000000000000000000e+00
9.975332134171851495e-01
9.711672744115634748e-01
9.758928724619847506e-01
1.000000000000000000e+00
1.631257769528074419e+01
7.954275886717994126e-01
2.600000000000000089e-01
3.222917020320892334e-01
1.000000000000000000e+00
1.000000000000000000e+00
1.000000000000000000e+00
9.739308987552421915e-01
1.000000000000000000e+00
9.948035682869055263e-01
1.000000000000000000e+00
9.797738604929477901e-01
9.537697636984239224e-01
9.618205491553105668e-01
9.459891259884966042e-01
1.000000000000000000e+00
9.737159537010835475e-01
9.493924255760807229e-01
8.556391526919572277e-01
8.794995356213114457e-01
1.000000000000000000e+00
9.900735158745541664e-01
9.696420671709784500e-01
9.655386621015920046e-01
9.918484540120638959e-01
9.547272884512562063e-01
1.000000000000000000e+00
1.000000000000000000e+00
1.628815597754082134e+01
7.555159414892367309e-01
2.600000000000000089e-01
3.128414452075958252e-01
9.620531387502448961e-01
9.578958400652668459e-01
9.695751629301846419e-01
9.616597752104949492e-01
1.000000000000000000e+00
1.000000000000000000e+00
1.000000000000000000e+00
9.853741933852591117e-01
9.728354356015663784e-01
1.000000000000000000e+00
1.000000000000000000e+00
1.000000000000000000e+00
9.773617898069888454e-01
9.681397083157746719e-01
8.324058704329451164e-01
7.739530943170340738e-01
1.000000000000000000e+00
1.000000000000000000e+00
9.999666081946546603e-01
9.453772265486675153e-01
1.000000000000000000e+00
1.000000000000000000e+00
9.661243009098955392e-01
1.000000000000000000e+00
1.626257024492313619e+01
7.164751133211817447e-01
2.600000000000000089e-01
3.081529140472412109e-01
9.378598572835497027e-01
9.887998086955914756e-01
9.971639422386679996e-01
1.000000000000000000e+00
1.000000000000000000e+00
9.470648709409045241e-01
9.530249110139517033e-01
1.000000000000000000e+00
1.000000000000000000e+00
1.000000000000000000e+00
1.000000000000000000e+00
1.000000000000000000e+00
1.000000000000000000e+00
9.686222585681926178e-01
8.699059718341265457e-01
8.665794535214697003e-01
1.000000000000000000e+00
9.946891750676327693e-01
9.501618495844491585e-01
1.000000000000000000e+00
9.859962748337830485e-01
9.549970712506915538e-01
1.000000000000000000e+00
1.000000000000000000e+00
1.623627146940642163e+01
6.760624953802873982e-01
2.600000000000000089e-01
3.151174485683441162e-01
1.000000000000000000e+00
9.860661458843313909e-01
1.000000000000000000e+00
1.000000000000000000e+00
9.524572353622235976e-01
9.570222994554542506e-01
1.000000000000000000e+00
1.000000000000000000e+00
9.956454039283945123e-01
9.592856500261914832e-01
1.000000000000000000e+00
1.000000000000000000e+00
9.839554712477679432e-01
1.000000000000000000e+00
7.676108597614226259e-01
7.976099653745125639e-01
1.000000000000000000e+00
9.652586048026948751e-01
1.000000000000000000e+00
1.000000000000000000e+00
1.000000000000000000e+00
1.000000000000000000e+00
9.655062408528751750e-01
9.909264062833216258e-01
1.621600009827407263e+01
6.471831997826882343e-01
2.600000000000000089e-01
2.879327237606048584e-01
9.390481437730852088e-01
1.000000000000000000e+00
9.837964151723971318e-01
1.000000000000000000e+00
1.000000000000000000e+00
9.529334514061510442e-01
9.477370860729754654e-01
1.000000000000000000e+00
1.000000000000000000e+00
9.581599282287224240e-01
9.713423903215229194e-01
9.562990739727109668e-01
9.736239732897108423e-01
8.758046752395930445e-01
8.555600899946250726e-01
8.899706096131839717e-01
9.406651386721704977e-01
9.460594210809950555e-01
9.746011947258778063e-01
1.000000000000000000e+00
9.922672568124177861e-01
1.000000000000000000e+00
1.000000000000000000e+00
1.000000000000000000e+00
1.618830320473791673e+01
6.109535822874270217e-01
2.600000000000000089e-01
2.837089896202087402e-01
1.000000000000000000e+00
1.000000000000000000e+00
9.730836737175030393e-01
9.667785660405222581e-01
1.000000000000000000e+00
1.000000000000000000e+00
1.000000000000000000e+00
9.395909985693166044e-01
9.719230892783256026e-01
1.000000000000000000e+00
1.000000000000000000e+00
9.825255919992362807e-01
1.000000000000000000e+00
7.458655949002352958e-01
7.642371487194201674e-01
1.000000000000000000e+00
9.399544680298311805e-01
9.613410155309815019e-01
9.651598452765041136e-01
9.456788339575720181e-01
1.000000000000000000e+00
1.000000000000000000e+00
9.434895428279668206e-01
1.000000000000000000e+00
1.616692039571852035e+01
5.839320027397940649e-01
2.600000000000000089e-01
2.785073816776275635e-01
9.477317499703091785e-01
9.625671775280030262e-01
9.689219214617100784e-01
9.973452382907268543e-01
9.955535794578517228e-01
1.000000000000000000e+00
1.000000000000000000e+00
1.000000000000000000e+00
9.978877164060377947e-01
1.000000000000000000e+00
1.000000000000000000e+00
1.000000000000000000e+00
1.000000000000000000e+00
8.648428791190082565e-01
7.431845824784811816e-01
1.000000000000000000e+00
1.000000000000000000e+00
1.000000000000000000e+00
9.801476864473454009e-01
1.000000000000000000e+00
1.000000000000000000e+00
9.469429502033717139e-01
9.622090063381112390e-01
1.000000000000000000e+00
1.614528964003964617e+01
5.572559769110436712e-01
2.600000000000000089e-01
2.630867958068847656e-01
9.581628291393272656e-01
9.781751127532184453e-01
1.000000000000000000e+00
1.000000000000000000e+00
9.928636597269548947e-01
1.000000000000000000e+00
9.892015595153553775e-01
9.871341070239759707e-01
1.000000000000000000e+00
9.601611888017381746e-01
1.000000000000000000e+00
1.000000000000000000e+00
1.000000000000000000e+00
7.421314225225162930e-01
8.202142778453671568e-01
9.960212563584571743e-01
9.617027786642459164e-01
1.000000000000000000e+00
9.464145751718254784e-01
1.000000000000000000e+00
9.844624090695441865e-01
1.000000000000000000e+00
9.753600277663242446e-01
1.000000000000000000e+00
1.611575721784328508e+01
5.220184617987007059e-01
2.600000000000000089e-01
2.777228355407714844e-01
1.000000000000000000e+00
1.000000000000000000e+00
1.000000000000000000e+00
1.000000000000000000e+00
9.392381634747527519e-01
9.716609701514420383e-01
1.000000000000000000e+00
1.000000000000000000e+00
1.000000000000000000e+00
9.619845402933556722e-01
1.000000000000000000e+00
1.000000000000000000e+00
9.602946899766956479e-01
7.392154248785862691e-01
7.476475595562270815e-01
1.000000000000000000e+00
1.000000000000000000e+00
9.691709199546628684e-01
9.568513665910067800e-01
1.000000000000000000e+00
1.000000000000000000e+00
9.902438546120604368e-01
1.000000000000000000e+00
1.000000000000000000e+00
1.608569268390020568e+01
4.864663876720141111e-01
2.600000000000000089e-01
2.707653045654296875e-01
9.554413227093351280e-01
9.785831283668595670e-01
9.752861584449524779e-01
1.000000000000000000e+00
9.669689788558442078e-01
1.000000000000000000e+00
9.563750685850608280e-01
1.000000000000000000e+00
1.000000000000000000e+00
1.000000000000000000e+00
9.854243797956306894e-01
1.000000000000000000e+00
8.148487422170321848e-01
7.414886808866406609e-01
9.444477021877315526e-01
9.906484166085813836e-01
9.760341460019027471e-01
9.585364148383695992e-01
1.000000000000000000e+00
9.566692145417520221e-01
9.983474820825078977e-01
1.000000000000000000e+00
1.000000000000000000e+00
1.000000000000000000e+00
1.606274655037904253e+01
4.610351631730966737e-01
2.600000000000000089e-01
2.692201137542724609e-01
9.621807767794428035e-01
1.000000000000000000e+00
1.000000000000000000e+00
9.827154169025819064e-01
1.000000000000000000e+00
1.000000000000000000e+00
1.000000000000000000e+00
9.922512110574760458e-01
1.000000000000000000e+00
1.000000000000000000e+00
9.985713632080256419e-01
1.000000000000000000e+00
6.957603037700018644e-01
7.665807707692527950e-01
1.000000000000000000e+00
9.617253393870404121e-01
1.000000000000000000e+00
1.000000000000000000e+00
9.573058114979061672e-01
1.000000000000000000e+00
9.871075145985835908e-01
9.839694735108883705e-01
9.673279868307983476e-01
1.000000000000000000e+00
1.603186799146457986e+01
4.244773516198510066e-01
2.600000000000000089e-01
2.921273410320281982e-01
1.000000000000000000e+00
1.000000000000000000e+00
1.000000000000000000e+00
9.563005658249019714e-01
9.382903985538021407e-01
1.000000000000000000e+00
1.000000000000000000e+00
9.419837560033300639e-01
1.000000000000000000e+00
1.000000000000000000e+00
9.994513941706220095e-01
9.419609186051830507e-01
8.124696452014645853e-01
7.366664738364641085e-01
1.000000000000000000e+00
9.993110877616276921e-01
9.698100750870422004e-01
9.735923463708128223e-01
1.000000000000000000e+00
9.554358350461014115e-01
1.000000000000000000e+00
1.000000000000000000e+00
1.000000000000000000e+00
9.438788769081972729e-01
1.600826774366572636e+01
3.944202461989858577e-01
2.600000000000000089e-01
3.067899942398071289e-01
1.000000000000000000e+00
1.000000000000000000e+00
1.000000000000000000e+00
1.000000000000000000e+00
9.751136075215874888e-01
1.000000000000000000e+00
1.000000000000000000e+00
9.655840203418258882e-01
9.663269647245256166e-01
9.568711504937340573e-01
9.875689323314726931e-01
7.862168742791999509e-01
6.771071417287598537e-01
8.315332478188751653e-01
1.000000000000000000e+00
1.000000000000000000e+00
1.000000000000000000e+00
9.725270758431492357e-01
1.000000000000000000e+00
9.663223763572910130e-01
9.681046652638860550e-01
1.000000000000000000e+00
1.000000000000000000e+00
9.678651710758053861e-01
1.598439729061572834e+01
3.656525047207512813e-01
2.600000000000000089e-01
2.931672036647796631e-01
1.000000000000000000e+00
9.652336239134139406e-01
9.691723676147472322e-01
1.000000000000000000e+00
9.643883747980972476e-01
9.834685077758041905e-01
9.976892281108165061e-01
1.000000000000000000e+00
1.000000000000000000e+00
9.915175341624979932e-01
1.000000000000000000e+00
8.267953353768687785e-01
7.773800875992441517e-01
7.906944603481036449e-01
9.861698741056784678e-01
1.000000000000000000e+00
9.455370424953517539e-01
1.000000000000000000e+00
1.000000000000000000e+00
1.000000000000000000e+00
9.633647615571693246e-01
9.997407975619914122e-01
9.844439171726865334e-01
1.000000000000000000e+00
1.595191537787030001e+01
3.259733816015764063e-01
2.600000000000000089e-01
3.218147456645965576e-01
1.000000000000000000e+00
1.000000000000000000e+00
1.000000000000000000e+00
1.000000000000000000e+00
9.464486413369053164e-01
9.732488061506774368e-01
9.395191577716043296e-01
9.937069229412658355e-01
1.000000000000000000e+00
1.000000000000000000e+00
1.000000000000000000e+00
6.826817697288063425e-01
7.812246041667743057e-01
9.679373314896820846e-01
9.638745979590227497e-01
9.569727964614738180e-01
9.419888328326516680e-01
1.000000000000000000e+00
1.000000000000000000e+00
9.796253049440660776e-01
1.000000000000000000e+00
9.999839475344075579e-01
9.641347354039807582e-01
1.000000000000000000e+00
1.592743732373757837e+01
2.945718178293197376e-01
2.600000000000000089e-01
3.069101572036743164e-01
9.902695934580881820e-01
1.000000000000000000e+00
1.000000000000000000e+00
9.867134195447432310e-01
9.627301358616783267e-01
9.774264816462546746e-01
9.813754584929492708e-01
1.000000000000000000e+00
9.837590005241482194e-01
1.000000000000000000e+00
9.723332346234145884e-01
6.801261633510814475e-01
7.025053185795061550e-01
9.489785946272473183e-01
1.000000000000000000e+00
9.658257533603379352e-01
1.000000000000000000e+00
9.532451326545013925e-01
1.000000000000000000e+00
9.597235220329610739e-01
9.825159393591115231e-01
9.873411370137317178e-01
1.000000000000000000e+00
9.594284964801090831e-01
1.589459400180784954e+01
2.540046344785418242e-01
2.600000000000000089e-01
3.099963068962097168e-01
1.000000000000000000e+00
1.000000000000000000e+00
1.000000000000000000e+00
1.000000000000000000e+00
9.520135946582249931e-01
1.000000000000000000e+00
1.000000000000000000e+00
9.854027394029457598e-01
9.719864440272669714e-01
9.562746460539501836e-01
7.557354685529524829e-01
6.870242526649529280e-01
7.058138516271162954e-01
1.000000000000000000e+00
9.432848182166156947e-01
9.699971380189850167e-01
9.519186415255802558e-01
9.739740053572958356e-01
1.000000000000000000e+00
1.000000000000000000e+00
9.431526337249778180e-01
9.585291348744389150e-01
1.000000000000000000e+00
9.944240314379093615e-01
1.586960705595273780e+01
2.237082283728635268e-01
2.600000000000000089e-01
3.075935840606689453e-01
9.745927278359657331e-01
9.974267248297135069e-01
1.000000000000000000e+00
9.735438663675882731e-01
1.000000000000000000e+00
1.000000000000000000e+00
1.000000000000000000e+00
1.000000000000000000e+00
9.422593124727403069e-01
9.970212559584494816e-01
7.114922997856844011e-01
6.904650968012774337e-01
1.000000000000000000e+00
9.902896418432952652e-01
1.000000000000000000e+00
1.000000000000000000e+00
1.000000000000000000e+00
1.000000000000000000e+00
9.495558618122198480e-01
9.773983566907595844e-01
9.520329263322869773e-01
9.656270563686392139e-01
1.000000000000000000e+00
1.000000000000000000e+00
1.583597839430196608e+01
1.821213934536367596e-01
2.600000000000000089e-01
3.282722532749176025e-01
1.000000000000000000e+00
9.597553062721774220e-01
1.000000000000000000e+00
9.517695291355933174e-01
1.000000000000000000e+00
9.947661477998742674e-01
9.893904092862957356e-01
9.922019657062931541e-01
1.000000000000000000e+00
9.499797271523526820e-01
7.278647363087700217e-01
7.538759468499647287e-01
9.653562509598109243e-01
9.993112164282499377e-01
1.000000000000000000e+00
1.000000000000000000e+00
9.406742909634134842e-01
1.000000000000000000e+00
9.560618014475067428e-01
1.000000000000000000e+00
9.402450778376797436e-01
1.000000000000000000e+00
9.747000183265494000e-01
1.000000000000000000e+00
1.581064230779456459e+01
1.499228300527928326e-01
2.600000000000000089e-01
3.317297101020812988e-01
9.401350829144446974e-01
1.000000000000000000e+00
9.788108240399495674e-01
9.382219699375876631e-01
1.000000000000000000e+00
9.484900941343831215e-01
9.466657676685389378e-01
1.000000000000000000e+00
1.000000000000000000e+00
8.084891366065862783e-01
6.101708170960645772e-01
7.229487434624639608e-01
1.000000000000000000e+00
9.399517129653538472e-01
9.555646380874408541e-01
9.547568132728125878e-01
1.000000000000000000e+00
1.000000000000000000e+00
1.000000000000000000e+00
9.805385166998890067e-01
9.783012702401453486e-01
1.000000000000000000e+00
9.519151899294857611e-01
1.000000000000000000e+00
1.577656304651676855e+01
1.063755284432801318e-01
2.600000000000000089e-01
3.154551684856414795e-01
1.000000000000000000e+00
9.420276526013354745e-01
9.817287140161903292e-01
9.829422375910843446e-01
9.581813517759846244e-01
9.860342852443971795e-01
1.000000000000000000e+00
1.000000000000000000e+00
1.000000000000000000e+00
6.931109842685586608e-01
6.945045781889627179e-01
7.411170490389581422e-01
1.000000000000000000e+00
1.000000000000000000e+00
1.000000000000000000e+00
1.000000000000000000e+00
9.741179594239069983e-01
1.000000000000000000e+00
9.659320159170604603e-01
1.000000000000000000e+00
9.983161645330479450e-01
1.000000000000000000e+00
9.430461095828920337e-01
9.993144818769372772e-01
1.575092392411028897e+01
7.400883320065965165e-02
2.600000000000000089e-01
3.266872763633728027e-01
1.000000000000000000e+00
9.756200083632631248e-01
1.000000000000000000e+00
1.000000000000000000e+00
9.735413321991434055e-01
1.000000000000000000e+00
1.000000000000000000e+00
9.711809700862941153e-01
9.694513816355477820e-01
6.534900355623217694e-01
6.929809850488313216e-01
7.625144014518656643e-01
1.000000000000000000e+00
1.000000000000000000e+00
1.000000000000000000e+00
9.389829406495019404e-01
9.811874797830852923e-01
9.763291240452952602e-01
1.000000000000000000e+00
9.582818977993936560e-01
1.000000000000000000e+00
1.000000000000000000e+00
1.000000000000000000e+00
9.875722087648279857e-01
1.571678622424899885e+01
3.273735133309862988e-02
2.600000000000000089e-01
3.127596676349639893e-01
9.505522634384602210e-01
9.961828899822610106e-01
1.000000000000000000e+00
1.000000000000000000e+00
9.428133769309910983e-01
9.657627399157667769e-01
1.000000000000000000e+00
1.000000000000000000e+00
1.000000000000000000e+00
6.889759542809017479e-01
6.088372263121915040e-01
8.095208031600673593e-01
9.798136624460141997e-01
9.552893673510262085e-01
9.605404213278128100e-01
9.711438250956077045e-01
1.000000000000000000e+00
9.859352785384256634e-01
1.000000000000000000e+00
9.414565714704430377e-01
1.000000000000000000e+00
9.791601643711780323e-01
1.000000000000000000e+00
1.000000000000000000e+00
1.569100675293683445e+01
2.919736503571357389e-03
2.600000000000000089e-01
2.964438796043395996e-01
1.000000000000000000e+00
1.000000000000000000e+00
1.000000000000000000e+00
1.000000000000000000e+00
1.000000000000000000e+00
1.000000000000000000e+00
9.588611023583872850e-01
1.000000000000000000e+00
6.813789224887063511e-01
6.336199265237605349e-01
6.983641918990891595e-01
1.000000000000000000e+00
9.715215120969455942e-01
9.910317227197831258e-01
1.000000000000000000e+00
1.000000000000000000e+00
9.708082012496148661e-01
1.000000000000000000e+00
1.000000000000000000e+00
9.596906204750927927e-01
9.580399390326650444e-01
1.000000000000000000e+00
1.000000000000000000e+00
9.850914701022945863e-01
1.566530984790503034e+01
-2.833069731219417520e-02
2.600000000000000089e-01
3.238089382648468018e-01
9.516458327826622376e-01
1.000000000000000000e+00
9.756030050191453196e-01
1.000000000000000000e+00
1.000000000000000000e+00
1.000000000000000000e+00
1.000000000000000000e+00
9.719615066662148362e-01
6.739436020477743705e-01
6.085707707882148654e-01
6.969048781981055374e-01
9.818932098676301790e-01
9.887213135341132997e-01
1.000000000000000000e+00
1.000000000000000000e+00
9.876811024444019926e-01
1.000000000000000000e+00
9.452299133573526246e-01
9.760903002058807232e-01
9.853983627302147497e-01
1.000000000000000000e+00
9.519230792940984731e-01
1.000000000000000000e+00
9.384884463626466111e-01
1.563120308324677055e+01
-6.126245371893812575e-02
2.600000000000000089e-01
1.509377509355545044e-01
9.856743009725194016e-01
1.000000000000000000e+00
1.000000000000000000e+00
9.946268093652943509e-01
1.000000000000000000e+00
1.000000000000000000e+00
9.384348463807642426e-01
9.936027167230576662e-01
6.014885615205853853e-01
6.918101320589287173e-01
7.442874099046818959e-01
1.000000000000000000e+00
1.000000000000000000e+00
9.667018602673991268e-01
1.000000000000000000e+00
9.671757411133137250e-01
1.000000000000000000e+00
1.000000000000000000e+00
1.000000000000000000e+00
9.702563157519950021e-01
9.823925384764489177e-01
9.792678822982676667e-01
9.494187971589164166e-01
9.749444459854499367e-01
1.559661053108264639e+01
-8.607125711734298079e-02
2.600000000000000089e-01
2.009983658790588379e-01
9.375567348573222715e-01
9.591781007841408968e-01
9.808896491756767810e-01
1.000000000000000000e+00
9.438053105830662703e-01
9.724161889908238265e-01
1.000000000000000000e+00
1.000000000000000000e+00
5.928795264153923217e-01
5.821113808171153314e-01
9.440442410453380173e-01
1.000000000000000000e+00
1.000000000000000000e+00
1.000000000000000000e+00
9.935579735022039838e-01
1.000000000000000000e+00
9.453879427084297404e-01
9.780551379700656023e-01
9.575132083831258134e-01
9.949269567107014156e-01
1.000000000000000000e+00
1.000000000000000000e+00
9.373231102649653979e-01
1.000000000000000000e+00
1.557077128922684395e+01
-1.022449449100735208e-01
2.600000000000000089e-01
1.334083825349807739e-01
9.894660031218736052e-01
9.968896028426519340e-01
1.000000000000000000e+00
9.851252823183916929e-01
1.000000000000000000e+00
1.000000000000000000e+00
9.623923605162482131e-01
1.000000000000000000e+00
6.606918988518850622e-01
6.004840388294495623e-01
9.654346341874096016e-01
1.000000000000000000e+00
9.962473659378795476e-01
9.503581432547655305e-01
1.000000000000000000e+00
9.738640629494683676e-01
9.513501974181679532e-01
9.539292121498466059e-01
1.000000000000000000e+00
9.809010331846178543e-01
9.535825638815904615e-01
1.000000000000000000e+00
1.000000000000000000e+00
9.462536333987098258e-01
1.553662969097378799e+01
-1.154545897387775355e-01
2.600000000000000089e-01
8.010758459568023682e-02
1.000000000000000000e+00
9.732438077349730987e-01
1.000000000000000000e+00
1.000000000000000000e+00
1.000000000000000000e+00
9.648894032678374533e-01
1.000000000000000000e+00
6.104922743337352076e-01
6.146056454466203300e-01
5.846038712003392979e-01
9.517226131979491521e-01
1.000000000000000000e+00
9.561150067651106310e-01
1.000000000000000000e+00
1.000000000000000000e+00
9.625917726526441731e-01
1.000000000000000000e+00
9.417203066223761576e-01
1.000000000000000000e+00
9.445206686989731093e-01
9.599457122565393519e-01
1.000000000000000000e+00
1.000000000000000000e+00
1.000000000000000000e+00
1.550318446630401858e+01
-1.141019792059001503e-01
2.600000000000000089e-01
-1.051683165132999420e-02
1.000000000000000000e+00
1.000000000000000000e+00
9.934251031824503642e-01
9.753737696025339687e-01
1.000000000000000000e+00
9.869364053700001582e-01
9.630577522603712692e-01
6.568715186532779748e-01
5.297771933883084206e-01
5.445676475874344780e-01
1.000000000000000000e+00
1.000000000000000000e+00
9.676859160806710047e-01
1.000000000000000000e+00
9.923955252077586442e-01
1.000000000000000000e+00
9.857344126657148209e-01
9.397818549700618362e-01
9.686051947503504511e-01
1.000000000000000000e+00
1.000000000000000000e+00
1.000000000000000000e+00
1.000000000000000000e+00
9.373708503465680852e-01
1.546890706568389007e+01
-1.229776404025058056e-01
2.600000000000000089e-01
1.427877843379974365e-01
1.000000000000000000e+00
1.000000000000000000e+00
1.000000000000000000e+00
9.463211026868160181e-01
1.000000000000000000e+00
1.000000000000000000e+00
1.000000000000000000e+00
6.540318869208110453e-01
5.621730974550384063e-01
5.846443698410299650e-01
1.000000000000000000e+00
9.828789930916507211e-01
1.000000000000000000e+00
1.000000000000000000e+00
9.821545565567663116e-01
1.000000000000000000e+00
9.433721648156423445e-01
1.000000000000000000e+00
1.000000000000000000e+00
1.000000000000000000e+00
1.000000000000000000e+00
1.000000000000000000e+00
9.776040939369999849e-01
1.000000000000000000e+00
1.544334798007102272e+01
-1.387812075815508805e-01
2.600000000000000089e-01
1.617569625377655029e-01
1.000000000000000000e+00
9.721155678086487173e-01
1.000000000000000000e+00
1.000000000000000000e+00
9.501516112276713333e-01
1.000000000000000000e+00
9.616929812345234030e-01
5.851825574582533163e-01
5.402046543326322059e-01
5.947178739747280840e-01
9.851889100309439984e-01
9.909299354516126757e-01
1.000000000000000000e+00
9.865201339048436102e-01
1.000000000000000000e+00
9.372533981571548045e-01
1.000000000000000000e+00
1.000000000000000000e+00
9.783642517050570309e-01
1.000000000000000000e+00
9.722263424347045158e-01
1.000000000000000000e+00
9.798705709687997034e-01
9.921576820315792800e-01
1.540938460211628147e+01
-1.605128161324298475e-01
2.600000000000000089e-01
1.607112884521484375e-01
1.000000000000000000e+00
1.000000000000000000e+00
9.999981132833291042e-01
9.765644865445007872e-01
1.000000000000000000e+00
1.000000000000000000e+00
9.527409709687829631e-01
5.865623985230686843e-01
5.278398118557788843e-01
5.514673650244940051e-01
9.793085725366917904e-01
9.760566530569265709e-01
1.000000000000000000e+00
1.000000000000000000e+00
9.828571383928050853e-01
1.000000000000000000e+00
9.761868288194819332e-01
9.916303214056226834e-01
1.000000000000000000e+00
1.000000000000000000e+00
1.000000000000000000e+00
1.000000000000000000e+00
9.992251270347149994e-01
9.666925281250039470e-01
1.538381749299549561e+01
-1.782792358639495589e-01
2.600000000000000089e-01
1.832137703895568848e-01
9.908434494963644923e-01
1.000000000000000000e+00
9.498218598399528201e-01
9.610796070809832781e-01
1.000000000000000000e+00
1.000000000000000000e+00
9.814988941551388013e-01
5.802905384451416682e-01
5.180825921320360017e-01
5.842813842805539837e-01
1.000000000000000000e+00
9.732774358436397932e-01
1.000000000000000000e+00
9.380735841027980637e-01
1.000000000000000000e+00
9.592504001871263730e-01
1.000000000000000000e+00
1.000000000000000000e+00
9.544354532150265413e-01
1.000000000000000000e+00
9.827922780554320115e-01
1.000000000000000000e+00
1.000000000000000000e+00
1.000000000000000000e+00
1.535005617852722892e+01
-2.036302807864993625e-01
2.600000000000000089e-01
2.018108218908309937e-01
1.000000000000000000e+00
1.000000000000000000e+00
1.000000000000000000e+00
1.000000000000000000e+00
1.000000000000000000e+00
9.664842747911486232e-01
6.443384705007269009e-01
6.050223447163933788e-01
5.232219930863994950e-01
9.943900305444488552e-01
1.000000000000000000e+00
1.000000000000000000e+00
1.000000000000000000e+00
1.000000000000000000e+00
1.000000000000000000e+00
1.000000000000000000e+00
9.724152985710975416e-01
1.000000000000000000e+00
1.000000000000000000e+00
1.000000000000000000e+00
1.000000000000000000e+00
9.887735378782210871e-01
1.000000000000000000e+00
1.000000000000000000e+00
1.531630917784409185e+01
-2.250046239415368632e-01
2.600000000000000089e-01
1.334677189588546753e-01
9.509412491884940977e-01
9.650787541982063233e-01
1.000000000000000000e+00
9.529780712422848410e-01
9.587606801713887128e-01
9.656800238478016052e-01
6.136904783499936844e-01
4.898909023034904719e-01
5.613569174823717089e-01
9.676030029679979494e-01
1.000000000000000000e+00
9.628006123525771898e-01
9.548239077779329120e-01
1.000000000000000000e+00
9.467464039105174534e-01
1.000000000000000000e+00
9.391102840983804878e-01
1.000000000000000000e+00
9.575142766589597176e-01
9.814090349292449167e-01
9.625314019394609621e-01
9.728138287079205471e-01
1.000000000000000000e+00
9.401794095771097703e-01
1.529103050495875316e+01
-2.353517051356188716e-01
2.600000000000000089e-01
7.760444283485412598e-02
9.897977328899006944e-01
9.782994527709060195e-01
1.000000000000000000e+00
9.807437254586865993e-01
1.000000000000000000e+00
9.915702865057951509e-01
5.769538223125844079e-01
5.271904973673419148e-01
5.682935254993544127e-01
1.000000000000000000e+00
9.712214802710696926e-01
9.487318263445053690e-01
1.000000000000000000e+00
1.000000000000000000e+00
1.000000000000000000e+00
1.000000000000000000e+00
9.961779109049999636e-01
1.000000000000000000e+00
9.907827812129184064e-01
9.412591283537199427e-01
1.000000000000000000e+00
1.000000000000000000e+00
9.852965812214636854e-01
9.375816293555024883e-01
1.526620467831313199e+01
-2.469870738474684302e-01
2.600000000000000089e-01
1.617946028709411621e-01
1.000000000000000000e+00
9.672464030550039782e-01
1.000000000000000000e+00
9.452199583088185530e-01
9.673861493464711581e-01
9.910703930302304787e-01
5.517258154849418172e-01
5.672431412948143459e-01
5.766025547497207748e-01
1.000000000000000000e+00
1.000000000000000000e+00
9.522857235588597646e-01
9.684528902683225970e-01
9.823771302692433371e-01
9.512570020466742937e-01
9.469557210203100039e-01
1.000000000000000000e+00
9.465090363997503697e-01
9.772669238699309702e-01
1.000000000000000000e+00
1.000000000000000000e+00
9.445272716589487860e-01
1.000000000000000000e+00
9.391679229213023561e-01
1.523303277099272712e+01
-2.661447606189453197e-01
2.600000000000000089e-01
1.195102408528327942e-01
9.798883650415559643e-01
1.000000000000000000e+00
1.000000000000000000e+00
9.411210942933658785e-01
1.000000000000000000e+00
9.452626247035932350e-01
5.718105453990823817e-01
5.248169886674858287e-01
6.118953472541946992e-01
9.915689189172971485e-01
1.000000000000000000e+00
1.000000000000000000e+00
1.000000000000000000e+00
1.000000000000000000e+00
9.537822683902804632e-01
1.000000000000000000e+00
1.000000000000000000e+00
1.000000000000000000e+00
1.000000000000000000e+00
9.583657693940648148e-01
9.667875114508464041e-01
1.000000000000000000e+00
1.000000000000000000e+00
1.000000000000000000e+00
1.520848891440239647e+01
-2.746445261222918433e-01
2.600000000000000089e-01
2.444517426192760468e-02
9.771009978129704399e-01
9.673368447941753656e-01
9.862299108974607043e-01
9.649909848981204075e-01
9.935418644742480820e-01
5.663115212150986455e-01
4.605934034454202686e-01
4.996498473482168801e-01
6.387610457439392153e-01
9.518241247388795623e-01
1.000000000000000000e+00
9.444935993287596476e-01
1.000000000000000000e+00
1.000000000000000000e+00
9.681347071793640069e-01
1.000000000000000000e+00
9.801814237386049511e-01
9.794975258291035436e-01
9.655925450173473701e-01
9.620727843577493443e-01
9.663389654677981833e-01
9.995607180640151412e-01
9.487181982114629708e-01
9.755489215929492586e-01
1.517595886117690362e+01
-2.842389382990315738e-01
2.600000000000000089e-01
1.069620102643966675e-01
9.453896438197821883e-01
1.000000000000000000e+00
9.373752705852551603e-01
1.000000000000000000e+00
9.484433198321180480e-01
6.298073667597903214e-01
4.808014552212638848e-01
5.317378379104816810e-01
5.291089936804069804e-01
9.504924680487532029e-01
9.688505213773633828e-01
1.000000000000000000e+00
9.564372182541823753e-01
9.806713239936223347e-01
9.889786117114355291e-01
1.000000000000000000e+00
1.000000000000000000e+00
9.924258141573363279e-01
9.965512852521578591e-01
9.770968562068409469e-01
1.000000000000000000e+00
1.000000000000000000e+00
1.000000000000000000e+00
9.951284926215022697e-01
1.514281088954377630e+01
-3.045019877936532282e-01
2.599999690055847523e-01
2.511098086833953857e-01
9.777945528618680049e-01
1.000000000000000000e+00
9.556875671133913119e-01
9.544479986368300528e-01
1.000000000000000000e+00
4.855523662018288999e-01
5.008012518966376003e-01
4.839341515141102890e-01
1.000000000000000000e+00
1.000000000000000000e+00
1.000000000000000000e+00
9.627062933261587574e-01
1.000000000000000000e+00
1.000000000000000000e+00
9.799014078217368473e-01
9.411759076843374539e-01
1.000000000000000000e+00
9.918206033172068947e-01
9.893042411371587574e-01
1.000000000000000000e+00
9.487324532770351482e-01
1.000000000000000000e+00
1.000000000000000000e+00
9.715127429730060493e-01
1.511836832814454468e+01
-3.325672671680086623e-01
2.600000000000000089e-01
2.820311784744262695e-01
9.772041837748070003e-01
1.000000000000000000e+00
9.569719056424199621e-01
9.984198416734230142e-01
9.433121692930478419e-01
4.896518416034130738e-01
4.527501360968028132e-01
5.163260203937786175e-01
1.000000000000000000e+00
1.000000000000000000e+00
1.000000000000000000e+00
9.964773416248432492e-01
1.000000000000000000e+00
9.793181664545846932e-01
1.000000000000000000e+00
9.799626036017352604e-01
9.980510459427066605e-01
1.000000000000000000e+00
1.000000000000000000e+00
1.000000000000000000e+00
1.000000000000000000e+00
9.776178546743427011e-01
9.930009070667926707e-01
9.634494747496911149e-01
1.508571252477798552e+01
-3.612571006328089140e-01
2.600000000000000089e-01
-9.608955681324005127e-02
9.580397991453393214e-01
9.550790414588615773e-01
1.000000000000000000e+00
1.000000000000000000e+00
9.999135255261738520e-01
4.940625932473009518e-01
4.852300990279624915e-01
5.593819303688397637e-01
1.000000000000000000e+00
9.720125451161493180e-01
9.549349755228738745e-01
1.000000000000000000e+00
1.000000000000000000e+00
9.428502196397258173e-01
9.498925598033618467e-01
1.000000000000000000e+00
1.000000000000000000e+00
9.733273133040001301e-01
9.494291529991523149e-01
1.000000000000000000e+00
1.000000000000000000e+00
9.883576677361644025e-01
9.581689012167816655e-01
1.000000000000000000e+00
1.506140065213223345e+01
-3.621645890470439610e-01
2.600000000000000089e-01
8.917785249650478363e-03
9.667674153049797825e-01
9.866667871103459442e-01
9.742457658817548216e-01
9.676961561529271449e-01
5.955160039588042187e-01
4.587334313953203013e-01
5.235329717007798367e-01
5.209103830153544168e-01
9.887118418513672902e-01
1.000000000000000000e+00
1.000000000000000000e+00
9.481201436743582622e-01
1.000000000000000000e+00
9.788860932336701515e-01
1.000000000000000000e+00
9.839192170155885986e-01
9.509752028737276097e-01
1.000000000000000000e+00
9.393543297649866730e-01
9.821365485375765925e-01
9.389437298933467346e-01
9.887631011648096990e-01
9.826910484786849365e-01
9.904130191334413746e-01
1.502905500648215309e+01
-3.622694489137074925e-01
2.600000000000000089e-01
-2.037872560322284698e-02
9.406229951017940349e-01
9.695129917670423092e-01
9.438689169538708734e-01
9.948037312476097904e-01
5.418581178355000860e-01
4.915974750035514984e-01
5.280046658360554312e-01
4.956971772822321709e-01
1.000000000000000000e+00
9.874213418657495911e-01
9.741039711465910855e-01
1.000000000000000000e+00
1.000000000000000000e+00
1.000000000000000000e+00
9.942559852955915600e-01
1.000000000000000000e+00
1.000000000000000000e+00
9.744753938539360005e-01
9.918066078214025083e-01
1.000000000000000000e+00
1.000000000000000000e+00
9.922264182192480630e-01
1.000000000000000000e+00
9.409864909645745401e-01
1.500491676739689417e+01
-3.690385791550552241e-01
2.600000000000000089e-01
6.269145011901855469e-02
1.000000000000000000e+00
9.574584257973004497e-01
9.786083786063646262e-01
9.564008895028032198e-01
4.780956304210119967e-01
4.542499027351245000e-01
4.435220209089524857e-01
4.657907435963412612e-01
1.000000000000000000e+00
1.000000000000000000e+00
9.514186944165068383e-01
9.624938970375893632e-01
9.823405392714513740e-01
1.000000000000000000e+00
1.000000000000000000e+00
1.000000000000000000e+00
9.736016925671175937e-01
9.724207528810894230e-01
1.000000000000000000e+00
9.395851666217759357e-01
1.000000000000000000e+00
1.000000000000000000e+00
1.000000000000000000e+00
1.000000000000000000e+00
1.497266219428577294e+01
-3.768161140199781656e-01
2.600000000000000089e-01
5.909258872270584106e-02
1.000000000000000000e+00
9.557691192414379255e-01
1.000000000000000000e+00
9.469540980004126363e-01
5.299759854887281518e-01
4.378077821483632448e-01
4.391943024665557749e-01
5.387110174654287098e-01
1.000000000000000000e+00
1.000000000000000000e+00
9.773222923341123858e-01
9.789434840157282824e-01
1.000000000000000000e+00
9.832877307591484373e-01
1.000000000000000000e+00
1.000000000000000000e+00
1.000000000000000000e+00
1.000000000000000000e+00
9.816588183247115795e-01
1.000000000000000000e+00
9.561614955341110056e-01
1.000000000000000000e+00
1.000000000000000000e+00
1.000000000000000000e+00
1.494862103353088933e+01
-3.885668039019893882e-01
2.599999380111694403e-01
1.466784179210662842e-01
9.572120995154326240e-01
1.000000000000000000e+00
9.517820900195946843e-01
9.817474776686898608e-01
4.588639968862228691e-01
4.278956951645945805e-01
4.290871157859060259e-01
9.894368828201642874e-01
9.427409679016631738e-01
9.972273923040526622e-01
1.000000000000000000e+00
9.802165362520439684e-01
1.000000000000000000e+00
9.733550785491029700e-01
1.000000000000000000e+00
9.832029584013544099e-01
1.000000000000000000e+00
9.633471248666837239e-01
9.675598905549687156e-01
9.976646731743031848e-01
1.000000000000000000e+00
9.588024950583217132e-01
9.997820636783899539e-01
9.665421054529763634e-01
1.491689422171873858e+01
-4.052711968000846099e-01
2.600000000000000089e-01
7.340665906667709351e-02
9.415055551558453306e-01
1.000000000000000000e+00
9.895054236671950720e-01
1.000000000000000000e+00
4.276712308433373022e-01
5.259961416602384476e-01
4.613954924444843009e-01
1.000000000000000000e+00
9.559648437446452984e-01
9.944889292152472304e-01
1.000000000000000000e+00
1.000000000000000000e+00
9.569593018153301767e-01
9.910165594213998785e-01
9.522071694101278405e-01
1.000000000000000000e+00
9.692590038606094804e-01
1.000000000000000000e+00
9.567154714175362118e-01
1.000000000000000000e+00
1.000000000000000000e+00
1.000000000000000000e+00
9.521417884778303753e-01
9.628127608241280333e-01
1.489284907877015129e+01
-4.045866520949532585e-01
2.600000000000000089e-01
-1.299595981836318970e-01
1.000000000000000000e+00
1.000000000000000000e+00
9.983535674890118283e-01
9.705776721588404987e-01
4.920905119628748436e-01
5.123256325479782491e-01
4.048438576293363345e-01
9.720329165568697416e-01
1.000000000000000000e+00
9.374300115998124294e-01
1.000000000000000000e+00
1.000000000000000000e+00
1.000000000000000000e+00
9.903411338572718492e-01
9.490491000642951036e-01
1.000000000000000000e+00
9.506609109112590383e-01
9.443650280665737418e-01
1.000000000000000000e+00
9.584029924965421499e-01
9.891806560822226091e-01
1.000000000000000000e+00
9.934969456520488240e-01
9.789021826518230496e-01
1.486082858682314090e+01
-3.869161950978305953e-01
2.600000000000000089e-01
-1.415221393108367920e-01
1.000000000000000000e+00
1.000000000000000000e+00
1.000000000000000000e+00
9.861955219243813131e-01
3.995860605728712156e-01
4.622851493556501823e-01
4.296465689478464189e-01
9.507276257816379417e-01
9.402662918325864760e-01
1.000000000000000000e+00
1.000000000000000000e+00
9.845435124468561172e-01
1.000000000000000000e+00
1.000000000000000000e+00
1.000000000000000000e+00
1.000000000000000000e+00
9.994767178008329145e-01
9.836149006617678214e-01
1.000000000000000000e+00
9.630666710041285716e-01
9.491238263405599174e-01
9.805456999042215793e-01
1.000000000000000000e+00
9.782580628960821922e-01
1.482826677044493735e+01
-3.719451656576291398e-01
2.600000000000000089e-01
-9.175047278404235840e-02
1.000000000000000000e+00
9.777158279410194108e-01
9.657712805605027651e-01
1.000000000000000000e+00
4.864572051255221519e-01
4.187541372899410419e-01
3.964990118604615477e-01
1.000000000000000000e+00
9.867780687220829572e-01
1.000000000000000000e+00
9.835251952776067341e-01
9.792032799515465458e-01
9.700494293479863250e-01
1.000000000000000000e+00
1.000000000000000000e+00
9.742785848867165921e-01
1.000000000000000000e+00
9.449822873472130125e-01
9.933564691453519169e-01
1.000000000000000000e+00
9.421563888160280342e-01
9.647174275948654509e-01
1.000000000000000000e+00
9.493220296870914510e-01
1.480400710341006310e+01
-3.649714831180803642e-01
2.600000000000000089e-01
-5.147872865200042725e-02
9.465712891566538945e-01
9.826349210642678633e-01
1.000000000000000000e+00
1.000000000000000000e+00
4.694994724652187812e-01
4.961609465769722394e-01
3.806592544484647123e-01
9.380275690682655654e-01
1.000000000000000000e+00
9.611159889161295933e-01
9.753915438899547485e-01
1.000000000000000000e+00
1.000000000000000000e+00
9.807619513123395638e-01
9.479697769441086663e-01
1.000000000000000000e+00
9.496551028530094696e-01
9.638593903635015447e-01
9.900470149418819643e-01
1.000000000000000000e+00
9.581127378923410820e-01
1.000000000000000000e+00
9.671801176217676987e-01
9.454924309788389492e-01
1.477167250650284380e+01
-3.542084338897897311e-01
2.600000000000000089e-01
-1.086155697703361511e-01
9.605119994285213902e-01
9.640518435165115196e-01
1.000000000000000000e+00
1.000000000000000000e+00
4.051395162781060710e-01
4.588254293013241947e-01
4.456889237391234992e-01
1.000000000000000000e+00
1.000000000000000000e+00
9.495577885172004073e-01
9.405036452420146853e-01
1.000000000000000000e+00
9.831063552373092707e-01
9.754989750328127984e-01
1.000000000000000000e+00
1.000000000000000000e+00
1.000000000000000000e+00
1.000000000000000000e+00
9.804027395642520570e-01
1.000000000000000000e+00
1.000000000000000000e+00
9.775362399848904760e-01
9.439658713609314633e-01
1.000000000000000000e+00
1.474716338372826918e+01
-3.453090308241177908e-01
2.600000000000000089e-01
-8.522875607013702393e-02
1.000000000000000000e+00
1.000000000000000000e+00
9.776549314471025820e-01
9.785216564452419163e-01
4.298227748734845255e-01
4.072307727562632373e-01
3.876270626453187096e-01
1.000000000000000000e+00
9.683863434196023912e-01
1.000000000000000000e+00
1.000000000000000000e+00
1.000000000000000000e+00
9.587952029366212381e-01
9.448741822403695645e-01
9.997284460002487938e-01
9.703907166111022109e-01
1.000000000000000000e+00
9.846133653426983878e-01
1.000000000000000000e+00
9.871046347460866732e-01
1.000000000000000000e+00
1.000000000000000000e+00
1.000000000000000000e+00
1.000000000000000000e+00
1.471451813060069291e+01
-3.351876203057537751e-01
2.600000000000000089e-01
-9.274374693632125854e-02
9.510811826044947015e-01
1.000000000000000000e+00
1.000000000000000000e+00
1.000000000000000000e+00
4.902114716209478584e-01
3.614356422224263565e-01
4.294422099570154860e-01
9.981943468458736035e-01
9.482635996556965097e-01
9.729664493121960023e-01
9.881407362604113231e-01
9.829947485145682506e-01
1.000000000000000000e+00
9.826930164223768305e-01
1.000000000000000000e+00
1.000000000000000000e+00
9.930263383612988326e-01
9.612682979659988858e-01
1.000000000000000000e+00
1.000000000000000000e+00
9.781026743814992264e-01
1.000000000000000000e+00
1.000000000000000000e+00
9.606167733468471415e-01
1.468162544763628752e+01
-3.253311576539434924e-01
2.600000000000000089e-01
-4.587641730904579163e-02
9.500077376712054988e-01
9.545076549825789458e-01
9.496976705115656170e-01
1.000000000000000000e+00
4.532997722295907805e-01
3.710582446889001962e-01
4.108290308002107705e-01
9.794111335641257909e-01
1.000000000000000000e+00
9.649377065673647724e-01
9.699923268132180088e-01
9.805945117734449212e-01
9.942285174699433403e-01
9.602471431791724799e-01
9.480186417376407215e-01
9.830425652486119992e-01
9.676743213066757443e-01
9.642474235867010135e-01
1.000000000000000000e+00
9.379294587896201962e-01
9.650917729810746248e-01
1.000000000000000000e+00
1.000000000000000000e+00
1.000000000000000000e+00
1.465692542425023248e+01
-3.201696506083315796e-01
2.600000000000000089e-01
-5.608437582850456238e-02
9.910269212831944730e-01
1.000000000000000000e+00
1.000000000000000000e+00
9.803293635383267812e-01
3.678749979349507093e-01
3.484937202434909009e-01
4.001691714193711391e-01
9.546045361646416927e-01
1.000000000000000000e+00
9.589444958724059331e-01
9.586028121793912504e-01
9.451987841491596987e-01
9.456168227210504096e-01
1.000000000000000000e+00
9.913584425176263926e-01
9.498958981491603115e-01
1.000000000000000000e+00
9.867690129552461054e-01
9.737913956697561435e-01
1.000000000000000000e+00
9.586165520820923991e-01
1.000000000000000000e+00
9.477436829944031471e-01
1.000000000000000000e+00
1.462406997360835170e+01
-3.138678164303660978e-01
2.600000000000000089e-01
-6.072310730814933777e-02
1.000000000000000000e+00
1.000000000000000000e+00
9.630437091755046364e-01
9.728419119795228553e-01
4.460789346386081489e-01
3.638563991674593212e-01
4.403223336106837915e-01
1.000000000000000000e+00
9.419313982541986929e-01
1.000000000000000000e+00
9.517343856260050972e-01
9.877950300865961930e-01
9.963351876726721512e-01
9.658611377515734508e-01
1.000000000000000000e+00
9.786746613513657156e-01
1.000000000000000000e+00
9.978498205622736705e-01
1.000000000000000000e+00
1.000000000000000000e+00
1.000000000000000000e+00
9.659246142055105677e-01
1.000000000000000000e+00
1.000000000000000000e+00
1.459930568347859214e+01
-3.115563707123918391e-01
2.600000000000000089e-01
-1.294490974396467209e-02
9.865217339312957190e-01
9.722858812809109796e-01
1.000000000000000000e+00
4.182554065271842370e-01
3.640903722416668487e-01
3.535548342898316987e-01
3.804828749985467717e-01
9.909909518302514320e-01
9.762076745699558300e-01
1.000000000000000000e+00
9.377363990150991979e-01
1.000000000000000000e+00
1.000000000000000000e+00
9.869060008634115144e-01
9.556208078370092007e-01
9.489928008983782304e-01
9.797570312853134400e-01
1.000000000000000000e+00
1.000000000000000000e+00
9.967874111156428407e-01
9.477403821434291498e-01
9.577665752121891085e-01
9.604208089656918190e-01
9.993650656190145032e-01
1.456638284722717280e+01
-3.067653841662618674e-01
2.600000000000000089e-01
-5.571490153670310974e-02
9.501786791267375909e-01
9.941987336014646015e-01
9.608857409594683263e-01
3.973862947824935987e-01
4.538271675865387933e-01
3.609360704328373193e-01
3.955120686697397026e-01
9.628887666191949801e-01
9.539075941246667467e-01
9.978998119620030582e-01
1.000000000000000000e+00
1.000000000000000000e+00
9.673050646208898318e-01
9.421328741518947281e-01
1.000000000000000000e+00
9.865888881719512282e-01
9.876941994304047068e-01
1.000000000000000000e+00
1.000000000000000000e+00
9.388819576246290044e-01
1.000000000000000000e+00
9.947367022530827496e-01
1.000000000000000000e+00
1.000000000000000000e+00
1.454159754821801265e+01
-3.038142464247686192e-01
2.599999690055847523e-01
-2.635915763676166534e-02
1.000000000000000000e+00
1.000000000000000000e+00
9.531047477608699525e-01
4.164087715476919027e-01
3.439870589130336609e-01
4.476112696394861090e-01
4.126378683509664969e-01
1.000000000000000000e+00
9.482341947573533769e-01
9.696126824642895548e-01
1.000000000000000000e+00
9.543168611587443673e-01
9.637114920785776473e-01
9.735152176710147875e-01
9.693288351525393143e-01
1.000000000000000000e+00
1.000000000000000000e+00
9.439446862651527104e-01
1.000000000000000000e+00
9.843714065806823399e-01
9.506498250305720488e-01
9.409599063750133663e-01
9.430976108854907114e-01
9.490763388573711934e-01
1.450829886658287471e+01
-3.003912717936172427e-01
2.599999690055847523e-01
-3.851758688688278198e-02
1.000000000000000000e+00
1.000000000000000000e+00
1.000000000000000000e+00
4.774169935769292938e-01
3.904150008195493293e-01
4.016376959747615660e-01
4.157741038434105141e-01
1.000000000000000000e+00
1.000000000000000000e+00
9.692608968737135289e-01
1.000000000000000000e+00
9.849524603209023343e-01
1.000000000000000000e+00
1.000000000000000000e+00
9.552320957042217398e-01
9.534927476208182595e-01
9.390284637562026360e-01
9.524616501921531198e-01
9.611155744714096061e-01
1.000000000000000000e+00
9.599252553848177660e-01
9.463403478696227333e-01
9.654333194711929300e-01
1.000000000000000000e+00
1.447521416132521566e+01
-2.935500892090860958e-01
2.600000000000000089e-01
-5.407956615090370178e-02
9.718930396572295072e-01
1.000000000000000000e+00
9.514367458714464432e-01
3.458960651692448152e-01
3.363942361076451282e-01
4.231483634140205119e-01
4.079706803586430897e-01
1.000000000000000000e+00
9.601277912252983437e-01
1.000000000000000000e+00
9.763932059456765788e-01
9.630760963797229124e-01
9.586676267416792685e-01
1.000000000000000000e+00
1.000000000000000000e+00
1.000000000000000000e+00
9.845423683111558244e-01
9.465615246270779881e-01
9.431622451192723799e-01
1.000000000000000000e+00
9.941215994503915798e-01
1.000000000000000000e+00
1.000000000000000000e+00
9.735765511871139477e-01
1.443362201130893574e+01
-2.862748920032256450e-01
2.600000000000000089e-01
-4.514614492654800415e-02
9.846861272433310441e-01
1.000000000000000000e+00
1.000000000000000000e+00
3.635939914566321263e-01
3.703041006402272295e-01
4.171122499737759393e-01
4.161776126909085827e-01
1.000000000000000000e+00
1.000000000000000000e+00
9.914225958339274447e-01
9.868413482326962027e-01
1.000000000000000000e+00
9.437493688861807728e-01
1.000000000000000000e+00
1.000000000000000000e+00
1.000000000000000000e+00
9.760133670445124698e-01
9.508653249468554947e-01
9.750889994490996582e-01
9.850215776586283001e-01
9.505457401618813140e-01
9.507795936440913698e-01
1.000000000000000000e+00
9.845581737419719648e-01
1.440038108141670214e+01
-2.840711519322729472e-01
2.599999690055847523e-01
-1.702255755662918091e-02
9.636299251171005498e-01
9.479645905578096832e-01
9.848389617530738382e-01
3.464058386022266234e-01
3.729881201654210998e-01
3.165037628675109183e-01
3.538131071320713694e-01
9.777358534222063691e-01
9.674168226659553005e-01
1.000000000000000000e+00
9.404129826968068429e-01
1.000000000000000000e+00
1.000000000000000000e+00
1.000000000000000000e+00
1.000000000000000000e+00
1.000000000000000000e+00
1.000000000000000000e+00
1.000000000000000000e+00
1.000000000000000000e+00
1.000000000000000000e+00
1.000000000000000000e+00
9.951111430830100746e-01
9.379753655241961363e-01
1.000000000000000000e+00
1.437541711356343477e+01
-2.801852580738062315e-01
2.600000000000000089e-01
-4.454063996672630310e-02
1.000000000000000000e+00
9.448882741114237316e-01
9.720677330577371933e-01
4.365711252354130822e-01
3.126689332613065142e-01
3.402516340330984934e-01
4.519348618753168401e-01
9.940335491489976638e-01
9.879389261858824156e-01
9.494635898178499511e-01
1.000000000000000000e+00
9.822025572040206098e-01
9.856513905451668167e-01
9.788220022470863757e-01
1.000000000000000000e+00
9.910208063822090185e-01
9.949586795864010513e-01
1.000000000000000000e+00
1.000000000000000000e+00
9.645823696881185016e-01
1.000000000000000000e+00
1.000000000000000000e+00
1.000000000000000000e+00
1.000000000000000000e+00
1.435045361964255939e+01
-2.773405236335859669e-01
2.599999690055847523e-01
-9.563732892274856567e-03
9.674287181859304585e-01
1.000000000000000000e+00
1.000000000000000000e+00
3.227292633884725759e-01
3.182113479594166905e-01
3.167368120771059670e-01
3.565308604302367401e-01
9.504075127481282914e-01
1.000000000000000000e+00
9.630842750044414924e-01
1.000000000000000000e+00
9.846249853076852743e-01
9.497529712657659662e-01
9.963356378604023567e-01
9.456957831164031214e-01
1.000000000000000000e+00
1.000000000000000000e+00
9.797644210722361580e-01
9.583595521125876093e-01
1.000000000000000000e+00
9.997066027305586688e-01
9.879507733490412447e-01
9.431025069740400779e-01
9.816322542854171163e-01
1.431719738722506285e+01
-2.765776368367527382e-01
2.600000000000000089e-01
-1.973497308790683746e-02
1.000000000000000000e+00
9.674890737112552541e-01
4.137809099152265913e-01
3.635498909871928142e-01
3.969618530973463288e-01
3.894591095515910761e-01
4.198341883563022625e-01
9.494919779497942303e-01
1.000000000000000000e+00
9.477571008794756224e-01
1.000000000000000000e+00
9.537240451728880020e-01
1.000000000000000000e+00
1.000000000000000000e+00
1.000000000000000000e+00
9.719124603744955238e-01
1.000000000000000000e+00
1.000000000000000000e+00
9.423314895727191720e-01
1.000000000000000000e+00
9.824449207118403082e-01
9.568267516998274491e-01
1.000000000000000000e+00
9.709674403565420331e-01
1.428371850937168475e+01
-2.748574543473143450e-01
2.599999380111694403e-01
-3.869170031975954771e-04
1.000000000000000000e+00
9.692571270430724306e-01
4.539708207495019576e-01
3.892291589122053863e-01
4.062367613155128399e-01
3.265956308938006147e-01
3.856438138275514738e-01
9.714705115501874877e-01
1.000000000000000000e+00
9.438917689866741512e-01
1.000000000000000000e+00
1.000000000000000000e+00
9.517487061524833036e-01
9.696025780212641498e-01
1.000000000000000000e+00
1.000000000000000000e+00
9.912246824228095887e-01
1.000000000000000000e+00
9.977685161859543017e-01
1.000000000000000000e+00
1.000000000000000000e+00
1.000000000000000000e+00
1.000000000000000000e+00
9.716187885836607974e-01
1.425873218764423456e+01
-2.748548101828669488e-01
2.599999690055847523e-01
-3.571073291823267937e-03
1.000000000000000000e+00
1.000000000000000000e+00
4.107834393182717703e-01
3.847010377889463206e-01
3.253098103709413103e-01
3.633027186329879643e-01
4.434109787973040118e-01
1.000000000000000000e+00
1.000000000000000000e+00
1.000000000000000000e+00
1.000000000000000000e+00
9.738462653927019153e-01
1.000000000000000000e+00
9.637120092945451466e-01
1.000000000000000000e+00
1.000000000000000000e+00
1.000000000000000000e+00
9.452464931100033052e-01
1.000000000000000000e+00
1.000000000000000000e+00
1.000000000000000000e+00
1.000000000000000000e+00
1.000000000000000000e+00
1.000000000000000000e+00
1.423375736479424170e+01
-2.753955740227826965e-01
2.599999380111694403e-01
-2.324613276869058609e-03
9.732987029158722825e-01
1.000000000000000000e+00
4.445047940058232117e-01
3.024713017406167048e-01
3.437730332700458247e-01
3.082552807053456356e-01
4.253930169327864719e-01
9.497833770326586933e-01
9.534566620102519208e-01
9.532682748121058536e-01
9.690015839556375132e-01
9.944471412325387449e-01
9.576895166091585754e-01
1.000000000000000000e+00
1.000000000000000000e+00
1.000000000000000000e+00
9.624441997509327607e-01
9.737625660210118550e-01
9.754491398029324634e-01
9.460637277179969606e-01
1.000000000000000000e+00
9.779032492311754421e-01
9.781544086357208956e-01
9.950860445633835649e-01
1.420043925951226349e+01
-2.757090413892662184e-01
2.599999690055847523e-01
-6.574921775609254837e-03
9.861016655255182561e-01
1.000000000000000000e+00
3.691507364656612666e-01
3.275909699356022164e-01
3.618967849002946990e-01
3.950461286056743959e-01
1.000000000000000000e+00
1.000000000000000000e+00
9.383854471346980697e-01
9.835284057067630314e-01
9.582935226182333066e-01
1.000000000000000000e+00
9.580733095358427986e-01
1.000000000000000000e+00
1.000000000000000000e+00
1.000000000000000000e+00
1.000000000000000000e+00
1.000000000000000000e+00
1.000000000000000000e+00
9.578013203492524719e-01
9.500291115800429953e-01
9.623030691493338340e-01
9.964925262349708657e-01
9.926845110106051751e-01
1.416721852599742526e+01
-2.765742226857561548e-01
2.599997520446777344e-01
2.775686793029308319e-02
1.000000000000000000e+00
1.000000000000000000e+00
3.196050549437193800e-01
3.722340292207483303e-01
2.802117908728040119e-01
3.494147867222148207e-01
9.975203658270055396e-01
9.380809794396209877e-01
9.924060821411879729e-01
1.000000000000000000e+00
9.737114958991327507e-01
9.399104438977338161e-01
9.412833609856974260e-01
9.855392597685449507e-01
1.000000000000000000e+00
9.744157690742653033e-01
1.000000000000000000e+00
1.000000000000000000e+00
1.000000000000000000e+00
1.000000000000000000e+00
9.614744710413815065e-01
9.701243258890795973e-01
1.000000000000000000e+00
9.734696874842457825e-01
1.414255191245927001e+01
-2.720749835707092501e-01
2.600000000000000089e-01
-8.103092014789581299e-02
9.596095363066972084e-01
1.000000000000000000e+00
2.857859326069780992e-01
3.449072476768810236e-01
3.375105918364451618e-01
2.876083018232200028e-01
1.000000000000000000e+00
1.000000000000000000e+00
9.992948914786200509e-01
1.000000000000000000e+00
9.638295547870099345e-01
1.000000000000000000e+00
1.000000000000000000e+00
9.484396978569280545e-01
1.000000000000000000e+00
9.478416533286387891e-01
9.665356206328399313e-01
9.864983914569248613e-01
1.000000000000000000e+00
9.864175011304026075e-01
9.411286667181155696e-01
1.000000000000000000e+00
1.000000000000000000e+00
9.754520997106180813e-01
1.410887700884812723e+01
-2.650976504743791651e-01
2.600000000000000089e-01
-3.915322571992874146e-02
1.000000000000000000e+00
9.695701003378893734e-01
3.224232106594283054e-01
3.441204086970915399e-01
3.709627347944435272e-01
3.729642328357307135e-01
1.000000000000000000e+00
1.000000000000000000e+00
9.892321202511080713e-01
9.689399094422297409e-01
1.000000000000000000e+00
1.000000000000000000e+00
9.960310624179282701e-01
9.540063048602008822e-01
1.000000000000000000e+00
9.872262208368429715e-01
1.000000000000000000e+00
1.000000000000000000e+00
1.000000000000000000e+00
9.831033503998478640e-01
9.731932517146638650e-01
1.000000000000000000e+00
1.000000000000000000e+00
9.401305504122559054e-01
1.407544942070569149e+01
-2.593845877875375905e-01
2.600000000000000089e-01
-4.273387789726257324e-02
1.000000000000000000e+00
4.221833166551354211e-01
2.926033741818060974e-01
3.089518757365063983e-01
3.638424751490316189e-01
3.745609796592380136e-01
1.000000000000000000e+00
9.536220519966729370e-01
9.549436366324232095e-01
9.592124678974309759e-01
1.000000000000000000e+00
9.861545709740912047e-01
9.646593410320222217e-01
9.771613108603769415e-01
1.000000000000000000e+00
9.471431187293996024e-01
1.000000000000000000e+00
1.000000000000000000e+00
9.674558902274724703e-01
9.880405792019157918e-01
1.000000000000000000e+00
9.941793812742876213e-01
1.000000000000000000e+00
1.000000000000000000e+00
1.404206827279732295e+01
-2.538920939918751785e-01
2.600000000000000089e-01
-5.339922755956649780e-02
9.847056452039756325e-01
3.611618668555189871e-01
3.362647825301034454e-01
3.366577953885087626e-01
2.632210457138167148e-01
3.894325816490811776e-01
1.000000000000000000e+00
9.695085963500951198e-01
1.000000000000000000e+00
9.457863066080155479e-01
9.376530804255746032e-01
1.000000000000000000e+00
9.756920291814766832e-01
1.000000000000000000e+00
9.931991583468849916e-01
9.472418476482168392e-01
1.000000000000000000e+00
9.851905736144926928e-01
1.000000000000000000e+00
9.754808750766074121e-01
9.591614089042659330e-01
1.000000000000000000e+00
1.000000000000000000e+00
9.927982910682650042e-01
1.401687442570363906e+01
-2.541545084797505183e-01
2.600000000000000089e-01
3.704637289047241211e-02
1.000000000000000000e+00
3.807061309523859793e-01
3.505175639713932756e-01
2.792268317028074320e-01
2.777588193032211050e-01
2.973417193250766366e-01
9.393163320225875745e-01
1.000000000000000000e+00
1.000000000000000000e+00
9.760589509143219322e-01
1.000000000000000000e+00
1.000000000000000000e+00
1.000000000000000000e+00
1.000000000000000000e+00
1.000000000000000000e+00
9.787251966844472406e-01
9.375142956326329990e-01
9.915327120062963351e-01
9.683189503388740516e-01
1.000000000000000000e+00
1.000000000000000000e+00
1.000000000000000000e+00
1.000000000000000000e+00
9.919589112967176492e-01
1.398317332438603344e+01
-2.591701526898138042e-01
2.600000000000000089e-01
3.730855882167816162e-02
9.714118327567257127e-01
2.909062866900637978e-01
2.758706024954644676e-01
2.433834583423771236e-01
2.592244672537817318e-01
3.831242062626613043e-01
1.000000000000000000e+00
9.961671861312780818e-01
9.415939620516530217e-01
1.000000000000000000e+00
9.566764359706265708e-01
1.000000000000000000e+00
1.000000000000000000e+00
9.612455733401933378e-01
9.718809262729266596e-01
9.780986171103955851e-01
1.000000000000000000e+00
9.392413052105208493e-01
9.493071650694400176e-01
9.694845279231604218e-01
1.000000000000000000e+00
9.855249837866647544e-01
1.000000000000000000e+00
1.000000000000000000e+00
1.395810875516879612e+01
-2.645150643258027401e-01
2.600000000000000089e-01
6.247846037149429321e-02
1.000000000000000000e+00
3.029133393827955212e-01
2.374562995637949370e-01
2.392290604665238407e-01
3.562382631094804242e-01
3.712371597259976896e-01
9.421995557695257428e-01
9.778725979394847778e-01
1.000000000000000000e+00
1.000000000000000000e+00
1.000000000000000000e+00
1.000000000000000000e+00
9.919396255269300466e-01
9.500807336658025903e-01
9.620527815013203421e-01
1.000000000000000000e+00
1.000000000000000000e+00
1.000000000000000000e+00
9.968880607983987563e-01
1.000000000000000000e+00
1.000000000000000000e+00
1.000000000000000000e+00
1.000000000000000000e+00
9.683618417665981193e-01
1.393315083861188519e+01
-2.733797324988014310e-01
2.599999690055847523e-01
8.997409045696258545e-02
1.000000000000000000e+00
2.882344830193513951e-01
2.414540956168134966e-01
3.017925150306887128e-01
3.432534484681771247e-01
3.507267196890295757e-01
1.000000000000000000e+00
1.000000000000000000e+00
1.000000000000000000e+00
9.882028353881565641e-01
9.686175162273189532e-01
1.000000000000000000e+00
9.650153926629335688e-01
1.000000000000000000e+00
9.888209695067770033e-01
1.000000000000000000e+00
1.000000000000000000e+00
9.871873842485793249e-01
1.000000000000000000e+00
9.398699016389490124e-01
9.595894543713489044e-01
9.495329466746144087e-01
9.712132543362115289e-01
1.000000000000000000e+00
1.389993328946403572e+01
-2.855453833311205614e-01
2.600000000000000089e-01
7.912598550319671631e-02
3.526000254181820837e-01
2.997991347003715612e-01
2.614568642446030711e-01
3.201241427473039414e-01
2.553500369134784620e-01
1.000000000000000000e+00
1.000000000000000000e+00
1.000000000000000000e+00
1.000000000000000000e+00
9.732835564515703863e-01
1.000000000000000000e+00
9.805572719965862660e-01
9.947880755934861430e-01
1.000000000000000000e+00
1.000000000000000000e+00
9.808207721253602296e-01
1.000000000000000000e+00
9.993635029524220448e-01
1.000000000000000000e+00
1.000000000000000000e+00
1.000000000000000000e+00
1.000000000000000000e+00
1.000000000000000000e+00
9.704286813916072063e-01
1.386686903768164392e+01
-2.923947104336219738e-01
2.600000000000000089e-01
4.605730995535850525e-02
3.296732704355817001e-01
3.502337836851099895e-01
2.571693060914189699e-01
2.708137186578903899e-01
2.653829232536505378e-01
1.000000000000000000e+00
9.384106465862148694e-01
9.488424484841581075e-01
9.615062201571635825e-01
9.963127185190391311e-01
9.854164416726055586e-01
1.000000000000000000e+00
9.506101199010751346e-01
1.000000000000000000e+00
9.848720736287195354e-01
9.963757118813311164e-01
1.000000000000000000e+00
9.826590425920797012e-01
9.577155235981525960e-01
9.675508393924540096e-01
1.000000000000000000e+00
9.562857483457538610e-01
1.000000000000000000e+00
1.000000000000000000e+00
1.384212680987063848e+01
-3.022144406178792764e-01
2.600000000000000089e-01
1.165819093585014343e-01
3.191968603781374925e-01
2.783907726866609034e-01
2.432729582687276348e-01
3.495459181728828857e-01
3.171493180728605088e-01
1.000000000000000000e+00
9.702330098143850945e-01
1.000000000000000000e+00
9.937324000373493060e-01
1.000000000000000000e+00
9.755523253513097570e-01
9.849422186391630918e-01
9.747910323830647483e-01
9.785392972423218039e-01
9.873804569369226680e-01
9.921496314675991579e-01
1.000000000000000000e+00
1.000000000000000000e+00
9.975787601819101624e-01
1.000000000000000000e+00
1.000000000000000000e+00
1.000000000000000000e+00
9.475380532702709635e-01
9.868500711501463352e-01
1.380905017523499190e+01
-3.186093859311593945e-01
2.600000000000000089e-01
1.119409650564193726e-01
2.506982209144171803e-01
2.208071685855471089e-01
2.407282059081032877e-01
2.805479481314669954e-01
3.827535684009676364e-01
9.539467091325962711e-01
9.482446153955713664e-01
1.000000000000000000e+00
9.444650720237030006e-01
9.720653282780625792e-01
1.000000000000000000e+00
1.000000000000000000e+00
1.000000000000000000e+00
1.000000000000000000e+00
9.673018474433211500e-01
9.680518172664774879e-01
1.000000000000000000e+00
1.000000000000000000e+00
9.484769555926739759e-01
9.592576038744935474e-01
1.000000000000000000e+00
9.626926181827303308e-01
1.000000000000000000e+00
1.000000000000000000e+00
1.377644838315884712e+01
-3.336844211872236343e-01
2.600000000000000089e-01
1.189984381198883057e-01
3.025542235848583950e-01
2.291701990856539195e-01
2.802252863878095801e-01
2.707467590449700312e-01
3.629395035532486102e-01
9.877125345803875467e-01
9.663172143700545780e-01
1.000000000000000000e+00
1.000000000000000000e+00
9.454504306128553859e-01
1.000000000000000000e+00
1.000000000000000000e+00
1.000000000000000000e+00
1.000000000000000000e+00
9.720152988203407673e-01
9.775727404474642279e-01
9.475350397975365047e-01
9.423286818866631886e-01
1.000000000000000000e+00
9.598107897088005158e-01
1.000000000000000000e+00
1.000000000000000000e+00
9.742199338192262248e-01
9.585336960708030762e-01
1.375202635285578445e+01
-3.459771381057858974e-01
2.599999690055847523e-01
2.343311607837677002e-01
3.326367525917856560e-01
3.357506604458822541e-01
2.289161048066279680e-01
3.084712389379661301e-01
1.000000000000000000e+00
1.000000000000000000e+00
1.000000000000000000e+00
1.000000000000000000e+00
9.931850553713509333e-01
1.000000000000000000e+00
1.000000000000000000e+00
9.543092871842192570e-01
1.000000000000000000e+00
1.000000000000000000e+00
1.000000000000000000e+00
1.000000000000000000e+00
9.885684307943065630e-01
1.000000000000000000e+00
1.000000000000000000e+00
9.914876114020124698e-01
1.000000000000000000e+00
9.458022509247915321e-01
1.000000000000000000e+00
9.494069266768043747e-01
1.371977338342924391e+01
-3.689612532954491542e-01
2.600000000000000089e-01
1.546113640069961548e-01
2.389755810323556939e-01
2.362457186628093286e-01
2.995118832884138271e-01
3.880064322117719455e-01
9.607761499726652499e-01
1.000000000000000000e+00
1.000000000000000000e+00
9.895200950485917302e-01
1.000000000000000000e+00
1.000000000000000000e+00
9.533087732086477084e-01
1.000000000000000000e+00
9.793379148457869166e-01
1.000000000000000000e+00
1.000000000000000000e+00
1.000000000000000000e+00
1.000000000000000000e+00
9.687945824601386091e-01
1.000000000000000000e+00
9.376320183397367503e-01
9.590696716665016996e-01
1.000000000000000000e+00
1.000000000000000000e+00
1.000000000000000000e+00
1.369572067349210265e+01
-3.806027926888759794e-01
2.600000000000000089e-01
-1.736826379783451557e-03
2.431202794355100116e-01
3.266613402599123916e-01
2.324159454643647538e-01
3.526648454050294590e-01
1.000000000000000000e+00
1.000000000000000000e+00
1.000000000000000000e+00
1.000000000000000000e+00
1.000000000000000000e+00
1.000000000000000000e+00
1.000000000000000000e+00
9.725603125036276220e-01
9.771677790623314319e-01
9.427426780193478573e-01
9.984945229833088742e-01
9.761350431060795696e-01
1.000000000000000000e+00
9.552423609876650179e-01
1.000000000000000000e+00
9.757555077366629748e-01
9.716308270928547541e-01
9.401284643112576278e-01
9.557683930855568333e-01
1.000000000000000000e+00
1.366336955319924229e+01
-3.836580808098783990e-01
2.600000000000000089e-01
4.430058598518371582e-02
2.282458443665831838e-01
3.225476240520143145e-01
2.831442854750756966e-01
9.402574507403239634e-01
9.428998712398578563e-01
1.000000000000000000e+00
1.000000000000000000e+00
9.662880812403090713e-01
1.000000000000000000e+00
9.706851916300066607e-01
1.000000000000000000e+00
9.828286671112195227e-01
9.604217588794694560e-01
1.000000000000000000e+00
1.000000000000000000e+00
9.485685091021566206e-01
1.000000000000000000e+00
1.000000000000000000e+00
1.000000000000000000e+00
9.753012443859002678e-01
9.499988012085435196e-01
9.775828568460802614e-01
1.000000000000000000e+00
9.696864302322908413e-01
1.363934994577277848e+01
-3.864075831475464184e-01
2.600000000000000089e-01
-5.309901665896177292e-03
2.491724251730650652e-01
3.128999491506493924e-01
3.245327993327370431e-01
1.000000000000000000e+00
9.585102585285456556e-01
9.998963212858814620e-01
1.000000000000000000e+00
9.506023334824178495e-01
1.000000000000000000e+00
9.597093293247613843e-01
9.835111672592347087e-01
1.000000000000000000e+00
1.000000000000000000e+00
1.000000000000000000e+00
1.000000000000000000e+00
9.739121894242803723e-01
1.000000000000000000e+00
9.632088672948783126e-01
1.000000000000000000e+00
9.597830134021843040e-01
1.000000000000000000e+00
1.000000000000000000e+00
9.700623393475437117e-01
9.515046215702696042e-01
1.360748551840860188e+01
-3.879368791292847618e-01
2.600000000000000089e-01
2.660319022834300995e-02
2.710589915887303691e-01
2.264397918024945999e-01
2.752427097743824214e-01
1.000000000000000000e+00
9.449851506780077015e-01
9.933525579812849671e-01
9.763649428622860338e-01
1.000000000000000000e+00
9.958810709590263377e-01
9.617999794455952545e-01
1.000000000000000000e+00
1.000000000000000000e+00
1.000000000000000000e+00
9.943727508378763513e-01
1.000000000000000000e+00
1.000000000000000000e+00
1.000000000000000000e+00
1.000000000000000000e+00
9.496504397581928547e-01
9.926553999416105611e-01
9.885099570998088225e-01
1.000000000000000000e+00
1.000000000000000000e+00
1.000000000000000000e+00
1.357551504361976313e+01
-3.907929089782218313e-01
2.600000000000000089e-01
1.307754032313823700e-02
2.520214196188476641e-01
3.077757824166372780e-01
3.185992751681602231e-01
9.674069065499192321e-01
1.000000000000000000e+00
9.626458156858841431e-01
9.698366219836556112e-01
9.515524119464146002e-01
1.000000000000000000e+00
9.494890053398463703e-01
9.587506589439810378e-01
9.581906802377136989e-01
1.000000000000000000e+00
9.782741218545476514e-01
1.000000000000000000e+00
9.608789070460905801e-01
9.582365756539612534e-01
9.455408646124433547e-01
1.000000000000000000e+00
1.000000000000000000e+00
9.427977064736305923e-01
1.000000000000000000e+00
1.000000000000000000e+00
1.000000000000000000e+00
1.354332428484055839e+01
-3.961246203457733372e-01
2.600000000000000089e-01
3.706002980470657349e-02
3.044115630661131111e-01
2.989904434295562186e-01
2.616315873110054424e-01
9.396529762895570181e-01
9.973263603735097460e-01
9.593031924627091200e-01
1.000000000000000000e+00
1.000000000000000000e+00
9.663149176947921637e-01
9.568665826901306959e-01
9.886318795744413190e-01
9.726143551349999417e-01
9.860649043049488638e-01
9.500722470889380045e-01
9.961782846835909311e-01
1.000000000000000000e+00
9.809390568770818275e-01
9.491872689980800359e-01
1.000000000000000000e+00
9.750339360376039100e-01
1.000000000000000000e+00
1.000000000000000000e+00
1.000000000000000000e+00
1.000000000000000000e+00
1.351944608638421208e+01
-4.019982345807324720e-01
2.600000000000000089e-01
5.688316747546195984e-02
2.442475390039654248e-01
3.043492504055884673e-01
4.100737149966966477e-01
1.000000000000000000e+00
1.000000000000000000e+00
9.862065667863914031e-01
1.000000000000000000e+00
1.000000000000000000e+00
1.000000000000000000e+00
1.000000000000000000e+00
1.000000000000000000e+00
1.000000000000000000e+00
9.530180422570990739e-01
9.593947726310618762e-01
9.863201161005379358e-01
1.000000000000000000e+00
9.448247360555931396e-01
1.000000000000000000e+00
1.000000000000000000e+00
9.940227013974832770e-01
9.794378642410067615e-01
9.501139157972936511e-01
9.916847566669072522e-01
9.751687868242985280e-01
1.348771683933443555e+01
-4.056303027638028524e-01
2.600000000000000089e-01
1.482345256954431534e-02
2.287895870358338246e-01
3.331737999633758163e-01
9.880181846276897550e-01
9.406809481045972365e-01
1.000000000000000000e+00
9.978824188723081079e-01
1.000000000000000000e+00
9.893971328755460926e-01
9.606980383096846987e-01
1.000000000000000000e+00
9.620437637894806437e-01
1.000000000000000000e+00
1.000000000000000000e+00
9.615690527715999858e-01
1.000000000000000000e+00
1.000000000000000000e+00
1.000000000000000000e+00
1.000000000000000000e+00
1.000000000000000000e+00
9.841457924656430434e-01
1.000000000000000000e+00
1.000000000000000000e+00
1.000000000000000000e+00
9.577145694193004433e-01
1.345591048867441053e+01
-4.039989631644784751e-01
2.600000000000000089e-01
-3.355832025408744812e-02
3.077379679101782672e-01
3.189148255906028018e-01
9.735190774626277799e-01
9.974683703789997136e-01
9.941076071773730094e-01
9.799619029445366669e-01
1.000000000000000000e+00
9.841237184611827393e-01
1.000000000000000000e+00
9.729416161519212070e-01
9.630220779255420638e-01
9.958838465240057447e-01
1.000000000000000000e+00
9.463988433414451951e-01
1.000000000000000000e+00
9.596792395007571752e-01
1.000000000000000000e+00
9.732007903405420768e-01
9.766565507084240538e-01
9.850627298733390935e-01
1.000000000000000000e+00
9.708504940446512910e-01
9.498228433975005602e-01
1.000000000000000000e+00
1.343192954530109340e+01
-3.966284658373275818e-01
2.599999690055847523e-01
-1.340365111827850342e-01
2.482616554166241218e-01
3.294005840679546382e-01
1.000000000000000000e+00
1.000000000000000000e+00
1.000000000000000000e+00
9.530309646935296586e-01
1.000000000000000000e+00
1.000000000000000000e+00
1.000000000000000000e+00
1.000000000000000000e+00
9.736280283736421515e-01
1.000000000000000000e+00
1.000000000000000000e+00
1.000000000000000000e+00
1.000000000000000000e+00
1.000000000000000000e+00
9.747887659269937055e-01
9.813556139809744838e-01
1.000000000000000000e+00
1.000000000000000000e+00
9.884325648224180361e-01
1.000000000000000000e+00
9.774560859543311997e-01
9.508868304785603742e-01
1.339963926056080190e+01
-3.775740103831894956e-01
2.599999690055847523e-01
-1.504183113574981689e-01
2.875244117655518794e-01
2.564090366868176374e-01
9.812057099406434890e-01
1.000000000000000000e+00
9.633398239749727532e-01
1.000000000000000000e+00
1.000000000000000000e+00
1.000000000000000000e+00
9.693434189818850300e-01
9.680750947673558704e-01
9.942141723886146476e-01
1.000000000000000000e+00
9.995113168638604106e-01
9.575966946828958770e-01
9.711222899975527900e-01
1.000000000000000000e+00
9.693894503231824666e-01
1.000000000000000000e+00
1.000000000000000000e+00
1.000000000000000000e+00
9.891318867983011076e-01
1.000000000000000000e+00
1.000000000000000000e+00
9.929059892951076494e-01
1.337528347810955687e+01
-3.638807117406863689e-01
2.599999690055847523e-01
-1.357606649398803711e-01
3.090095430817436650e-01
3.400338563075857579e-01
1.000000000000000000e+00
1.000000000000000000e+00
1.000000000000000000e+00
1.000000000000000000e+00
1.000000000000000000e+00
1.000000000000000000e+00
1.000000000000000000e+00
9.455715723383517624e-01
9.564635024494394511e-01
9.788636567182283921e-01
9.534006778816465077e-01
1.000000000000000000e+00
9.382839346101949918e-01
9.790769578068447831e-01
9.940648392446514992e-01
1.000000000000000000e+00
9.503198638519758656e-01
9.644194785143909154e-01
9.617390009572256426e-01
9.420280777506186976e-01
1.000000000000000000e+00
9.960295700234051974e-01
1.334280852853992627e+01
-3.499514796258469396e-01
2.599999690055847523e-01
-1.008630841970443726e-01
3.107262004830314006e-01
2.950223266088103924e-01
1.000000000000000000e+00
1.000000000000000000e+00
1.000000000000000000e+00
1.000000000000000000e+00
9.496570245951865274e-01
9.584206739209981674e-01
1.000000000000000000e+00
1.000000000000000000e+00
9.926471349291227098e-01
9.808999589356225401e-01
9.452953282644757094e-01
1.000000000000000000e+00
9.969835383271361540e-01
1.000000000000000000e+00
9.898175131140478644e-01
9.505244744086983610e-01
1.000000000000000000e+00
9.771489879201131767e-01
9.512008530777898985e-01
9.593407031386489425e-01
9.968205147829480861e-01
1.000000000000000000e+00
1.331822438748233850e+01
-3.395743718926422794e-01
2.599999690055847523e-01
-1.414672434329986572e-01
2.785980559109121346e-01
2.602040370626465537e-01
1.000000000000000000e+00
9.640058802451149100e-01
9.400348083646451469e-01
9.612542134423224249e-01
9.434654523307484109e-01
1.000000000000000000e+00
9.594859075710154839e-01
1.000000000000000000e+00
9.711304375194769190e-01
1.000000000000000000e+00
9.969938896287230401e-01
1.000000000000000000e+00
9.491165552041268549e-01
9.567873533805649755e-01
1.000000000000000000e+00
9.415966563557568447e-01
9.791709386642094559e-01
9.419362921302466551e-01
1.000000000000000000e+00
1.000000000000000000e+00
9.520753182977795825e-01
9.471312606345217988e-01
1.328540341554989546e+01
-3.220884928574609951e-01
2.599999690055847523e-01
-1.201416403055191040e-01
2.310049099545803120e-01
2.709573398786463971e-01
9.399064490848429987e-01
9.665726240030158012e-01
9.602223425648962474e-01
9.752464061899976944e-01
1.000000000000000000e+00
1.000000000000000000e+00
9.842227077785773437e-01
1.000000000000000000e+00
9.594909875640490471e-01
9.738023808052463925e-01
9.401272652894983040e-01
1.000000000000000000e+00
9.483027260852833207e-01
9.800803112116601712e-01
1.000000000000000000e+00
9.707102630642451269e-01
1.000000000000000000e+00
9.748320896591641249e-01
1.000000000000000000e+00
9.945790041730797615e-01
9.554815861292716983e-01
1.000000000000000000e+00
1.326069664004246818e+01
-3.128967501539716700e-01
2.599999380111694403e-01
-9.315758198499679565e-02
2.653025806485550531e-01
3.071274807087881475e-01
1.000000000000000000e+00
9.870026556752751201e-01
9.642564270330026277e-01
1.000000000000000000e+00
9.680812492091053212e-01
9.426141642933670850e-01
1.000000000000000000e+00
9.843305839158666970e-01
1.000000000000000000e+00
9.940763126974350161e-01
1.000000000000000000e+00
9.672787111081672107e-01
9.918285704878802012e-01
1.000000000000000000e+00
1.000000000000000000e+00
9.591097787470184155e-01
1.000000000000000000e+00
1.000000000000000000e+00
9.853897126985141641e-01
1.000000000000000000e+00
1.000000000000000000e+00
9.679250028284359653e-01
1.323588695837531048e+01
-3.086675579431288341e-01
2.599999690055847523e-01
-2.952152304351329803e-02
3.117863703683853571e-01
3.073368055780004160e-01
1.000000000000000000e+00
9.534415328031597969e-01
1.000000000000000000e+00
1.000000000000000000e+00
9.912568230299843020e-01
1.000000000000000000e+00
9.545243292416533132e-01
9.703489297402371205e-01
9.712495249717082446e-01
1.000000000000000000e+00
1.000000000000000000e+00
1.000000000000000000e+00
1.000000000000000000e+00
1.000000000000000000e+00
9.993581725999727272e-01
9.399990693670592368e-01
9.406943160492537981e-01
1.000000000000000000e+00
9.625465974280459358e-01
1.000000000000000000e+00
1.000000000000000000e+00
9.992480286621336916e-01
1.321106789173135354e+01
-3.044229727929881335e-01
2.599999380111694403e-01
-5.232905223965644836e-02
3.032283905548633363e-01
3.168259115370888890e-01
9.578128384546904517e-01
1.000000000000000000e+00
9.794594577147573977e-01
9.789837328945293349e-01
9.533170178037160269e-01
1.000000000000000000e+00
9.958434773548699992e-01
9.419868314980401891e-01
9.636917208795380274e-01
9.472039781516101709e-01
9.912011709664519943e-01
9.515985748151419843e-01
9.589845081533477922e-01
1.000000000000000000e+00
9.816099294256527275e-01
9.936907605592792958e-01
9.665427239061513687e-01
9.752494203357261471e-01
1.000000000000000000e+00
9.757766888654341164e-01
1.000000000000000000e+00
9.721264649930059232e-01
1.317779472174078670e+01
-2.978485690147043563e-01
2.599999690055847523e-01
-5.138958618044853210e-02
2.899914775550617718e-01
3.314373379190383995e-01
1.000000000000000000e+00
1.000000000000000000e+00
1.000000000000000000e+00
1.000000000000000000e+00
9.415897726744372198e-01
9.788393041542187145e-01
9.719362517400201851e-01
9.982001629710953727e-01
1.000000000000000000e+00
1.000000000000000000e+00
9.973075841429118737e-01
9.840494153625742868e-01
1.000000000000000000e+00
1.000000000000000000e+00
1.000000000000000000e+00
1.000000000000000000e+00
1.000000000000000000e+00
1.000000000000000000e+00
1.000000000000000000e+00
9.780760729251856134e-01
9.553048379847501881e-01
1.000000000000000000e+00
1.315294320009549445e+01
-2.948692969772541694e-01
2.599999690055847523e-01
-3.318783268332481384e-02
2.689398240226212322e-01
3.578460890776282155e-01
9.702311843304031180e-01
9.509131418547116521e-01
9.957138378114436250e-01
1.000000000000000000e+00
9.971868001290019601e-01
1.000000000000000000e+00
1.000000000000000000e+00
9.833170375919378925e-01
1.000000000000000000e+00
9.899372418166511034e-01
1.000000000000000000e+00
9.510842038790097153e-01
9.689200763319887333e-01
9.460709607157726797e-01
9.383586786454181095e-01
1.000000000000000000e+00
9.948977236075579045e-01
9.756903493563824359e-01
9.852928311387556537e-01
9.421236013399506559e-01
9.557987396345140052e-01
1.000000000000000000e+00
1.311973759345046275e+01
-2.896287209671144502e-01
2.599999380111694403e-01
-6.063061952590942383e-02
2.596142476541392630e-01
1.000000000000000000e+00
9.854699966667712641e-01
1.000000000000000000e+00
9.565077719320195238e-01
1.000000000000000000e+00
1.000000000000000000e+00
9.392665991886717247e-01
9.882586086569796757e-01
1.000000000000000000e+00
9.479057781080248990e-01
1.000000000000000000e+00
1.000000000000000000e+00
9.885788813689710963e-01
1.000000000000000000e+00
9.797446468910957496e-01
9.472548192592087357e-01
9.889710348508196081e-01
9.790557982254315394e-01
9.413623682971118400e-01
1.000000000000000000e+00
9.563329471685880767e-01
9.873535978265209900e-01
1.000000000000000000e+00
1.308657607546813395e+01
-2.816549515723938413e-01
2.599999380111694403e-01
-5.814085528254508972e-02
3.024616384482023967e-01
9.883907683519211895e-01
1.000000000000000000e+00
1.000000000000000000e+00
1.000000000000000000e+00
1.000000000000000000e+00
1.000000000000000000e+00
1.000000000000000000e+00
9.446563663964088198e-01
1.000000000000000000e+00
9.387780193244820159e-01
9.711851988156662285e-01
1.000000000000000000e+00
9.653356371416634829e-01
1.000000000000000000e+00
9.434158177044883464e-01
9.696130884620778323e-01
1.000000000000000000e+00
1.000000000000000000e+00
1.000000000000000000e+00
1.000000000000000000e+00
1.000000000000000000e+00
9.923871148027159084e-01
1.000000000000000000e+00
1.306167100570557693e+01
-2.657599337600120570e-01
2.600000000000000089e-01
-2.601092159748077393e-01
2.929132519267115820e-01
1.000000000000000000e+00
1.000000000000000000e+00
1.000000000000000000e+00
1.000000000000000000e+00
9.703451907884307337e-01
9.983671730915134601e-01
1.000000000000000000e+00
9.459403377539628011e-01
9.491746996995172880e-01
9.945799264558312647e-01
1.000000000000000000e+00
1.000000000000000000e+00
9.425169435026773401e-01
1.000000000000000000e+00
9.829114376495828864e-01
9.687706417071642040e-01
1.000000000000000000e+00
9.857651412494694565e-01
9.389426273247920562e-01
1.000000000000000000e+00
9.652786611428249008e-01
1.000000000000000000e+00
9.603777872430799833e-01
1.302759562685407069e+01
-2.372432375038089347e-01
2.600000000000000089e-01
-1.488080620765686035e-01
3.017537127628648896e-01
9.390889733544952600e-01
1.000000000000000000e+00
9.829572995164495008e-01
1.000000000000000000e+00
9.568886000931435820e-01
1.000000000000000000e+00
9.664793354436393980e-01
1.000000000000000000e+00
1.000000000000000000e+00
9.731373775432029527e-01
1.000000000000000000e+00
1.000000000000000000e+00
9.902747620054502820e-01
1.000000000000000000e+00
9.762994498026934531e-01
9.992541982188301031e-01
1.000000000000000000e+00
9.933455540790705474e-01
1.000000000000000000e+00
9.667052038754222476e-01
1.000000000000000000e+00
1.000000000000000000e+00
1.000000000000000000e+00
1.299373301379972290e+01
-2.152536772056965475e-01
2.600000000000000089e-01
-1.727874726057052612e-01
2.759307543172502819e-01
9.962084397411364867e-01
9.476543559790917559e-01
1.000000000000000000e+00
9.782916842872184660e-01
1.000000000000000000e+00
9.912115449962934921e-01
9.967693486757299715e-01
1.000000000000000000e+00
1.000000000000000000e+00
1.000000000000000000e+00
9.829196457455802172e-01
1.000000000000000000e+00
9.795242974883799913e-01
9.719450700459075776e-01
9.900287237575521315e-01
9.493814269115876670e-01
1.000000000000000000e+00
9.385089962343099446e-01
1.000000000000000000e+00
1.000000000000000000e+00
1.000000000000000000e+00
1.000000000000000000e+00
1.000000000000000000e+00
1.296826340389128873e+01
-2.038219516380932461e-01
2.600000000000000089e-01
-7.278595864772796631e-02
3.906493581529931203e-01
9.559107263128648890e-01
9.457644285911114279e-01
9.429080935730478341e-01
1.000000000000000000e+00
1.000000000000000000e+00
1.000000000000000000e+00
1.000000000000000000e+00
9.697265913452109976e-01
1.000000000000000000e+00
1.000000000000000000e+00
9.564303852486111257e-01
9.908235785764845094e-01
1.000000000000000000e+00
9.817305588692233353e-01
9.551913587937695960e-01
9.446855481486641226e-01
1.000000000000000000e+00
1.000000000000000000e+00
1.000000000000000000e+00
1.000000000000000000e+00
9.681497505546718951e-01
9.461544769806116140e-01
9.865423998625694191e-01
1.294266881826176530e+01
-1.937227676996626791e-01
2.600000000000000089e-01
-1.609279215335845947e-01
3.619528347260793644e-01
1.000000000000000000e+00
9.534324063593430099e-01
1.000000000000000000e+00
1.000000000000000000e+00
1.000000000000000000e+00
1.000000000000000000e+00
1.000000000000000000e+00
9.575254779940697292e-01
1.000000000000000000e+00
1.000000000000000000e+00
9.801007288283065666e-01
9.762462364556484529e-01
1.000000000000000000e+00
9.933460482861369290e-01
9.754413070514270645e-01
9.764278180379492023e-01
1.000000000000000000e+00
1.000000000000000000e+00
1.000000000000000000e+00
1.000000000000000000e+00
1.000000000000000000e+00
9.947815133008210964e-01
9.641656243880279975e-01
1.290839226742117063e+01
-1.746825538964991154e-01
2.600000000000000089e-01
-1.324495375156402588e-01
3.834391413343971600e-01
9.680324278887988410e-01
1.000000000000000000e+00
1.000000000000000000e+00
9.817134806335774400e-01
9.433294921453423409e-01
1.000000000000000000e+00
1.000000000000000000e+00
1.000000000000000000e+00
1.000000000000000000e+00
9.704072899222102588e-01
1.000000000000000000e+00
9.725428122125119312e-01
1.000000000000000000e+00
9.460761607722695254e-01
1.000000000000000000e+00
9.530574803926982197e-01
1.000000000000000000e+00
9.680146083344794983e-01
1.000000000000000000e+00
1.000000000000000000e+00
9.498618887259269172e-01
9.612257548481386582e-01
1.000000000000000000e+00
1.287422465347896505e+01
-1.627382470911595824e-01
2.600000000000000089e-01
-6.346306949853897095e-02
3.871355303862996644e-01
1.000000000000000000e+00
1.000000000000000000e+00
1.000000000000000000e+00
9.889757232438748380e-01
1.000000000000000000e+00
1.000000000000000000e+00
9.394201392130792083e-01
9.989963015602247864e-01
1.000000000000000000e+00
9.851165517387628912e-01
1.000000000000000000e+00
9.529479450234591420e-01
1.000000000000000000e+00
1.000000000000000000e+00
9.740460693609181986e-01
9.994055212220936957e-01
1.000000000000000000e+00
9.856159513535805994e-01
1.000000000000000000e+00
1.000000000000000000e+00
9.685500670899287456e-01
1.000000000000000000e+00
9.385058812381386062e-01
1.284840809721161392e+01
-1.485914084130448565e-01
2.600000000000000089e-01
-1.390423327684402466e-01
3.490841383403879283e-01
9.906220664262596065e-01
9.800623083813518877e-01
9.651536182589136592e-01
1.000000000000000000e+00
9.924853503476827044e-01
1.000000000000000000e+00
1.000000000000000000e+00
1.000000000000000000e+00
9.957980183584261846e-01
1.000000000000000000e+00
1.000000000000000000e+00
1.000000000000000000e+00
9.727685761249317276e-01
1.000000000000000000e+00
9.578917794518898576e-01
9.956642207205520512e-01
9.995078227865528131e-01
1.000000000000000000e+00
9.418911069762082588e-01
9.497624683447873917e-01
1.000000000000000000e+00
1.000000000000000000e+00
1.000000000000000000e+00
1.281402929560898407e+01
-1.416336752234625962e-01
2.600000000000000089e-01
-2.044966258108615875e-02
3.498097717616048263e-01
9.642280676494886515e-01
1.000000000000000000e+00
1.000000000000000000e+00
1.000000000000000000e+00
1.000000000000000000e+00
9.904548332708789093e-01
1.000000000000000000e+00
1.000000000000000000e+00
1.000000000000000000e+00
1.000000000000000000e+00
9.766349396545491723e-01
9.958984469722720334e-01
9.549659317020710025e-01
9.623149091024725266e-01
1.000000000000000000e+00
1.000000000000000000e+00
1.000000000000000000e+00
1.000000000000000000e+00
9.959471346572578154e-01
1.000000000000000000e+00
1.000000000000000000e+00
9.844682316471617956e-01
1.000000000000000000e+00
1.278832466280202595e+01
-1.439780227565741200e-01
2.600000000000000089e-01
4.093274474143981934e-02
3.255302001506525933e-01
1.000000000000000000e+00
9.602257737873118870e-01
9.918322221693209872e-01
1.000000000000000000e+00
1.000000000000000000e+00
9.973326039879569782e-01
1.000000000000000000e+00
9.773458827119047010e-01
9.848400365725910044e-01
9.994483014988270186e-01
1.000000000000000000e+00
1.000000000000000000e+00
1.000000000000000000e+00
9.610741764345654969e-01
1.000000000000000000e+00
1.000000000000000000e+00
1.000000000000000000e+00
1.000000000000000000e+00
9.389638509701259128e-01
1.000000000000000000e+00
1.000000000000000000e+00
9.858181160669687859e-01
9.995982844729633943e-01
1.276263858514500527e+01
-1.406145559958176250e-01
2.600000000000000089e-01
-6.835103034973144531e-02
3.720961233338385687e-01
1.000000000000000000e+00
9.814312150845209137e-01
1.000000000000000000e+00
9.922164922975797996e-01
1.000000000000000000e+00
1.000000000000000000e+00
1.000000000000000000e+00
9.847345716344000355e-01
9.375153927696614486e-01
1.000000000000000000e+00
1.000000000000000000e+00
9.939451271776772456e-01
9.774152110093796697e-01
1.000000000000000000e+00
1.000000000000000000e+00
9.638016187363038778e-01
9.634746131803180180e-01
9.911035435729969034e-01
9.715680640781109156e-01
9.805626734385787246e-01
9.414225138019393091e-01
9.878413520192121933e-01
9.987134649002322728e-01
1.273683967686361207e+01
-1.375817223425461755e-01
2.600000000000000089e-01
1.301118582487106323e-01
1.000000000000000000e+00
9.914488994031929181e-01
9.421762249079291829e-01
9.986976214868882318e-01
1.000000000000000000e+00
1.000000000000000000e+00
9.496342084134479222e-01
9.699749682919289739e-01
1.000000000000000000e+00
9.494285278593433963e-01
1.000000000000000000e+00
9.871406682995617077e-01
1.000000000000000000e+00
9.858635278941888513e-01
1.000000000000000000e+00
9.805899850943322615e-01
9.734879685475709143e-01
9.771763663452673887e-01
1.000000000000000000e+00
9.736872903611615282e-01
1.000000000000000000e+00
1.000000000000000000e+00
1.000000000000000000e+00
1.000000000000000000e+00
1.270295845948047742e+01
-1.450322971264212946e-01
2.600000000000000089e-01
-1.346386522054672241e-01
9.832192938523373060e-01
1.000000000000000000e+00
1.000000000000000000e+00
1.000000000000000000e+00
1.000000000000000000e+00
1.000000000000000000e+00
9.695755738405608115e-01
9.694616316809578915e-01
1.000000000000000000e+00
1.000000000000000000e+00
9.548930800031694144e-01
9.942909052881556686e-01
9.809399233499863646e-01
9.476730938117979841e-01
1.000000000000000000e+00
9.660404343499144897e-01
9.627874447056807838e-01
1.000000000000000000e+00
9.491060861940757709e-01
1.000000000000000000e+00
9.510019071346240693e-01
1.000000000000000000e+00
9.471223673214971273e-01
1.000000000000000000e+00
1.267737581106831968e+01
-1.310854533313081660e-01
2.600000000000000089e-01
-2.385291308164596558e-01
5.026329332564803964e-01
1.000000000000000000e+00
9.789166146046007766e-01
1.000000000000000000e+00
9.773754462657933129e-01
9.518302622308747463e-01
9.902032077307808544e-01
9.551344809440561745e-01
9.548422342055342682e-01
9.447848711693419554e-01
1.000000000000000000e+00
9.783342016543912223e-01
9.665366827153125673e-01
9.562083847503141110e-01
1.000000000000000000e+00
9.953014932614381305e-01
1.000000000000000000e+00
1.000000000000000000e+00
1.000000000000000000e+00
9.645423543365005958e-01
1.000000000000000000e+00
9.536038631834057311e-01
1.000000000000000000e+00
9.564067524823877120e-01
1.264255682512002998e+01
-9.781052903769493767e-02
2.600000000000000089e-01
-2.561654746532440186e-01
3.941588639311417452e-01
1.000000000000000000e+00
1.000000000000000000e+00
1.000000000000000000e+00
1.000000000000000000e+00
1.000000000000000000e+00
9.393536583071658841e-01
9.988109925587406179e-01
9.543775045322046013e-01
9.799508431004688713e-01
9.786686837130635919e-01
1.000000000000000000e+00
1.000000000000000000e+00
1.000000000000000000e+00
9.620522951251329058e-01
1.000000000000000000e+00
1.000000000000000000e+00
9.725844943868148240e-01
9.587407652055326412e-01
9.799286184696063273e-01
1.000000000000000000e+00
1.000000000000000000e+00
1.000000000000000000e+00
1.000000000000000000e+00
1.260727628507257236e+01
-7.495286425949698739e-02
2.600000000000000089e-01
6.832572817802429199e-02
1.000000000000000000e+00
9.413901752606779194e-01
1.000000000000000000e+00
9.822184923368473264e-01
1.000000000000000000e+00
9.704054468518822363e-01
9.982254843216887830e-01
9.977700851334470045e-01
1.000000000000000000e+00
1.000000000000000000e+00
1.000000000000000000e+00
9.705991481090894268e-01
1.000000000000000000e+00
1.000000000000000000e+00
9.977950631999974451e-01
9.628848322116667635e-01
9.385676163493160695e-01
1.000000000000000000e+00
9.495444322569134288e-01
9.653182045487961327e-01
9.663911115244481209e-01
9.401860561847227293e-01
1.000000000000000000e+00
9.373656757287223140e-01
1.258098904523751571e+01
-9.130290181875633237e-02
2.600000000000000089e-01
3.313063085079193115e-01
9.482434050562874583e-01
1.000000000000000000e+00
1.000000000000000000e+00
1.000000000000000000e+00
9.471385222040354934e-01
9.491780310993221947e-01
9.982343049630938436e-01
1.000000000000000000e+00
9.866750017954494245e-01
1.000000000000000000e+00
1.000000000000000000e+00
9.992628216482216663e-01
9.677460847506180741e-01
9.944021601825204781e-01
1.000000000000000000e+00
1.000000000000000000e+00
9.407518443829154808e-01
9.589937495277377488e-01
1.000000000000000000e+00
9.811897169806801378e-01
1.000000000000000000e+00
9.448323541834090511e-01
9.666633512869376998e-01
9.871038889771037717e-01
1.254690539424782969e+01
-1.164264972020849775e-01
2.600000000000000089e-01
-4.925178289413452148e-01
1.000000000000000000e+00
9.880314755631803836e-01
9.984460621958500814e-01
1.000000000000000000e+00
1.000000000000000000e+00
9.793163937988644818e-01
1.000000000000000000e+00
9.919636685649867447e-01
9.425009551288676679e-01
1.000000000000000000e+00
9.661462201082775536e-01
1.000000000000000000e+00
9.593676288654265916e-01
9.769042651788903964e-01
9.373130100934160547e-01
1.000000000000000000e+00
1.000000000000000000e+00
1.000000000000000000e+00
9.440301970191949943e-01
9.751914277437030432e-01
9.427906177512151986e-01
9.545720529323010739e-01
1.000000000000000000e+00
9.749352181292046948e-01
1.252081374512412992e+01
-9.065960537666395425e-02
2.600000000000000089e-01
-1.745201498270034790e-01
9.593464562715195987e-01
1.000000000000000000e+00
9.974325159078292202e-01
9.974311181962433048e-01
1.000000000000000000e+00
9.407528364973131163e-01
9.820523316824579796e-01
9.894071334506696624e-01
9.447046796850561146e-01
1.000000000000000000e+00
9.998538118406408159e-01
9.607273167303976846e-01
1.000000000000000000e+00
9.417005024829653292e-01
9.765575583843021379e-01
9.379825472113924034e-01
1.000000000000000000e+00
9.978823074201031984e-01
9.722508870410389026e-01
1.000000000000000000e+00
9.547529929744736910e-01
9.653502033798346815e-01
9.393076379432908629e-01
9.772831576701729306e-01
1.248591412197255401e+01
-6.732899744510278950e-02
2.600000000000000089e-01
-1.911877840757369995e-01
9.716424892822889126e-01
1.000000000000000000e+00
9.842092693353097221e-01
9.489860732084780537e-01
9.384275772292399731e-01
1.000000000000000000e+00
9.580983340263340420e-01
1.000000000000000000e+00
1.000000000000000000e+00
9.468687432181314145e-01
9.709829659681027403e-01
9.906727224678346655e-01
9.665346506175410690e-01
9.978331664918403954e-01
9.930485064194212175e-01
1.000000000000000000e+00
1.000000000000000000e+00
1.000000000000000000e+00
9.679394545447295162e-01
9.672958021293106556e-01
9.647868272177214655e-01
9.942835770457045808e-01
1.000000000000000000e+00
1.000000000000000000e+00
1.245143046597633152e+01
-4.751846360106304346e-02
2.600000000000000089e-01
-1.248980909585952759e-01
9.382430412198408121e-01
1.000000000000000000e+00
1.000000000000000000e+00
9.844758530283892473e-01
9.622384187394891208e-01
1.000000000000000000e+00
9.456629176131233772e-01
1.000000000000000000e+00
9.659235835229409428e-01
1.000000000000000000e+00
9.919708710328956069e-01
9.681875720220661785e-01
1.000000000000000000e+00
9.945337328828115497e-01
1.000000000000000000e+00
1.000000000000000000e+00
9.982396696024945504e-01
1.000000000000000000e+00
1.000000000000000000e+00
9.632808863408504063e-01
9.859201581912271362e-01
1.000000000000000000e+00
1.000000000000000000e+00
1.000000000000000000e+00
1.242542255046197219e+01
-4.274548558814750265e-02
2.600000000000000089e-01
3.192751109600067139e-02
1.000000000000000000e+00
1.000000000000000000e+00
1.000000000000000000e+00
9.783056635464407735e-01
9.719026179576654156e-01
1.000000000000000000e+00
1.000000000000000000e+00
9.828571628248458092e-01
1.000000000000000000e+00
1.000000000000000000e+00
1.000000000000000000e+00
1.000000000000000000e+00
1.000000000000000000e+00
9.695740901558524971e-01
1.000000000000000000e+00
1.000000000000000000e+00
9.587145442852287314e-01
9.778867197650678023e-01
9.897735229518540567e-01
1.000000000000000000e+00
9.416914489727552517e-01
1.000000000000000000e+00
1.000000000000000000e+00
1.000000000000000000e+00
1.239091441101779090e+01
-5.277548502872964065e-02
2.600000000000000089e-01
1.022840216755867004e-01
9.399168431825638548e-01
1.000000000000000000e+00
1.000000000000000000e+00
1.000000000000000000e+00
9.811697507034724541e-01
1.000000000000000000e+00
1.000000000000000000e+00
9.547121795374993170e-01
9.963761883661348406e-01
1.000000000000000000e+00
9.390952635088177791e-01
1.000000000000000000e+00
1.000000000000000000e+00
1.000000000000000000e+00
9.721870068137734577e-01
1.000000000000000000e+00
1.000000000000000000e+00
1.000000000000000000e+00
1.000000000000000000e+00
9.688334833714931094e-01
1.000000000000000000e+00
1.000000000000000000e+00
9.644946766001302185e-01
9.749831966016518914e-01
1.236464316660719298e+01
-5.134403992187852594e-02
2.600000000000000089e-01
-2.922470271587371826e-01
1.000000000000000000e+00
9.721997294503157416e-01
9.840967955565330660e-01
1.000000000000000000e+00
1.000000000000000000e+00
1.000000000000000000e+00
9.931163562934515188e-01
1.000000000000000000e+00
9.835200847734540952e-01
9.929188224596716683e-01
1.000000000000000000e+00
1.000000000000000000e+00
1.000000000000000000e+00
9.933643318627841667e-01
9.574688944168266991e-01
1.000000000000000000e+00
1.000000000000000000e+00
1.000000000000000000e+00
9.806552980283077536e-01
9.531756139424627516e-01
1.000000000000000000e+00
1.000000000000000000e+00
1.000000000000000000e+00
9.844101850052325853e-01
1.232935791782258406e+01
-2.606676237745553237e-02
2.600000000000000089e-01
-6.256904453039169312e-02
9.457047581936518510e-01
1.000000000000000000e+00
9.525985548249275014e-01
9.440812059519030353e-01
1.000000000000000000e+00
1.000000000000000000e+00
1.000000000000000000e+00
9.482657569784749274e-01
9.413186266588876583e-01
9.530711844137663702e-01
9.918627968738977785e-01
1.000000000000000000e+00
1.000000000000000000e+00
9.574167307165349916e-01
9.577922751676014590e-01
1.000000000000000000e+00
9.646983398324033843e-01
9.950674184976406877e-01
1.000000000000000000e+00
9.887434787490674282e-01
9.396875557824232450e-01
1.000000000000000000e+00
9.379408707080394425e-01
1.000000000000000000e+00
1.229469869342979926e+01
-2.138255208329109536e-02
2.600000000000000089e-01
1.448043505661189556e-03
1.000000000000000000e+00
1.000000000000000000e+00
1.000000000000000000e+00
1.000000000000000000e+00
1.000000000000000000e+00
9.815069056631628985e-01
1.000000000000000000e+00
9.809360712313690556e-01
9.702449454445051247e-01
9.547677967652860032e-01
9.901278767022659855e-01
1.000000000000000000e+00
1.000000000000000000e+00
9.639539594911986642e-01
9.407361452505623722e-01
9.810521880286653396e-01
1.000000000000000000e+00
1.000000000000000000e+00
1.000000000000000000e+00
1.000000000000000000e+00
9.721859105188330741e-01
1.000000000000000000e+00
9.599414023046710653e-01
1.000000000000000000e+00
1.226879052146509075e+01
-3.120666118210868589e-02
2.600000000000000089e-01
1.848810613155364990e-01
9.409253527656559202e-01
1.000000000000000000e+00
9.449330216326299325e-01
9.799291163994175990e-01
9.789120888935772813e-01
1.000000000000000000e+00
1.000000000000000000e+00
9.450158798942508431e-01
1.000000000000000000e+00
9.553855782243116934e-01
9.678803602980454723e-01
1.000000000000000000e+00
1.000000000000000000e+00
1.000000000000000000e+00
9.534724114672974427e-01
1.000000000000000000e+00
9.638895784864635052e-01
1.000000000000000000e+00
9.684501929614794946e-01
1.000000000000000000e+00
1.000000000000000000e+00
9.617904372008730940e-01
1.000000000000000000e+00
1.000000000000000000e+00
1.223410300234493775e+01
-3.920487206686784631e-02
2.600000000000000089e-01
-2.206715047359466553e-01
1.000000000000000000e+00
1.000000000000000000e+00
9.844105846614813471e-01
9.577246804662336022e-01
1.000000000000000000e+00
1.000000000000000000e+00
9.588363666877518510e-01
9.935160972461065665e-01
1.000000000000000000e+00
9.303860630450394575e-01
1.000000000000000000e+00
9.629625764373538344e-01
9.654092069319893943e-01
1.000000000000000000e+00
9.938407679636999115e-01
9.576885359252672592e-01
9.471971040696945954e-01
1.000000000000000000e+00
9.830342404592370409e-01
9.845415070268149771e-01
9.374275215382257276e-01
9.649067870936127722e-01
9.800159204760942044e-01
9.639983716080244847e-01
1.219863746982977659e+01
-1.862844123725082568e-02
2.600000000000000089e-01
2.041309140622615814e-02
1.000000000000000000e+00
1.000000000000000000e+00
9.780645636602605109e-01
9.617133354238754928e-01
1.000000000000000000e+00
1.000000000000000000e+00
1.000000000000000000e+00
1.000000000000000000e+00
9.606937717494202778e-01
9.745478392222015618e-01
1.000000000000000000e+00
1.000000000000000000e+00
9.714540204707750037e-01
9.991393287408177892e-01
1.000000000000000000e+00
9.869621062456319649e-01
1.000000000000000000e+00
9.663147594861726253e-01
9.502630111394523293e-01
9.975042528452943147e-01
9.901931043663897425e-01
1.000000000000000000e+00
9.788569196903228464e-01
1.000000000000000000e+00
1.217259412418087727e+01
-2.307473754674660427e-02
2.600000000000000089e-01
5.825494602322578430e-02
1.000000000000000000e+00
9.389799863352407128e-01
9.920635880198295231e-01
9.939011612726226241e-01
9.840814960102006737e-01
9.953104591816778202e-01
1.000000000000000000e+00
1.000000000000000000e+00
1.000000000000000000e+00
1.000000000000000000e+00
9.710680318918080145e-01
9.680775707082568404e-01
1.000000000000000000e+00
1.000000000000000000e+00
9.852495319476697322e-01
1.000000000000000000e+00
1.000000000000000000e+00
9.793954838048323230e-01
1.000000000000000000e+00
1.000000000000000000e+00
9.744341872324515652e-01
1.000000000000000000e+00
9.867946998937270342e-01
9.889833308259919908e-01
1.213824823582803880e+01
-3.287766423990223785e-02
2.600000000000000089e-01
1.047997847199440002e-01
9.889660196522511715e-01
1.000000000000000000e+00
9.869582822389305621e-01
9.497305239758307982e-01
1.000000000000000000e+00
1.000000000000000000e+00
1.000000000000000000e+00
9.861280386190278691e-01
9.459823722078668506e-01
8.955462084241742060e-01
9.827843337059031237e-01
1.000000000000000000e+00
1.000000000000000000e+00
1.000000000000000000e+00
9.404413977217360721e-01
9.592331760330141677e-01
9.717802840323763736e-01
9.874381686000602842e-01
9.876749620798567220e-01
1.000000000000000000e+00
9.858138888736366345e-01
9.482360555610191977e-01
1.000000000000000000e+00
1.000000000000000000e+00
1.211233316573522245e+01
-4.094689435744136574e-02
2.600000000000000089e-01
4.603566974401473999e-02
9.607750608992019492e-01
9.888978860839733320e-01
1.000000000000000000e+00
1.000000000000000000e+00
1.000000000000000000e+00
9.755320855971197913e-01
9.504068303524958461e-01
9.759270929912550185e-01
1.000000000000000000e+00
9.012832254168546831e-01
9.580949113545603746e-01
9.569559741865093505e-01
1.000000000000000000e+00
9.648058100896487188e-01
1.000000000000000000e+00
9.831095323310901080e-01
1.000000000000000000e+00
9.436118569584438509e-01
9.478055293285850835e-01
1.000000000000000000e+00
1.000000000000000000e+00
1.000000000000000000e+00
1.000000000000000000e+00
1.000000000000000000e+00
1.207789324821067289e+01
-4.538376384342068803e-02
2.600000000000000089e-01
5.858697928488254547e-03
1.000000000000000000e+00
1.000000000000000000e+00
9.798065545004911447e-01
1.000000000000000000e+00
1.000000000000000000e+00
1.000000000000000000e+00
1.000000000000000000e+00
9.393639406052305407e-01
9.926845606696487190e-01
9.445680143380373872e-01
1.000000000000000000e+00
9.584019860632599919e-01
9.843136305209945203e-01
1.000000000000000000e+00
9.580356755940183655e-01
1.000000000000000000e+00
1.000000000000000000e+00
9.508899667902274144e-01
9.654827112481451090e-01
1.000000000000000000e+00
9.403980684702218928e-01
9.646352111468214918e-01
1.000000000000000000e+00
1.000000000000000000e+00
1.205193820412599948e+01
-4.721801342984921490e-02
2.600000000000000089e-01
1.684734225273132324e-02
1.000000000000000000e+00
9.707115479672037139e-01
9.658638218800783548e-01
1.000000000000000000e+00
9.399054402706513711e-01
1.000000000000000000e+00
1.000000000000000000e+00
9.594711531229532797e-01
9.824305256896854743e-01
8.942657038646691925e-01
9.674953215014306940e-01
1.000000000000000000e+00
9.726222922932822312e-01
9.831834077435585018e-01
1.000000000000000000e+00
9.464902763566783728e-01
9.823125920384010445e-01
9.425918673156045147e-01
1.000000000000000000e+00
1.000000000000000000e+00
9.534322172783193938e-01
9.814458896201333493e-01
9.846026070249196405e-01
1.000000000000000000e+00
1.201713158119241420e+01
-4.062667977553280352e-02
2.600000000000000089e-01
-1.187755540013313293e-01
1.000000000000000000e+00
1.000000000000000000e+00
9.864349648108180491e-01
1.000000000000000000e+00
1.000000000000000000e+00
1.000000000000000000e+00
9.704555036691201453e-01
1.000000000000000000e+00
9.498502561468376015e-01
9.928486097173089275e-01
1.000000000000000000e+00
1.000000000000000000e+00
9.380820758341509302e-01
9.966696601748809003e-01
1.000000000000000000e+00
1.000000000000000000e+00
1.000000000000000000e+00
1.000000000000000000e+00
9.630603757434580414e-01
9.417235785738661269e-01
9.466520295043506783e-01
1.000000000000000000e+00
9.396700877112088568e-01
1.000000000000000000e+00
1.199093220781821678e+01
-3.527266084887514808e-02
2.600000000000000089e-01
7.806206587702035904e-03
1.000000000000000000e+00
9.433243669989109792e-01
9.615977561287784026e-01
9.696490758414570976e-01
9.942051084230495439e-01
9.562108341143680246e-01
1.000000000000000000e+00
1.000000000000000000e+00
8.887127296477327354e-01
9.302402049837753539e-01
9.953431288772355279e-01
1.000000000000000000e+00
9.626103832163029894e-01
1.000000000000000000e+00
9.495263226677401747e-01
9.534218184709493116e-01
9.697059946412539544e-01
1.000000000000000000e+00
1.000000000000000000e+00
1.000000000000000000e+00
1.000000000000000000e+00
1.000000000000000000e+00
1.000000000000000000e+00
9.591207243852649666e-01
1.195638941581631798e+01
-3.427651505639550678e-02
2.600000000000000089e-01
-3.798837214708328247e-02
9.978231299896108686e-01
1.000000000000000000e+00
1.000000000000000000e+00
9.541511553734913775e-01
1.000000000000000000e+00
1.000000000000000000e+00
9.780129512384706514e-01
1.000000000000000000e+00
8.757961346768229349e-01
9.586304633090162453e-01
9.566796703344774278e-01
1.000000000000000000e+00
9.506241567548572302e-01
9.748317072207850487e-01
9.381446350701013737e-01
1.000000000000000000e+00
9.960020349798478501e-01
1.000000000000000000e+00
9.724414228700315466e-01
9.956925643910919943e-01
9.732352117902862698e-01
9.725231897150629079e-01
9.825608731445747424e-01
9.622886319905286090e-01
1.193081812399628916e+01
-3.624881604204555074e-02
2.600000000000000089e-01
8.681249618530273438e-02
1.000000000000000000e+00
1.000000000000000000e+00
1.000000000000000000e+00
1.000000000000000000e+00
9.404925130398786859e-01
1.000000000000000000e+00
9.585605697033486861e-01
1.000000000000000000e+00
9.029450321717188421e-01
9.373258761720828502e-01
1.000000000000000000e+00
9.744857863331924941e-01
9.689970876306917003e-01
9.854366948902631984e-01
1.000000000000000000e+00
1.000000000000000000e+00
1.000000000000000000e+00
1.000000000000000000e+00
9.809396950791883230e-01
9.771360404492371865e-01
1.000000000000000000e+00
1.000000000000000000e+00
9.897846184845168205e-01
1.000000000000000000e+00
1.190488783912010717e+01
-4.206278542087815708e-02
2.600000000000000089e-01
-4.659365862607955933e-02
9.514297584985635936e-01
1.000000000000000000e+00
9.519758862145841771e-01
1.000000000000000000e+00
1.000000000000000000e+00
9.542865609705339924e-01
9.448429722295299538e-01
9.904209287229510661e-01
9.016762518624427125e-01
8.745727826257396753e-01
1.000000000000000000e+00
9.475040788090751676e-01
1.000000000000000000e+00
1.000000000000000000e+00
9.831043711944135177e-01
9.953271469647347880e-01
1.000000000000000000e+00
9.420822592953916885e-01
1.000000000000000000e+00
1.000000000000000000e+00
9.473273529279022664e-01
9.625553648512229499e-01
9.800758619287840423e-01
9.897516067786759075e-01
1.187027062511655906e+01
-4.316156103545321088e-02
2.600000000000000089e-01
4.982485622167587280e-02
1.000000000000000000e+00
1.000000000000000000e+00
1.000000000000000000e+00
9.838850384613312405e-01
9.737709484786132297e-01
1.000000000000000000e+00
9.816150014642788246e-01
9.946931246882446676e-01
9.377466639445384278e-01
9.227577386772430890e-01
1.000000000000000000e+00
1.000000000000000000e+00
1.000000000000000000e+00
1.000000000000000000e+00
9.680101269300511735e-01
1.000000000000000000e+00
9.542859379044985602e-01
1.000000000000000000e+00
1.000000000000000000e+00
9.862265831274239503e-01
1.000000000000000000e+00
9.885288569662670222e-01
1.000000000000000000e+00
9.564762061359183276e-01
1.184473251419092854e+01
-5.954178266082754689e-02
2.600000000000000089e-01
2.892115414142608643e-01
9.761511814978859336e-01
1.000000000000000000e+00
9.517477035123534934e-01
9.849046095887239449e-01
9.465710907295973309e-01
9.555789413902304741e-01
1.000000000000000000e+00
9.930902090781252856e-01
8.937150123970284410e-01
8.772759765060097470e-01
1.000000000000000000e+00
1.000000000000000000e+00
9.590516415518864912e-01
1.000000000000000000e+00
1.000000000000000000e+00
9.444753192067477654e-01
9.515684865032417727e-01
1.000000000000000000e+00
9.401734537026918970e-01
9.516295301649208005e-01
1.000000000000000000e+00
1.000000000000000000e+00
9.690892240379623823e-01
9.772022461142083616e-01
1.181036127600788710e+01
-8.051518977901661600e-02
2.600000000000000089e-01
-3.025733828544616699e-01
1.000000000000000000e+00
1.000000000000000000e+00
1.000000000000000000e+00
1.000000000000000000e+00
1.000000000000000000e+00
9.973316191872807490e-01
9.589630683102349229e-01
1.000000000000000000e+00
8.834257943919551215e-01
8.564227446538122956e-01
1.000000000000000000e+00
9.427503636621950012e-01
1.000000000000000000e+00
1.000000000000000000e+00
9.755679200618538882e-01
1.000000000000000000e+00
1.000000000000000000e+00
9.711030407241215689e-01
1.000000000000000000e+00
1.000000000000000000e+00
1.000000000000000000e+00
9.501240947253689617e-01
1.000000000000000000e+00
9.768212965169803530e-01
1.177513267237221228e+01
-5.075604455152227246e-02
2.600000000000000089e-01
-8.773679286241531372e-02
9.646865605331890192e-01
1.000000000000000000e+00
9.732169306313578350e-01
9.905664898222040771e-01
1.000000000000000000e+00
1.000000000000000000e+00
9.467781977736923205e-01
1.000000000000000000e+00
8.979073379148239109e-01
8.465681358448639005e-01
9.404836062088736126e-01
9.965845222453035834e-01
1.000000000000000000e+00
9.773845289611028386e-01
9.407060400340109263e-01
1.000000000000000000e+00
9.742534240296049086e-01
9.795372012736061063e-01
1.000000000000000000e+00
9.500136777514492925e-01
9.839579266997077189e-01
1.000000000000000000e+00
9.434237722543796778e-01
1.000000000000000000e+00
1.174914864451005414e+01
-5.226828315909859413e-02
2.600000000000000089e-01
8.818722516298294067e-02
9.480326861766245061e-01
9.686272260711593640e-01
9.607326668883777732e-01
1.000000000000000000e+00
1.000000000000000000e+00
1.000000000000000000e+00
9.932574667413699432e-01
1.000000000000000000e+00
8.645702855002188603e-01
9.384404228837792683e-01
1.000000000000000000e+00
9.419547746867350524e-01
1.000000000000000000e+00
1.000000000000000000e+00
1.000000000000000000e+00
9.992266341698500254e-01
1.000000000000000000e+00
1.000000000000000000e+00
9.454328835047258739e-01
9.858998500811220200e-01
1.000000000000000000e+00
9.372273744145077634e-01
1.000000000000000000e+00
9.959978954941622886e-01
1.172356900121752865e+01
-6.704486414842936171e-02
2.600000000000000089e-01
2.139885872602462769e-01
1.000000000000000000e+00
1.000000000000000000e+00
9.902659244522290516e-01
9.668545358022748726e-01
9.965638672150430866e-01
9.621461137213669357e-01
1.000000000000000000e+00
9.510979812772838438e-01
7.831768904794378372e-01
9.074479871907296102e-01
9.613185790762688310e-01
9.446388929345745922e-01
9.406048690495755205e-01
9.597831364005252608e-01
1.000000000000000000e+00
1.000000000000000000e+00
1.000000000000000000e+00
1.000000000000000000e+00
9.760585815074210858e-01
1.000000000000000000e+00
9.965729366419161517e-01
9.585474061525317557e-01
9.832173256776998160e-01
1.000000000000000000e+00
1.168927551942021381e+01
-8.066377145051495390e-02
2.600000000000000089e-01
-8.158958703279495239e-02
9.994245963802601551e-01
9.777475331354449350e-01
1.000000000000000000e+00
9.883112233967629168e-01
1.000000000000000000e+00
1.000000000000000000e+00
9.518841748890859433e-01
9.314444300891396855e-01
8.143245375247224471e-01
8.692697479344518863e-01
9.693803714826308982e-01
9.664377048081150834e-01
9.668173498261630749e-01
1.000000000000000000e+00
1.000000000000000000e+00
9.700730250605120730e-01
1.000000000000000000e+00
9.977160526958748221e-01
1.000000000000000000e+00
1.000000000000000000e+00
1.000000000000000000e+00
1.000000000000000000e+00
9.730119352558583845e-01
9.469644647814906557e-01
1.166315726861704860e+01
-7.800745424891708524e-02
2.600000000000000089e-01
-5.978879984468221664e-03
1.000000000000000000e+00
1.000000000000000000e+00
1.000000000000000000e+00
1.000000000000000000e+00
1.000000000000000000e+00
9.842607823539328837e-01
9.916994240576216812e-01
8.652305013322986182e-01
7.731341947903900280e-01
8.896669269587638151e-01
1.000000000000000000e+00
1.000000000000000000e+00
9.855293497650470247e-01
9.436965857008950964e-01
1.000000000000000000e+00
1.000000000000000000e+00
9.922013845478732108e-01
9.433183963137763417e-01
1.000000000000000000e+00
1.000000000000000000e+00
1.000000000000000000e+00
9.888860861414103809e-01
1.000000000000000000e+00
9.901036208164011310e-01
1.162890239608005949e+01
-8.373547215158794188e-02
2.600000000000000089e-01
1.231729239225387573e-01
9.981860014391488178e-01
9.820232385571729949e-01
9.478238845305363425e-01
1.000000000000000000e+00
1.000000000000000000e+00
1.000000000000000000e+00
9.766594276983271428e-01
8.987512613465959976e-01
8.579152329584026626e-01
9.898758308741472112e-01
9.770443666993589016e-01
1.000000000000000000e+00
1.000000000000000000e+00
1.000000000000000000e+00
1.000000000000000000e+00
9.656229579596564694e-01
9.900522245786210762e-01
9.729838899744497338e-01
9.622632444185919010e-01
1.000000000000000000e+00
9.914035076976223104e-01
9.658870712974997330e-01
9.829819426750432410e-01
9.978695087077972259e-01
1.160308014827391787e+01
-9.180035306513723015e-02
2.600000000000000089e-01
3.274594992399215698e-02
9.729536602704220716e-01
1.000000000000000000e+00
9.561156252168094838e-01
9.510051111778426991e-01
1.000000000000000000e+00
9.789173544994930198e-01
9.448449953290285475e-01
9.055375585820801820e-01
8.597771443378914302e-01
8.798119795673150501e-01
9.963037091012851842e-01
1.000000000000000000e+00
1.000000000000000000e+00
9.972017311403280626e-01
1.000000000000000000e+00
1.000000000000000000e+00
1.000000000000000000e+00
1.000000000000000000e+00
9.957008800329549825e-01
1.000000000000000000e+00
1.000000000000000000e+00
9.734255843786894236e-01
9.664740223958304677e-01
9.674550462027188269e-01
1.156893042288411344e+01
-8.715918800442912229e-02
2.600000000000000089e-01
-2.057501375675201416e-01
1.000000000000000000e+00
9.925828211884569763e-01
9.632383866667445504e-01
1.000000000000000000e+00
9.968017876124618537e-01
1.000000000000000000e+00
9.467089150940289910e-01
8.028181239404900138e-01
7.485261873674756705e-01
8.844025731150192415e-01
9.486466262589952070e-01
9.805202496640150756e-01
9.725020964361873466e-01
9.876579087018227954e-01
9.478218824317432567e-01
1.000000000000000000e+00
9.442497368852968975e-01
1.000000000000000000e+00
1.000000000000000000e+00
9.869902866624949977e-01
1.000000000000000000e+00
9.626027847883639188e-01
1.000000000000000000e+00
1.000000000000000000e+00
1.153504707991978506e+01
-7.112813872300094431e-02
2.600000000000000089e-01
2.955920249223709106e-02
1.000000000000000000e+00
1.000000000000000000e+00
9.471223503126421361e-01
9.730677159239636831e-01
1.000000000000000000e+00
1.000000000000000000e+00
9.422648167908836969e-01
8.332853228239039955e-01
7.503389864832366030e-01
8.738288724127635243e-01
9.582918700092107889e-01
1.000000000000000000e+00
1.000000000000000000e+00
9.466424658049380492e-01
1.000000000000000000e+00
9.633190484859083247e-01
9.399000225739400083e-01
1.000000000000000000e+00
1.000000000000000000e+00
9.436998625743404645e-01
1.000000000000000000e+00
9.936557008819597581e-01
1.000000000000000000e+00
1.000000000000000000e+00
1.150949814886035760e+01
-7.708062202934806706e-02
2.600000000000000089e-01
2.421127706766128540e-01
1.000000000000000000e+00
1.000000000000000000e+00
1.000000000000000000e+00
9.644030948835246031e-01
1.000000000000000000e+00
9.421796373848921879e-01
1.000000000000000000e+00
7.774090790448476840e-01
7.266596396339271013e-01
8.583027043915940624e-01
9.722914476357099600e-01
9.823980193666379535e-01
1.000000000000000000e+00
9.481390115084715742e-01
1.000000000000000000e+00
9.920018665880302455e-01
1.000000000000000000e+00
1.000000000000000000e+00
9.652191128257634478e-01
1.000000000000000000e+00
9.455687522681878177e-01
9.449546328803091200e-01
1.000000000000000000e+00
1.000000000000000000e+00
1.147496086720905417e+01
-9.909838908600576701e-02
2.600000000000000089e-01
3.447156772017478943e-02
9.581975310712081972e-01
1.000000000000000000e+00
9.921308732014905152e-01
9.838476522816390624e-01
9.829284266577300588e-01
1.000000000000000000e+00
9.605621028547078888e-01
8.095001140400911455e-01
7.833316450770853034e-01
1.000000000000000000e+00
9.719397661275451794e-01
9.538680222365912842e-01
9.608396239327526844e-01
1.000000000000000000e+00
1.000000000000000000e+00
1.000000000000000000e+00
9.550429912639415431e-01
1.000000000000000000e+00
1.000000000000000000e+00
9.782737516092581131e-01
1.000000000000000000e+00
9.834813103809147972e-01
1.000000000000000000e+00
9.636299387472497813e-01
1.144908567798830390e+01
-1.110593203292435938e-01
2.600000000000000089e-01
1.871756017208099365e-01
1.000000000000000000e+00
1.000000000000000000e+00
9.899850201651870796e-01
1.000000000000000000e+00
9.868111274876651962e-01
9.452191493978192582e-01
1.000000000000000000e+00
7.875773809359610800e-01
7.711945570202189959e-01
9.925871154527117213e-01
1.000000000000000000e+00
1.000000000000000000e+00
1.000000000000000000e+00
1.000000000000000000e+00
9.405916023596231357e-01
9.630903242993473778e-01
1.000000000000000000e+00
9.666904187261365911e-01
1.000000000000000000e+00
9.550484366715011886e-01
1.000000000000000000e+00
1.000000000000000000e+00
9.482122311910305967e-01
9.841042097211623041e-01
1.140653521754331301e+01
-1.269413382748267871e-01
2.600000000000000089e-01
-2.484521269798278809e-01
1.000000000000000000e+00
1.000000000000000000e+00
1.000000000000000000e+00
1.000000000000000000e+00
9.522838988536710403e-01
9.730718452557022280e-01
9.922333131743361623e-01
7.416604709955543218e-01
7.958028247337771699e-01
9.529065165077156285e-01
1.000000000000000000e+00
1.000000000000000000e+00
9.969974874750511251e-01
9.784568249067367995e-01
1.000000000000000000e+00
1.000000000000000000e+00
1.000000000000000000e+00
9.454871737384824559e-01
1.000000000000000000e+00
1.000000000000000000e+00
1.000000000000000000e+00
9.431494621283650348e-01
9.646556926833904644e-01
1.000000000000000000e+00
1.137160960627161188e+01
-1.001245528730971834e-01
2.600000000000000089e-01
-1.578757762908935547e-01
1.000000000000000000e+00
9.501401304034269302e-01
1.000000000000000000e+00
1.000000000000000000e+00
1.000000000000000000e+00
9.986539540398480241e-01
1.000000000000000000e+00
7.866323448212256819e-01
7.391422072189290926e-01
9.783209349278355615e-01
1.000000000000000000e+00
9.762995866123972410e-01
9.780414295704098482e-01
9.926594372228610963e-01
9.855608797461293813e-01
1.000000000000000000e+00
9.373398164713019343e-01
9.481338652313044957e-01
1.000000000000000000e+00
9.668924307575093025e-01
9.691845725048146010e-01
9.398968426512190888e-01
9.407721560530976079e-01
9.600471036445811235e-01
1.133722248301075730e+01
-8.813064064479325666e-02
2.600000000000000089e-01
8.536968380212783813e-05
1.000000000000000000e+00
1.000000000000000000e+00
9.885014224608825728e-01
1.000000000000000000e+00
1.000000000000000000e+00
9.422400371382938511e-01
9.443998790473135951e-01
8.114118698505400351e-01
7.130275450899000722e-01
9.768107502567856537e-01
9.564746592359990585e-01
1.000000000000000000e+00
9.791693398975881424e-01
1.000000000000000000e+00
1.000000000000000000e+00
1.000000000000000000e+00
1.000000000000000000e+00
1.000000000000000000e+00
1.000000000000000000e+00
1.000000000000000000e+00
9.517502926288496923e-01
9.919890035352559865e-01
1.000000000000000000e+00
9.636561907980437658e-01
1.130287484839789869e+01
-8.337367065253742382e-02
2.600000000000000089e-01
-4.353010281920433044e-02
9.503631705249228068e-01
9.535321510443340864e-01
9.560326544851868169e-01
1.000000000000000000e+00
9.382691524086156365e-01
1.000000000000000000e+00
1.000000000000000000e+00
7.349113732939313026e-01
7.844117795277899541e-01
9.372643093062632547e-01
1.000000000000000000e+00
9.574038830498452501e-01
1.000000000000000000e+00
9.906405527981881898e-01
9.722227353243665382e-01
9.550395367380131173e-01
9.469344412367678432e-01
1.000000000000000000e+00
1.000000000000000000e+00
9.536008157188479162e-01
1.000000000000000000e+00
9.503879811792262933e-01
1.000000000000000000e+00
1.000000000000000000e+00
1.126813640271108952e+01
-9.842543822812910292e-02
2.600000000000000089e-01
1.956541985273361206e-01
1.000000000000000000e+00
1.000000000000000000e+00
9.995857850488656382e-01
1.000000000000000000e+00
1.000000000000000000e+00
1.000000000000000000e+00
1.000000000000000000e+00
7.378393651360786176e-01
7.846960923323081927e-01
1.000000000000000000e+00
1.000000000000000000e+00
9.908742017198474139e-01
9.481154811661386406e-01
1.000000000000000000e+00
9.817034742801400427e-01
9.998306379691210832e-01
1.000000000000000000e+00
9.939454215440532980e-01
9.975186739716658257e-01
9.792208706844443000e-01
1.000000000000000000e+00
9.549138047892287151e-01
1.000000000000000000e+00
1.000000000000000000e+00
1.124263425693593810e+01
-1.117138255746175091e-01
2.600000000000000089e-01
-7.205742597579956055e-02
1.000000000000000000e+00
1.000000000000000000e+00
1.000000000000000000e+00
1.000000000000000000e+00
9.375570835315414353e-01
9.851041137340859066e-01
9.667961124287645092e-01
7.403472576845375741e-01
7.802665093978046196e-01
1.000000000000000000e+00
1.000000000000000000e+00
9.535424805395106285e-01
1.000000000000000000e+00
9.750164072698497275e-01
1.000000000000000000e+00
9.476857144012480472e-01
1.000000000000000000e+00
1.000000000000000000e+00
1.000000000000000000e+00
9.632454253210924744e-01
1.000000000000000000e+00
1.000000000000000000e+00
1.000000000000000000e+00
1.000000000000000000e+00
1.120824633821523264e+01
-9.724887791877412369e-02
2.600000000000000089e-01
-1.639343798160552979e-01
1.000000000000000000e+00
1.000000000000000000e+00
1.000000000000000000e+00
1.000000000000000000e+00
9.694743651414917673e-01
9.500411868774341073e-01
1.000000000000000000e+00
6.817133607374769033e-01
7.201319072545852018e-01
1.000000000000000000e+00
1.000000000000000000e+00
9.611289324848231175e-01
9.867388561310049822e-01
1.000000000000000000e+00
9.890528145558388218e-01
9.792489080631671117e-01
9.751970806922274360e-01
1.000000000000000000e+00
9.701235604757528774e-01
1.000000000000000000e+00
9.462122942877899678e-01
9.743645576899949701e-01
9.453561413654759660e-01
9.429450182726990537e-01
1.118225970346929365e+01
-8.837229144943981041e-02
2.600000000000000089e-01
-3.838721290230751038e-02
1.000000000000000000e+00
1.000000000000000000e+00
9.649859892145603579e-01
9.414411649632664636e-01
1.000000000000000000e+00
1.000000000000000000e+00
1.000000000000000000e+00
7.712566609818670704e-01
7.533241408360690228e-01
1.000000000000000000e+00
9.705255234392160535e-01
9.886634683543114033e-01
9.660929620001424967e-01
9.795254280580542039e-01
1.000000000000000000e+00
9.769353309484092307e-01
1.000000000000000000e+00
9.788161138551808582e-01
9.743796350617012214e-01
9.422424276337791893e-01
9.695491518687310295e-01
1.000000000000000000e+00
1.000000000000000000e+00
1.000000000000000000e+00
1.115625326178131793e+01
-8.997112506415883004e-02
2.599999690055847523e-01
5.069741979241371155e-02
9.464650799715849105e-01
9.728802700606261622e-01
9.650102005531381311e-01
1.000000000000000000e+00
9.685323316332067334e-01
9.414422396459690701e-01
9.639895704058875081e-01
6.866154727867774810e-01
6.530743488192453094e-01
9.586845806252822788e-01
9.822899459260380217e-01
1.000000000000000000e+00
9.461922797606335811e-01
1.000000000000000000e+00
9.424221083711035174e-01
1.000000000000000000e+00
9.885302727611894325e-01
1.000000000000000000e+00
9.908388629824129712e-01
9.523107143852245215e-01
9.453272242706465267e-01
1.000000000000000000e+00
9.946525324310905303e-01
9.409469019209610874e-01
1.113033571131915878e+01
-9.424558088980861115e-02
2.600000000000000089e-01
-2.967908792197704315e-02
1.000000000000000000e+00
9.545195777553348027e-01
9.882519053493611372e-01
1.000000000000000000e+00
1.000000000000000000e+00
1.000000000000000000e+00
7.776072107185889593e-01
6.515986279264288639e-01
7.305602691121337866e-01
9.585014944227419065e-01
9.487822252279042301e-01
9.691435384841547984e-01
9.625708592327203439e-01
1.000000000000000000e+00
9.730926523597445144e-01
9.751470614523417568e-01
9.399255472720398075e-01
9.677587947254938650e-01
1.000000000000000000e+00
9.405490135384464434e-01
1.000000000000000000e+00
9.574744583746160886e-01
9.526664108259430552e-01
1.000000000000000000e+00
1.109613171533413478e+01
-1.031208002014150082e-01
2.599999690055847523e-01
2.234575748443603516e-01
9.642033553503578380e-01
1.000000000000000000e+00
9.643023342886433147e-01
1.000000000000000000e+00
9.718413683532276526e-01
1.000000000000000000e+00
7.943475127641174138e-01
7.000063000072833663e-01
7.611404911926765715e-01
1.000000000000000000e+00
1.000000000000000000e+00
9.516942966796592129e-01
9.699354700351560110e-01
1.000000000000000000e+00
9.544386959995054820e-01
9.986688245837852529e-01
1.000000000000000000e+00
1.000000000000000000e+00
1.000000000000000000e+00
1.000000000000000000e+00
9.505062515846974813e-01
9.789298355864081147e-01
1.000000000000000000e+00
9.375869977818801493e-01
1.107037482912994086e+01
-1.144130620106698082e-01
2.600000000000000089e-01
3.388172760605812073e-02
1.000000000000000000e+00
1.000000000000000000e+00
1.000000000000000000e+00
1.000000000000000000e+00
1.000000000000000000e+00
1.000000000000000000e+00
7.087690683473091280e-01
6.389323772008779212e-01
6.940243581225175040e-01
9.723892403073758350e-01
1.000000000000000000e+00
1.000000000000000000e+00
1.000000000000000000e+00
1.000000000000000000e+00
1.000000000000000000e+00
9.615681105145260643e-01
1.000000000000000000e+00
1.000000000000000000e+00
1.000000000000000000e+00
1.000000000000000000e+00
9.503544362897312636e-01
1.000000000000000000e+00
9.878665288825059232e-01
1.000000000000000000e+00
1.103585600625288698e+01
-1.165642603279382072e-01
2.600000000000000089e-01
-3.133783861994743347e-02
9.414121659953507137e-01
9.831393967492918495e-01
9.941918529449788045e-01
9.409605320305248766e-01
1.000000000000000000e+00
9.995183150133154504e-01
7.749981982264929625e-01
6.429492335106317125e-01
6.532717002071529722e-01
9.725956035296011715e-01
1.000000000000000000e+00
1.000000000000000000e+00
1.000000000000000000e+00
9.775773461233004946e-01
1.000000000000000000e+00
9.389479038302440683e-01
9.983341966512632171e-01
9.381186792717647327e-01
9.648766650688841429e-01
9.763835786231626068e-01
1.000000000000000000e+00
1.000000000000000000e+00
1.000000000000000000e+00
9.378396994003411757e-01
1.101053278061071161e+01
-1.240768611925724407e-01
2.600000000000000089e-01
2.100635319948196411e-01
1.000000000000000000e+00
9.449146334476475895e-01
1.000000000000000000e+00
9.873896138226465613e-01
9.978388751749155405e-01
9.689918520911345867e-01
6.522386440480634207e-01
6.736075681717024199e-01
7.008225400434265895e-01
1.000000000000000000e+00
1.000000000000000000e+00
1.000000000000000000e+00
9.599302943205773042e-01
1.000000000000000000e+00
1.000000000000000000e+00
9.784998314396103902e-01
1.000000000000000000e+00
1.000000000000000000e+00
1.000000000000000000e+00
9.680347430990748903e-01
9.638651891038324537e-01
9.961516385748222513e-01
9.848766220963679485e-01
1.000000000000000000e+00
1.097641593590119768e+01
-1.394847626057234002e-01
2.600000000000000089e-01
-2.566587366163730621e-02
9.499144678058816238e-01
9.636691965289904127e-01
9.611539795948493836e-01
1.000000000000000000e+00
9.959499628981046682e-01
1.000000000000000000e+00
6.223858399055108848e-01
6.367024492355296550e-01
1.000000000000000000e+00
9.599159505821529548e-01
9.476346913203698152e-01
1.000000000000000000e+00
1.000000000000000000e+00
9.846355280723254610e-01
9.919942948773631253e-01
9.647194005699873953e-01
9.694497017043781639e-01
1.000000000000000000e+00
9.575873471856163333e-01
1.000000000000000000e+00
1.000000000000000000e+00
9.595417669280353890e-01
9.697137171456403637e-01
1.000000000000000000e+00
1.095054482107775229e+01
-1.456377000446162917e-01
2.600000000000000089e-01
1.141678765416145325e-01
1.000000000000000000e+00
9.435679881201165520e-01
9.956349079125030865e-01
1.000000000000000000e+00
1.000000000000000000e+00
1.000000000000000000e+00
7.043211269178958345e-01
6.594236351764796167e-01
9.542382020907960172e-01
1.000000000000000000e+00
1.000000000000000000e+00
9.448233505397186649e-01
9.373034651635040460e-01
9.673458307842203174e-01
1.000000000000000000e+00
9.462753112398936128e-01
1.000000000000000000e+00
9.746797090542642650e-01
9.459081576545816938e-01
9.453483672344658029e-01
9.755746803743514661e-01
9.677653755162035631e-01
1.000000000000000000e+00
1.000000000000000000e+00
1.091645218664043071e+01
-1.508383751811539497e-01
2.600000000000000089e-01
-2.623421847820281982e-01
9.999546776953434080e-01
1.000000000000000000e+00
1.000000000000000000e+00
9.880233858183370410e-01
1.000000000000000000e+00
9.713131980990995507e-01
6.674833729462961163e-01
6.183655706907952299e-01
7.634874718083884959e-01
9.972907759283712315e-01
1.000000000000000000e+00
1.000000000000000000e+00
1.000000000000000000e+00
9.514690421597421510e-01
9.507341169906391443e-01
9.443868335637423117e-01
9.715570734366102412e-01
9.618025928628864962e-01
1.000000000000000000e+00
1.000000000000000000e+00
1.000000000000000000e+00
1.000000000000000000e+00
9.468577703653118238e-01
1.000000000000000000e+00
1.088169265343383429e+01
-1.178862715166815178e-01
2.600000000000000089e-01
-2.330691963434219360e-01
1.000000000000000000e+00
1.000000000000000000e+00
1.000000000000000000e+00
1.000000000000000000e+00
9.502060779938449331e-01
9.999855480377893846e-01
6.009222447954697399e-01
6.670142175352079539e-01
7.453675015739822385e-01
1.000000000000000000e+00
9.952777149883128560e-01
9.376571948371988929e-01
1.000000000000000000e+00
9.950587553075118663e-01
1.000000000000000000e+00
9.503634824870329512e-01
1.000000000000000000e+00
1.000000000000000000e+00
1.000000000000000000e+00
1.000000000000000000e+00
1.000000000000000000e+00
1.000000000000000000e+00
1.000000000000000000e+00
1.000000000000000000e+00
1.085553100380920633e+01
-1.073868882473254516e-01
2.600000000000000089e-01
4.032922536134719849e-02
1.000000000000000000e+00
1.000000000000000000e+00
1.000000000000000000e+00
1.000000000000000000e+00
1.000000000000000000e+00
9.822281468607829691e-01
5.816165692282535549e-01
6.011417374710965600e-01
6.865103079348300330e-01
9.621020424380101188e-01
1.000000000000000000e+00
1.000000000000000000e+00
9.404787941693492082e-01
1.000000000000000000e+00
9.429868760084909596e-01
9.585215507567673709e-01
9.549833493681191277e-01
9.450688485508145220e-01
1.000000000000000000e+00
1.000000000000000000e+00
9.459152669022843352e-01
1.000000000000000000e+00
1.000000000000000000e+00
9.538766941059193538e-01
1.082976652095843306e+01
-1.141230580610672618e-01
2.600000000000000089e-01
1.828418076038360596e-01
9.876298015408858655e-01
9.561309100567009223e-01
1.000000000000000000e+00
1.000000000000000000e+00
1.000000000000000000e+00
1.000000000000000000e+00
6.583969548095057744e-01
6.289177705212358749e-01
6.756042759797874497e-01
9.593592056274057311e-01
1.000000000000000000e+00
9.719462799789241325e-01
1.000000000000000000e+00
1.000000000000000000e+00
9.586698318536913677e-01
9.721248905570305521e-01
1.000000000000000000e+00
9.826237952703316125e-01
9.687940304995288354e-01
9.992063406898684663e-01
9.537815205350007597e-01
1.000000000000000000e+00
9.943162960501148451e-01
9.401589474402695101e-01
1.079586322622353833e+01
-1.327367888720067945e-01
2.600000000000000089e-01
1.150553151965141296e-01
9.665873449188425726e-01
9.878531859074660693e-01
9.914165859832874128e-01
9.470609003158928507e-01
9.604850346948452522e-01
1.000000000000000000e+00
6.602265435920188219e-01
6.593764277699455389e-01
9.591393823198692825e-01
9.934525733662090685e-01
9.565115793916036946e-01
1.000000000000000000e+00
9.930522672886041846e-01
1.000000000000000000e+00
1.000000000000000000e+00
1.000000000000000000e+00
9.785120411523789974e-01
9.975366578617982372e-01
1.000000000000000000e+00
1.000000000000000000e+00
9.525952741882018904e-01
1.000000000000000000e+00
9.608324560641329226e-01
1.000000000000000000e+00
1.076165242330485405e+01
-1.450879881307640673e-01
2.600000000000000089e-01
8.431689441204071045e-02
1.000000000000000000e+00
9.890662383718297201e-01
1.000000000000000000e+00
9.646534852783256175e-01
1.000000000000000000e+00
6.721620409689684772e-01
5.847418653433580360e-01
6.379879847964434747e-01
9.460868181129307164e-01
1.000000000000000000e+00
1.000000000000000000e+00
1.000000000000000000e+00
1.000000000000000000e+00
1.000000000000000000e+00
1.000000000000000000e+00
1.000000000000000000e+00
9.864657262934962700e-01
1.000000000000000000e+00
1.000000000000000000e+00
9.631685900578227377e-01
1.000000000000000000e+00
1.000000000000000000e+00
1.000000000000000000e+00
1.000000000000000000e+00
1.073622551699978445e+01
-1.466115195103241398e-01
2.600000000000000089e-01
-2.518008947372436523e-01
1.000000000000000000e+00
9.514272407627243355e-01
9.481460372335799303e-01
1.000000000000000000e+00
9.702368464694552941e-01
6.720771766330181363e-01
5.975199885587878512e-01
6.206907237977145053e-01
9.732985779413947380e-01
9.832821165348671899e-01
9.470656778674840792e-01
9.460925518637752774e-01
1.000000000000000000e+00
1.000000000000000000e+00
9.450666483270779850e-01
1.000000000000000000e+00
9.857028691345547378e-01
9.776182507330759552e-01
1.000000000000000000e+00
1.000000000000000000e+00
1.000000000000000000e+00
1.000000000000000000e+00
9.969371716690166307e-01
9.984874803494460105e-01
1.069398838581627764e+01
-1.332979840124179916e-01
2.600000000000000089e-01
9.690625220537185669e-02
1.000000000000000000e+00
1.000000000000000000e+00
1.000000000000000000e+00
9.544166540220917483e-01
1.000000000000000000e+00
6.698307290218575849e-01
5.300109634997079988e-01
5.493584021859220234e-01
1.000000000000000000e+00
9.721232196056925901e-01
1.000000000000000000e+00
9.770332238109186163e-01
1.000000000000000000e+00
9.960354274202808389e-01
9.991500146628101708e-01
1.000000000000000000e+00
9.857098785735407542e-01
9.410156708607048115e-01
9.659747298329992571e-01
9.458462189836255307e-01
9.900371130154732580e-01
9.437630690487704976e-01
1.000000000000000000e+00
1.000000000000000000e+00
1.065980485701882507e+01
-1.486527949647284963e-01
2.600000000000000089e-01
1.342489272356033325e-01
1.000000000000000000e+00
9.945069236482260155e-01
9.381053692522968168e-01
9.950496244137131407e-01
9.422037717244267085e-01
5.887386938365714029e-01
5.992229829491586557e-01
6.235890575664998492e-01
9.528596601368952701e-01
1.000000000000000000e+00
1.000000000000000000e+00
9.597389106902575184e-01
1.000000000000000000e+00
1.000000000000000000e+00
9.704295394819473231e-01
1.000000000000000000e+00
9.672948434708728005e-01
1.000000000000000000e+00
1.000000000000000000e+00
1.000000000000000000e+00
1.000000000000000000e+00
9.900778566254543334e-01
1.000000000000000000e+00
1.000000000000000000e+00
1.062556177866674467e+01
-1.637539876618419044e-01
2.600000000000000089e-01
4.293616116046905518e-02
9.856620792593437930e-01
9.385977578027325796e-01
1.000000000000000000e+00
1.000000000000000000e+00
1.000000000000000000e+00
6.190935804964000644e-01
5.183274471232939273e-01
6.350242379580363083e-01
9.853606820272692302e-01
1.000000000000000000e+00
9.446628782250174883e-01
1.000000000000000000e+00
1.000000000000000000e+00
1.000000000000000000e+00
1.000000000000000000e+00
1.000000000000000000e+00
9.540912258355909170e-01
9.648963116396247486e-01
1.000000000000000000e+00
1.000000000000000000e+00
9.491256908413190363e-01
1.000000000000000000e+00
1.000000000000000000e+00
9.930367772599747456e-01
1.059160269180855174e+01
-1.695141376569728742e-01
2.600000000000000089e-01
3.808905556797981262e-02
9.401894695500819799e-01
1.000000000000000000e+00
9.468635552020877588e-01
9.374898513164905411e-01
1.000000000000000000e+00
5.775457317982286565e-01
6.257055138201017552e-01
6.514953513118778572e-01
1.000000000000000000e+00
9.880722513480914015e-01
1.000000000000000000e+00
1.000000000000000000e+00
1.000000000000000000e+00
1.000000000000000000e+00
9.510520436221233664e-01
9.765020171899081447e-01
9.777235044247770679e-01
9.911474102176377476e-01
9.605229777255663848e-01
9.812343455483016896e-01
1.000000000000000000e+00
1.000000000000000000e+00
1.000000000000000000e+00
1.000000000000000000e+00
1.056599764052465495e+01
-1.756826862729949923e-01
2.600000000000000089e-01
7.014387845993041992e-02
9.726467416290481838e-01
9.729415127468309388e-01
1.000000000000000000e+00
9.930013416653260538e-01
1.000000000000000000e+00
5.285374971917123910e-01
5.883556789742668824e-01
6.509063750941436188e-01
1.000000000000000000e+00
1.000000000000000000e+00
9.962122815084806238e-01
1.000000000000000000e+00
1.000000000000000000e+00
1.000000000000000000e+00
1.000000000000000000e+00
1.000000000000000000e+00
9.979745792937528837e-01
1.000000000000000000e+00
9.537029264171489329e-01
9.758800726290941530e-01
9.605508947628617067e-01
1.000000000000000000e+00
9.609658760079545781e-01
1.000000000000000000e+00
1.053201544550307389e+01
-1.798156070830172482e-01
2.600000000000000089e-01
-5.381740629673004150e-02
9.802258192968350548e-01
1.000000000000000000e+00
1.000000000000000000e+00
9.704366342847616789e-01
9.391190851659942940e-01
5.496354444152570240e-01
5.281278912901322675e-01
6.710425677594783478e-01
1.000000000000000000e+00
9.564978352995227029e-01
9.779440712461670016e-01
9.827927642923696139e-01
9.492254816868107570e-01
1.000000000000000000e+00
1.000000000000000000e+00
1.000000000000000000e+00
1.000000000000000000e+00
1.000000000000000000e+00
9.798851655405903527e-01
1.000000000000000000e+00
9.993333301156483994e-01
9.918109617542260059e-01
1.000000000000000000e+00
1.000000000000000000e+00
1.050654746111733751e+01
-1.766522099074223640e-01
2.600000000000000089e-01
5.432679783552885056e-03
1.000000000000000000e+00
1.000000000000000000e+00
9.718713747235830924e-01
9.684787997063227794e-01
1.000000000000000000e+00
5.545651005994242100e-01
5.715745055844280165e-01
6.142112297142919841e-01
1.000000000000000000e+00
9.533571643001298446e-01
9.646611849019519624e-01
1.000000000000000000e+00
9.970539039539135784e-01
9.467801179058626948e-01
9.581211018461830431e-01
9.883571038059330016e-01
1.000000000000000000e+00
1.000000000000000000e+00
9.483376280611141018e-01
9.750254150657936547e-01
9.743916471621465458e-01
9.350704694470152178e-01
1.000000000000000000e+00
1.000000000000000000e+00
1.047232158564628790e+01
-1.818080890357260948e-01
2.600000000000000089e-01
6.867581605911254883e-02
9.837599073163064700e-01
1.000000000000000000e+00
9.731472645443267622e-01
1.000000000000000000e+00
1.000000000000000000e+00
4.906106021416357654e-01
5.925636957075449684e-01
6.688470506508423785e-01
1.000000000000000000e+00
9.850436505293105327e-01
1.000000000000000000e+00
1.000000000000000000e+00
1.000000000000000000e+00
1.000000000000000000e+00
1.000000000000000000e+00
1.000000000000000000e+00
9.855556377597178841e-01
1.000000000000000000e+00
1.000000000000000000e+00
9.794856783369940700e-01
1.000000000000000000e+00
1.000000000000000000e+00
9.561323167274242696e-01
9.549876186911835374e-01
1.044673850104252466e+01
-1.788975335314066939e-01
2.600000000000000089e-01
-1.400617323815822601e-02
1.000000000000000000e+00
9.710033114379459374e-01
9.710131369955138370e-01
1.000000000000000000e+00
6.391812459643888555e-01
5.784670140343032285e-01
5.121870074067460532e-01
5.960815391198446278e-01
9.745451619210431238e-01
1.000000000000000000e+00
9.603716214829223219e-01
9.916535950193992033e-01
1.000000000000000000e+00
9.652299095396325024e-01
9.909458342342879478e-01
9.672961008938828487e-01
9.627032106197345174e-01
9.591698486945640090e-01
1.000000000000000000e+00
1.000000000000000000e+00
1.000000000000000000e+00
9.834297015483116633e-01
9.624483773233550865e-01
9.518881130013163716e-01
1.041282733252679726e+01
-1.792626366891907352e-01
2.600000000000000089e-01
1.469939574599266052e-02
9.536203086790999706e-01
9.929039110751991526e-01
9.459502566127435674e-01
1.000000000000000000e+00
6.828693124185694074e-01
5.479106838239433674e-01
5.042092602674302926e-01
6.318890889704186220e-01
9.459677701631105107e-01
1.000000000000000000e+00
9.825479010086998199e-01
9.732529846956835540e-01
1.000000000000000000e+00
1.000000000000000000e+00
1.000000000000000000e+00
1.000000000000000000e+00
9.381236057953714624e-01
1.000000000000000000e+00
9.811255158191698467e-01
9.731900704416777126e-01
1.000000000000000000e+00
1.000000000000000000e+00
1.000000000000000000e+00
9.782741186408413503e-01
1.038734974544323464e+01
-1.833788131354383566e-01
2.600000000000000089e-01
5.161748453974723816e-02
9.990827191876601177e-01
1.000000000000000000e+00
1.000000000000000000e+00
9.737201790438964055e-01
6.412541120261934235e-01
5.867276578643456642e-01
4.736314272183341223e-01
9.731812656882986579e-01
9.839571645346421036e-01
1.000000000000000000e+00
1.000000000000000000e+00
1.000000000000000000e+00
1.000000000000000000e+00
9.812302733013521516e-01
9.720156835652246086e-01
9.380627323194944411e-01
1.000000000000000000e+00
1.000000000000000000e+00
9.722263722358885918e-01
9.520484280951893030e-01
1.000000000000000000e+00
9.797346313452316435e-01
9.675865137115531311e-01
1.000000000000000000e+00
1.036180618392714514e+01
-1.893410387457556965e-01
2.600000000000000089e-01
5.921519547700881958e-02
9.411652998693789129e-01
1.000000000000000000e+00
9.680901441840211730e-01
9.722673670120501876e-01
6.234686308770500673e-01
4.920167110595303761e-01
4.962471472619121582e-01
9.699072344259292988e-01
9.532287725396008105e-01
9.851550385941586496e-01
1.000000000000000000e+00
9.475396646539921974e-01
9.496459760922811855e-01
9.457884732459724830e-01
1.000000000000000000e+00
9.428159360105106135e-01
9.803268829427354003e-01
9.428182937453285506e-01
1.000000000000000000e+00
1.000000000000000000e+00
9.688929068392303501e-01
1.000000000000000000e+00
1.000000000000000000e+00
1.000000000000000000e+00
1.033625172287615079e+01
-1.935708472943460379e-01
2.600000000000000089e-01
-5.167736113071441650e-02
1.000000000000000000e+00
1.000000000000000000e+00
9.587570554026896286e-01
1.000000000000000000e+00
5.955502878420115831e-01
5.414110454344333023e-01
4.704875598820643101e-01
1.000000000000000000e+00
1.000000000000000000e+00
9.898505425888849407e-01
9.607569925303682812e-01
1.000000000000000000e+00
9.528029549913997753e-01
9.910956040761058627e-01
9.564650357895515542e-01
9.432917980848573025e-01
9.604139470630860265e-01
1.000000000000000000e+00
9.470099222884268420e-01
1.000000000000000000e+00
9.522258346910156268e-01
1.000000000000000000e+00
1.000000000000000000e+00
1.000000000000000000e+00
1.030248366593166587e+01
-1.909886512423022431e-01
2.600000000000000089e-01
3.856976050883531570e-03
9.583991100929748486e-01
9.790995778240695335e-01
9.436050979804128103e-01
9.846734455562734523e-01
5.500207662183819179e-01
4.484738168861832075e-01
4.837253805456249167e-01
9.420998898163425173e-01
9.831648447352308029e-01
1.000000000000000000e+00
9.933458310351308551e-01
1.000000000000000000e+00
9.471161316519923767e-01
9.480014041540386627e-01
9.445555166347908704e-01
9.659550930282384540e-01
9.879356328833389655e-01
9.890238648589594339e-01
9.767340736396258327e-01
9.811826959672800275e-01
9.545364045028301714e-01
9.468030457709218917e-01
1.000000000000000000e+00
9.709409887071516199e-01
1.026830485379637992e+01
-1.910429716606172335e-01
2.600000000000000089e-01
-1.094733458012342453e-02
1.000000000000000000e+00
9.517870274013929821e-01
1.000000000000000000e+00
9.972527728163722571e-01
5.385597257964680473e-01
5.234844391755788529e-01
4.706280163360053170e-01
1.000000000000000000e+00
9.655779142090767930e-01
9.685995642900554481e-01
1.000000000000000000e+00
1.000000000000000000e+00
9.522753155368681721e-01
1.000000000000000000e+00
1.000000000000000000e+00
9.654994140830324145e-01
9.522777226829177710e-01
9.574350525985615423e-01
1.000000000000000000e+00
9.820034525472195464e-01
9.811635287280446871e-01
1.000000000000000000e+00
1.000000000000000000e+00
9.625685548863550656e-01
1.024269816734294025e+01
-1.914997929824706624e-01
2.600000000000000089e-01
5.783714354038238525e-03
1.000000000000000000e+00
9.772279063783154696e-01
1.000000000000000000e+00
1.000000000000000000e+00
4.847365534364379558e-01
4.732426064263118293e-01
5.199805840988757089e-01
9.418929895710552724e-01
9.989844108961873914e-01
1.000000000000000000e+00
1.000000000000000000e+00
1.000000000000000000e+00
9.614251159071603992e-01
9.863427650631002574e-01
9.974295671222215276e-01
9.787175594629433650e-01
1.000000000000000000e+00
9.620042793620491306e-01
9.598546066653655950e-01
1.000000000000000000e+00
9.748131525208004744e-01
1.000000000000000000e+00
9.587192664242923934e-01
1.000000000000000000e+00
1.020881861364634169e+01
-1.931493311254541823e-01
2.600000000000000089e-01
6.318001542240381241e-03
1.000000000000000000e+00
9.689744356252667501e-01
1.000000000000000000e+00
1.000000000000000000e+00
5.333478647036195008e-01
4.867352379055845391e-01
4.746175004379830087e-01
1.000000000000000000e+00
9.745714970783249109e-01
9.411321862536095040e-01
1.000000000000000000e+00
9.840293999191478402e-01
1.000000000000000000e+00
9.452321052429720760e-01
9.495829784514215888e-01
1.000000000000000000e+00
1.000000000000000000e+00
1.000000000000000000e+00
1.000000000000000000e+00
1.000000000000000000e+00
9.635925366388838897e-01
1.000000000000000000e+00
1.000000000000000000e+00
1.000000000000000000e+00
1.018337505196504544e+01
-1.945460127789733207e-01
2.600000000000000089e-01
1.235778164118528366e-02
1.000000000000000000e+00
1.000000000000000000e+00
1.000000000000000000e+00
9.752420051091338360e-01
5.666090035514778078e-01
5.268404527280819982e-01
4.943785241697931099e-01
9.732306996548644173e-01
1.000000000000000000e+00
1.000000000000000000e+00
9.791590808550462155e-01
9.711360771831492045e-01
9.913440988515603847e-01
9.383724676829511280e-01
1.000000000000000000e+00
1.000000000000000000e+00
9.759246630942312040e-01
9.460478979567283897e-01
9.830791341774735015e-01
9.593373752222088546e-01
9.390044947606758230e-01
9.861008698392772498e-01
9.465336144821936415e-01
9.780592744732301558e-01
1.015784826088153281e+01
-1.965637630301415584e-01
2.600000000000000089e-01
1.811051182448863983e-02
1.000000000000000000e+00
9.949673032430423891e-01
9.518559685162667483e-01
5.950059321697527270e-01
4.292726476888475973e-01
4.236041196403218523e-01
5.233713769923399317e-01
9.584207030609832589e-01
9.691569627246962026e-01
1.000000000000000000e+00
1.000000000000000000e+00
9.560778055159986355e-01
1.000000000000000000e+00
9.611333971847740854e-01
9.493439936351396602e-01
9.752149062886869002e-01
9.439911845450528194e-01
9.730684873222216202e-01
9.629104603783594785e-01
9.866689133313474303e-01
9.795744277208783268e-01
1.000000000000000000e+00
1.000000000000000000e+00
9.819926654283589462e-01
1.012383218601012835e+01
-1.965746893499189518e-01
2.600000000000000089e-01
-3.279097005724906921e-02
1.000000000000000000e+00
9.487848134477546713e-01
1.000000000000000000e+00
6.020382581596258609e-01
4.547190523650573302e-01
4.804193658439842585e-01
4.875463959046935636e-01
9.550812858181060294e-01
9.581445859290133038e-01
9.498914320565875480e-01
9.928662929783709234e-01
1.000000000000000000e+00
9.819441035445496402e-01
9.378024106235239854e-01
1.000000000000000000e+00
9.989922910995094885e-01
9.951400223430113545e-01
9.785340488328285735e-01
9.669436329129760255e-01
9.953775830925302159e-01
9.903100592305625893e-01
1.000000000000000000e+00
9.561413074700164660e-01
1.000000000000000000e+00
1.009847832196684614e+01
-1.973749287719925860e-01
2.600000000000000089e-01
3.073334693908691406e-02
9.669798695326009552e-01
9.494593675676101796e-01
9.880589621730562211e-01
4.730510379525624809e-01
4.942048870508460312e-01
4.529559094091619720e-01
5.243860167327745181e-01
9.453483322644233855e-01
9.751202216360451702e-01
1.000000000000000000e+00
9.950797245603835162e-01
9.939807631265143995e-01
9.796937958443150407e-01
9.663852123090695967e-01
1.000000000000000000e+00
9.458630775131187107e-01
9.885644093337484506e-01
1.000000000000000000e+00
1.000000000000000000e+00
1.000000000000000000e+00
9.534896942698166677e-01
9.705838662072167056e-01
9.463444643372378451e-01
1.000000000000000000e+00
1.006437603826343086e+01
-2.016797135108268080e-01
2.600000000000000089e-01
2.577307261526584625e-02
9.767367102643546017e-01
9.416267768327587495e-01
9.476767187216311727e-01
5.064819373162530169e-01
4.433410310076499328e-01
4.414883420093029254e-01
5.569706323860479369e-01
1.000000000000000000e+00
9.520487300656411689e-01
1.000000000000000000e+00
9.466720325673264602e-01
9.730753360006613173e-01
1.000000000000000000e+00
9.738534435367499631e-01
1.000000000000000000e+00
9.765489300250769222e-01
1.000000000000000000e+00
9.819429741580718574e-01
9.942892644305504346e-01
9.697361223168172728e-01
9.764111503165641137e-01
9.473223470365955690e-01
9.743503843048705315e-01
9.846679713286848878e-01
1.003041608189933243e+01
-2.054207136969603553e-01
2.600000000000000089e-01
2.020726911723613739e-02
1.000000000000000000e+00
1.000000000000000000e+00
9.601239704143232911e-01
4.710416453982357865e-01
4.689134539240633615e-01
4.835204301005613381e-01
5.112101418532463137e-01
1.000000000000000000e+00
9.903763207317204387e-01
1.000000000000000000e+00
9.497430190762418123e-01
9.527293861086850724e-01
9.587824437447965975e-01
1.000000000000000000e+00
1.000000000000000000e+00
1.000000000000000000e+00
1.000000000000000000e+00
9.588376072123726557e-01
1.000000000000000000e+00
1.000000000000000000e+00
1.000000000000000000e+00
9.970857293288488687e-01
9.074582898401285513e-01
1.000000000000000000e+00
1.000505935273038638e+01
-2.078355042611494952e-01
2.600000000000000089e-01
1.555588282644748688e-02
9.392300670836630783e-01
9.745398115912614623e-01
1.000000000000000000e+00
5.608374312782788973e-01
5.079211132619677604e-01
4.274307853856108008e-01
5.286721602402252307e-01
1.000000000000000000e+00
9.492998880978309462e-01
1.000000000000000000e+00
1.000000000000000000e+00
1.000000000000000000e+00
9.740561483610986615e-01
9.696273323013817613e-01
9.535537655029017179e-01
1.000000000000000000e+00
9.395346086396066942e-01
1.000000000000000000e+00
9.445744732979092229e-01
9.571160102204193665e-01
1.000000000000000000e+00
9.868743358881598704e-01
9.919927161456252307e-01
1.000000000000000000e+00
9.979695135033015418e+00
-2.096117623207414127e-01
2.600000000000000089e-01
7.957975380122661591e-03
1.000000000000000000e+00
1.000000000000000000e+00
1.000000000000000000e+00
4.261990886522486477e-01
4.687341036017078078e-01
4.044036020664323883e-01
9.938361347473136931e-01
9.958797207688764308e-01
1.000000000000000000e+00
1.000000000000000000e+00
1.000000000000000000e+00
9.999657200954423786e-01
1.000000000000000000e+00
9.983715346982855454e-01
9.669292524601845740e-01
1.000000000000000000e+00
1.000000000000000000e+00
9.446458610342098883e-01
9.818011253041432074e-01
9.606666509344206073e-01
1.000000000000000000e+00
9.582650522578723962e-01
9.669641749857426083e-01
1.000000000000000000e+00
9.945830779032894142e+00
-2.127510193872588218e-01
2.600000000000000089e-01
2.998700365424156189e-02
9.972568392612090049e-01
9.879056794148263210e-01
1.000000000000000000e+00
4.706989696109414867e-01
4.000708675283865534e-01
4.705892386713981801e-01
9.883592556634620552e-01
9.924700058052315921e-01
9.683672055790009114e-01
9.859743174190388482e-01
1.000000000000000000e+00
1.000000000000000000e+00
1.000000000000000000e+00
1.000000000000000000e+00
9.760057815782454682e-01
1.000000000000000000e+00
9.398942544109438746e-01
9.745228783364457970e-01
9.780372826424708066e-01
1.000000000000000000e+00
9.656049074968857671e-01
1.000000000000000000e+00
9.752896980814531602e-01
9.893970515573815572e-01
9.920343724812099140e+00
-2.121904824267422107e-01
2.600000000000000089e-01
-3.937783837318420410e-02
1.000000000000000000e+00
1.000000000000000000e+00
1.000000000000000000e+00
4.778369244473452682e-01
3.902100537838651961e-01
5.188461784890445738e-01
9.390694885795510816e-01
9.568490209675458713e-01
9.419942315283178491e-01
9.777624585783932787e-01
9.377612929689995713e-01
9.388654475324894610e-01
1.000000000000000000e+00
9.794625917482504551e-01
9.539036170862864594e-01
1.000000000000000000e+00
9.727973539892238453e-01
1.000000000000000000e+00
1.000000000000000000e+00
1.000000000000000000e+00
1.000000000000000000e+00
9.576411021686991321e-01
9.110336685553851455e-01
1.000000000000000000e+00
9.886372258929043255e+00
-2.079875100052590575e-01
2.600000000000000089e-01
-3.412409126758575439e-02
9.539478618254996212e-01
9.495929031344101379e-01
1.000000000000000000e+00
3.964950753122056804e-01
4.801641710804357976e-01
5.141906889377502177e-01
9.873333079333856954e-01
1.000000000000000000e+00
9.768645352747536981e-01
9.900167109279356392e-01
1.000000000000000000e+00
9.883164428343527153e-01
1.000000000000000000e+00
1.000000000000000000e+00
1.000000000000000000e+00
9.838868107970751842e-01
1.000000000000000000e+00
9.990250416947549228e-01
9.712444743751068588e-01
9.759494903514988051e-01
1.000000000000000000e+00
1.000000000000000000e+00
9.376913379202865828e-01
9.934358059011948461e-01
9.852471118649894777e+00
-2.035372797838967962e-01
2.600000000000000089e-01
-4.296889156103134155e-02
9.863101929722246641e-01
9.862153030812349508e-01
5.195649149529706357e-01
4.868915728574980117e-01
4.001835693319740206e-01
4.328983529490185722e-01
1.000000000000000000e+00
1.000000000000000000e+00
1.000000000000000000e+00
9.811163219085793363e-01
1.000000000000000000e+00
9.775114196639312913e-01
1.000000000000000000e+00
9.588118358561207311e-01
1.000000000000000000e+00
9.655415033627013921e-01
1.000000000000000000e+00
1.000000000000000000e+00
1.000000000000000000e+00
1.000000000000000000e+00
1.000000000000000000e+00
1.000000000000000000e+00
9.656387049432071379e-01
1.000000000000000000e+00
9.818480646710208148e+00
-1.994789026376539987e-01
2.600000000000000089e-01
-3.257803618907928467e-02
9.941780153747146187e-01
9.420494320305731195e-01
4.591585404586144281e-01
4.632380735426221974e-01
3.959315634071599033e-01
4.187834993208850998e-01
9.786733549202425442e-01
9.744758791721005453e-01
9.727458733581918482e-01
9.951164676954556976e-01
9.799749967402505701e-01
9.609596712607141322e-01
9.566392442748453684e-01
1.000000000000000000e+00
1.000000000000000000e+00
9.989657471480259954e-01
1.000000000000000000e+00
9.844213219911287505e-01
1.000000000000000000e+00
9.525234683169052641e-01
1.000000000000000000e+00
1.000000000000000000e+00
1.000000000000000000e+00
9.722072368664057551e-01
9.793074048114720043e+00
-1.965765757722008900e-01
2.600000000000000089e-01
-3.419872373342514038e-02
1.000000000000000000e+00
9.850026788321570859e-01
5.227260086463861866e-01
3.928810326223908800e-01
3.724386426917151716e-01
4.367072048748468771e-01
1.000000000000000000e+00
9.558335709873230224e-01
1.000000000000000000e+00
9.902459020284922753e-01
1.000000000000000000e+00
1.000000000000000000e+00
1.000000000000000000e+00
9.976019079465749950e-01
1.000000000000000000e+00
1.000000000000000000e+00
1.000000000000000000e+00
9.550746451786613633e-01
1.000000000000000000e+00
9.676165615248131235e-01
9.685800076238918477e-01
9.630251967129694890e-01
9.656592444248223162e-01
1.000000000000000000e+00
9.758901908538371472e+00
-1.943658580798350854e-01
2.600000000000000089e-01
-1.607070304453372955e-02
9.440819322152046444e-01
9.739772409110675211e-01
5.364801428585742604e-01
4.082326063968234608e-01
4.815509011524394256e-01
4.264991275943680882e-01
1.000000000000000000e+00
1.000000000000000000e+00
9.800546388694125755e-01
9.719794599115639810e-01
1.000000000000000000e+00
1.000000000000000000e+00
9.700893449265119983e-01
1.000000000000000000e+00
9.808640857601167440e-01
1.000000000000000000e+00
1.000000000000000000e+00
1.000000000000000000e+00
1.000000000000000000e+00
1.000000000000000000e+00
9.785281824554770136e-01
1.000000000000000000e+00
9.848958401652909700e-01
1.000000000000000000e+00
9.733298493585005318e+00
-1.934917245714848910e-01
2.600000000000000089e-01
-1.207722444087266922e-02
9.462531157535412074e-01
1.000000000000000000e+00
4.738554957962222147e-01
4.157972942599746924e-01
3.945956814342431729e-01
4.765846308126039932e-01
1.000000000000000000e+00
9.750552536352471433e-01
9.982450971582517152e-01
9.519764112694411029e-01
1.000000000000000000e+00
1.000000000000000000e+00
1.000000000000000000e+00
9.680746482156837862e-01
9.505027899397997526e-01
1.000000000000000000e+00
9.399883103420895170e-01
9.820350731408827860e-01
1.000000000000000000e+00
9.703940011231556584e-01
1.000000000000000000e+00
9.901634314880298771e-01
9.423283180069643716e-01
9.456371560407007548e-01
9.707817165927925984e+00
-1.930106166353979802e-01
2.600000000000000089e-01
-1.282746531069278717e-02
1.000000000000000000e+00
9.929513139931943622e-01
4.533801941349978049e-01
4.233815762260542681e-01
3.730585773446417619e-01
4.384844616907571102e-01
1.000000000000000000e+00
1.000000000000000000e+00
9.886681983020410014e-01
1.000000000000000000e+00
1.000000000000000000e+00
1.000000000000000000e+00
9.551585388818425448e-01
9.952656673352452410e-01
9.530997329211995384e-01
1.000000000000000000e+00
1.000000000000000000e+00
9.918674158554318110e-01
1.000000000000000000e+00
1.000000000000000000e+00
9.557767669073850003e-01
1.000000000000000000e+00
1.000000000000000000e+00
9.963282512827232873e-01
9.673951303297064541e+00
-1.905423783971924578e-01
2.600000000000000089e-01
-3.283826261758804321e-02
9.492386909121178773e-01
1.000000000000000000e+00
4.125731380608411158e-01
4.372042329877315336e-01
4.615200536005304444e-01
4.789088658569086721e-01
9.626613530779568606e-01
1.000000000000000000e+00
1.000000000000000000e+00
9.446694273466682557e-01
1.000000000000000000e+00
1.000000000000000000e+00
9.713996083338187759e-01
1.000000000000000000e+00
9.786386916978103701e-01
1.000000000000000000e+00
1.000000000000000000e+00
9.648660201406890069e-01
9.407792100171222804e-01
1.000000000000000000e+00
1.000000000000000000e+00
9.817682365897464347e-01
1.000000000000000000e+00
9.468980881994933929e-01
9.648364976620221967e+00
-1.882290658586445176e-01
2.600000000000000089e-01
-1.487493328750133514e-02
1.000000000000000000e+00
1.000000000000000000e+00
4.115094988733236092e-01
3.494174725421689831e-01
3.605972399183831056e-01
5.094235122246263403e-01
1.000000000000000000e+00
1.000000000000000000e+00
9.902667205066238987e-01
9.482885675001380132e-01
9.500404456748723359e-01
9.549527806285634801e-01
1.000000000000000000e+00
9.993611136888748137e-01
9.658449482606539238e-01
9.483418143731530137e-01
1.000000000000000000e+00
1.000000000000000000e+00
1.000000000000000000e+00
1.000000000000000000e+00
1.000000000000000000e+00
9.866303454688051255e-01
1.000000000000000000e+00
9.157046645622736181e-01
9.614325303009685797e+00
-1.868021216298987319e-01
2.600000000000000089e-01
-2.265862561762332916e-02
9.986578050867102041e-01
1.000000000000000000e+00
4.010236694134559632e-01
3.694748004194954860e-01
4.373134126836012436e-01
5.204676679143408480e-01
9.376606276928601824e-01
1.000000000000000000e+00
9.577389040174065782e-01
9.966710343166799158e-01
1.000000000000000000e+00
1.000000000000000000e+00
1.000000000000000000e+00
9.711505567820818419e-01
1.000000000000000000e+00
1.000000000000000000e+00
1.000000000000000000e+00
1.000000000000000000e+00
9.424413988186071123e-01
9.922386967365887100e-01
9.808535770649208230e-01
9.900828484017621944e-01
9.834307660515964056e-01
9.122154387359151517e-01
9.588880654320004027e+00
-1.855103030317728496e-01
2.600000000000000089e-01
-1.163409277796745300e-02
1.000000000000000000e+00
9.869751099291887986e-01
3.545571178930070899e-01
3.907607969972411444e-01
4.586956492525746110e-01
5.314592825969490786e-01
1.000000000000000000e+00
9.520429094929949709e-01
1.000000000000000000e+00
9.499941371746948304e-01
1.000000000000000000e+00
9.903039608940816807e-01
9.910315978521382352e-01
9.665423501810421758e-01
1.000000000000000000e+00
1.000000000000000000e+00
9.702189575034513291e-01
1.000000000000000000e+00
1.000000000000000000e+00
1.000000000000000000e+00
9.981884689508613295e-01
9.631079165771849748e-01
1.000000000000000000e+00
1.000000000000000000e+00
9.563343726517755883e+00
-1.839187484210378365e-01
2.600000000000000089e-01
-2.355021238327026367e-02
9.775555369794001193e-01
1.000000000000000000e+00
4.047711501144161117e-01
3.672485245984847269e-01
4.287844116867959854e-01
4.528708229483227043e-01
1.000000000000000000e+00
9.894784279195366627e-01
9.797729215556761906e-01
9.411379821199377105e-01
1.000000000000000000e+00
1.000000000000000000e+00
1.000000000000000000e+00
9.751480547007138622e-01
1.000000000000000000e+00
1.000000000000000000e+00
9.412719051434254025e-01
9.774553781015338227e-01
1.000000000000000000e+00
1.000000000000000000e+00
1.000000000000000000e+00
1.000000000000000000e+00
1.000000000000000000e+00
1.000000000000000000e+00
9.528980380964787500e+00
-1.822678645327369118e-01
2.600000000000000089e-01
-9.764358401298522949e-03
9.913926647271588122e-01
4.618589337812473716e-01
4.434350035725553307e-01
3.808189696254203338e-01
3.701290474546138909e-01
1.000000000000000000e+00
1.000000000000000000e+00
1.000000000000000000e+00
1.000000000000000000e+00
1.000000000000000000e+00
9.875681005412040303e-01
1.000000000000000000e+00
9.510779248190430746e-01
9.415813251830739139e-01
9.592120458773395475e-01
9.874274762024538576e-01
9.390652468101191586e-01
1.000000000000000000e+00
9.693165675258914593e-01
1.000000000000000000e+00
1.000000000000000000e+00
9.754664082961352900e-01
1.000000000000000000e+00
9.783426210779004872e-01
9.495057802094096999e+00
-1.839054175458074702e-01
2.600000000000000089e-01
9.999874047935009003e-03
9.770560064412920909e-01
4.401382643879406253e-01
4.313938350057968107e-01
3.566762848738886382e-01
4.010713717731911876e-01
9.741181686964061059e-01
9.453542929232998659e-01
9.956204734856378691e-01
1.000000000000000000e+00
9.510198109851623061e-01
9.653100998670484101e-01
1.000000000000000000e+00
1.000000000000000000e+00
9.499037270419752321e-01
1.000000000000000000e+00
1.000000000000000000e+00
9.960013927237827414e-01
1.000000000000000000e+00
9.460258544215182086e-01
1.000000000000000000e+00
1.000000000000000000e+00
9.862329100318715236e-01
1.000000000000000000e+00
1.000000000000000000e+00
9.469547879410614044e+00
-1.827248452054637262e-01
2.599999690055847523e-01
-2.823990583419799805e-02
1.000000000000000000e+00
4.658332128487369661e-01
3.654218845275060135e-01
4.306446291955975947e-01
3.997902401380218906e-01
1.000000000000000000e+00
9.977601432422120720e-01
9.482991644599303438e-01
1.000000000000000000e+00
1.000000000000000000e+00
1.000000000000000000e+00
9.560351560866975351e-01
9.889033010263809098e-01
9.431887513752453822e-01
9.599011075765290224e-01
1.000000000000000000e+00
1.000000000000000000e+00
1.000000000000000000e+00
1.000000000000000000e+00
9.385290065592658548e-01
1.000000000000000000e+00
1.000000000000000000e+00
1.000000000000000000e+00
1.000000000000000000e+00
9.435436747487845111e+00
-1.786799266210628012e-01
2.599999690055847523e-01
-3.995706886053085327e-02
9.372172591314011925e-01
3.674279572778909597e-01
3.649112702642404171e-01
3.368034513776092531e-01
3.556074211704009502e-01
1.000000000000000000e+00
1.000000000000000000e+00
9.510221370538710639e-01
9.535552574574992502e-01
1.000000000000000000e+00
1.000000000000000000e+00
1.000000000000000000e+00
1.000000000000000000e+00
9.458291142505451665e-01
1.000000000000000000e+00
9.790276507206433498e-01
9.616164373043030178e-01
9.692797590543374975e-01
9.708658798042834048e-01
9.864028191957450176e-01
1.000000000000000000e+00
9.989190839326190785e-01
1.000000000000000000e+00
9.290892972671681571e-01
9.401125944511871779e+00
-1.744473918505882182e-01
2.599999380111694403e-01
-4.051544144749641418e-02
1.000000000000000000e+00
4.445385256466966029e-01
4.312086472318427677e-01
4.210882796536754014e-01
3.594212726929112423e-01
1.000000000000000000e+00
9.675687692887769975e-01
9.932982890736756776e-01
9.878821255776960575e-01
9.398578215134161251e-01
9.394942114943238831e-01
9.857274848767229036e-01
9.846978363061099637e-01
1.000000000000000000e+00
9.428775088657663783e-01
1.000000000000000000e+00
1.000000000000000000e+00
1.000000000000000000e+00
9.472590280390658091e-01
9.925487525163826374e-01
9.599894516306998193e-01
9.930110341914544225e-01
9.375593568577966774e-01
9.792683494585359139e-01
9.375581844382548269e+00
-1.704997543173063512e-01
2.599999070167541837e-01
-4.298336058855056763e-02
9.424205047691488479e-01
4.611711386776491950e-01
3.414900964877302658e-01
4.383245335092134654e-01
3.687464509817720559e-01
9.610396243470084032e-01
1.000000000000000000e+00
1.000000000000000000e+00
9.501478180919237237e-01
9.942098255473769131e-01
1.000000000000000000e+00
9.546336651965557918e-01
1.000000000000000000e+00
9.885236054354304969e-01
9.701995277934499784e-01
9.451312588654559033e-01
9.605994320293155253e-01
9.490053496139114753e-01
1.000000000000000000e+00
9.946362608412213646e-01
1.000000000000000000e+00
9.610944472169062891e-01
9.416608893031971350e-01
1.000000000000000000e+00
9.341419806849975416e+00
-1.648654624177461336e-01
2.599999380111694403e-01
-4.715871438384056091e-02
1.000000000000000000e+00
3.692864261870490439e-01
3.695344547482328212e-01
4.321819810529877737e-01
4.107386160999131897e-01
1.000000000000000000e+00
9.824895889320320874e-01
1.000000000000000000e+00
9.998498033815177433e-01
9.482260700639217887e-01
1.000000000000000000e+00
1.000000000000000000e+00
1.000000000000000000e+00
9.533322177072950376e-01
1.000000000000000000e+00
1.000000000000000000e+00
9.413710964979378204e-01
9.598786520801093625e-01
1.000000000000000000e+00
9.385271068523728388e-01
1.000000000000000000e+00
9.839671839401979980e-01
9.526451919491945031e-01
1.000000000000000000e+00
9.315697846493511847e+00
-1.612680044818293190e-01
2.599999380111694403e-01
-4.293382167816162109e-02
9.664654604776520275e-01
3.687693812822208650e-01
3.444333532601538406e-01
3.480450090549410680e-01
4.008498989975672333e-01
9.402259512122431717e-01
1.000000000000000000e+00
1.000000000000000000e+00
9.922900950593026570e-01
1.000000000000000000e+00
9.392717088490843969e-01
1.000000000000000000e+00
1.000000000000000000e+00
1.000000000000000000e+00
9.942186328280211427e-01
9.836823440008942709e-01
9.971368008175444109e-01
9.405940578400256991e-01
1.000000000000000000e+00
9.738543266152334121e-01
9.697770436532913152e-01
9.708611192471551243e-01
1.000000000000000000e+00
9.755059136372655759e-01
9.281626836930504609e+00
-1.557151428613785527e-01
2.599999380111694403e-01
-5.079165846109390259e-02
9.796945388501968610e-01
4.490809746492717136e-01
3.352781926499287524e-01
3.452682404600536659e-01
4.600528496926623023e-01
1.000000000000000000e+00
9.845258813084563077e-01
1.000000000000000000e+00
1.000000000000000000e+00
1.000000000000000000e+00
1.000000000000000000e+00
9.908519069132942780e-01
9.545892519935236242e-01
9.427351779664518983e-01
1.000000000000000000e+00
9.729146827599597369e-01
1.000000000000000000e+00
9.924062015947173743e-01
1.000000000000000000e+00
1.000000000000000000e+00
9.615513029054468808e-01
1.000000000000000000e+00
9.826447848066680590e-01
1.000000000000000000e+00
9.238644378747839170e+00
-1.481241621456348412e-01
2.599999380111694403e-01
-4.438035190105438232e-02
5.007184530075308171e-01
3.803832490148937318e-01
3.787577086083404043e-01
3.622070083071867730e-01
4.324459186957986256e-01
1.000000000000000000e+00
9.461725041614866827e-01
1.000000000000000000e+00
1.000000000000000000e+00
9.876731131266742736e-01
1.000000000000000000e+00
9.552997279853286949e-01
1.000000000000000000e+00
9.675677507466894367e-01
9.389593111611015397e-01
1.000000000000000000e+00
1.000000000000000000e+00
9.686132045495577936e-01
9.592947877717196148e-01
9.528860667782560467e-01
9.734844671866145216e-01
1.000000000000000000e+00
1.000000000000000000e+00
1.000000000000000000e+00
9.195643772454989318e+00
-1.425744684975347454e-01
2.599999380111694403e-01
-3.986340761184692383e-02
4.737557779040225681e-01
3.950161622473392087e-01
3.617116433199151770e-01
4.132827036669449727e-01
4.498251594253878660e-01
9.497640515464373934e-01
1.000000000000000000e+00
9.940328412657662982e-01
1.000000000000000000e+00
1.000000000000000000e+00
9.545940645801321844e-01
9.939898055269340560e-01
9.489516764968293216e-01
9.474065838784621052e-01
9.699975099961007929e-01
9.937532106092133999e-01
9.850260964185648671e-01
9.523180593704239083e-01
1.000000000000000000e+00
9.905599989520564863e-01
9.471674931886858717e-01
9.678330510229251615e-01
9.727384641070653259e-01
9.556234481967662564e-01
9.170008046572526439e+00
-1.399615621152978662e-01
2.599998760223388716e-01
-1.645083166658878326e-02
3.823726833907987177e-01
3.344758982037764894e-01
3.449749217908985588e-01
3.205430241795398372e-01
9.467729834435804070e-01
1.000000000000000000e+00
9.992725644558001497e-01
9.941726570245416061e-01
9.820194816409048011e-01
9.778948977487795791e-01
1.000000000000000000e+00
9.867818194267560239e-01
9.740422967372797114e-01
1.000000000000000000e+00
1.000000000000000000e+00
1.000000000000000000e+00
9.665360628143961907e-01
9.984978690621929553e-01
9.609228380524638125e-01
1.000000000000000000e+00
9.468762155838088557e-01
1.000000000000000000e+00
1.000000000000000000e+00
9.891745980704723662e-01
9.135708903537306469e+00
-1.367401212292378432e-01
2.599999380111694403e-01
-3.372886031866073608e-02
4.108555484845347605e-01
3.252534874745880988e-01
3.938290721575504194e-01
3.540339770966741129e-01
9.621628673814568433e-01
9.696299591197294898e-01
1.000000000000000000e+00
9.826371324967538845e-01
1.000000000000000000e+00
9.382387477636701112e-01
1.000000000000000000e+00
9.425956863916570283e-01
1.000000000000000000e+00
1.000000000000000000e+00
1.000000000000000000e+00
9.784035735410018253e-01
1.000000000000000000e+00
9.833276198991018902e-01
9.922504505722143930e-01
1.000000000000000000e+00
1.000000000000000000e+00
9.785981261193914538e-01
1.000000000000000000e+00
1.000000000000000000e+00
9.109917479239305393e+00
-1.343648506660071185e-01
2.599999690055847523e-01
-3.147347271442413330e-02
4.303283530443241522e-01
4.239666571192855504e-01
2.966314692728864721e-01
4.107781383426041266e-01
9.942340647874378101e-01
9.388133492532666491e-01
9.490517790865929948e-01
1.000000000000000000e+00
9.799238146928251902e-01
1.000000000000000000e+00
9.786486498655558863e-01
1.000000000000000000e+00
1.000000000000000000e+00
1.000000000000000000e+00
9.451175895530126159e-01
9.578715228324948816e-01
9.822654870900683344e-01
9.995338276458048954e-01
1.000000000000000000e+00
1.000000000000000000e+00
1.000000000000000000e+00
1.000000000000000000e+00
9.555378692411471420e-01
1.000000000000000000e+00
9.084209303660543355e+00
-1.316500769973751872e-01
2.599999690055847523e-01
-3.179606422781944275e-02
4.260813348741366857e-01
3.827619955077293801e-01
3.905124051751195924e-01
4.225359071362483898e-01
9.438833171496626706e-01
9.449368293576955180e-01
9.735751056783649160e-01
1.000000000000000000e+00
1.000000000000000000e+00
9.652687712576403234e-01
9.810785055602092575e-01
9.585612528184078718e-01
1.000000000000000000e+00
9.705596946131805902e-01
1.000000000000000000e+00
9.988600908530793632e-01
9.757661677017300805e-01
9.783198050902768284e-01
1.000000000000000000e+00
9.832687404335221926e-01
9.536040693747860342e-01
9.844524599876763871e-01
9.477288994629550212e-01
9.692851845561346602e-01
9.049940615421979473e+00
-1.268013764267670318e-01
2.600000000000000089e-01
-4.138487204909324646e-02
3.263654287999151471e-01
3.762642061314681041e-01
3.949941103275370624e-01
3.819471537282322915e-01
1.000000000000000000e+00
1.000000000000000000e+00
1.000000000000000000e+00
1.000000000000000000e+00
9.804641798549001974e-01
1.000000000000000000e+00
9.981524397382240954e-01
1.000000000000000000e+00
1.000000000000000000e+00
9.913099139909045121e-01
9.486354251015397532e-01
1.000000000000000000e+00
9.725482017299017512e-01
1.000000000000000000e+00
9.990087971350138929e-01
1.000000000000000000e+00
9.409092052423053687e-01
1.000000000000000000e+00
9.950330310743045192e-01
9.504646514234273980e-01
9.024056344647181760e+00
-1.218578459335253328e-01
2.600000000000000089e-01
-5.617881566286087036e-02
4.354620142933141591e-01
3.222692866206197104e-01
3.726325394782636913e-01
4.468822996107720824e-01
1.000000000000000000e+00
9.645364065039608858e-01
1.000000000000000000e+00
1.000000000000000000e+00
9.719947836021926024e-01
1.000000000000000000e+00
1.000000000000000000e+00
9.868552435008844936e-01
9.965663325853103549e-01
1.000000000000000000e+00
1.000000000000000000e+00
9.497693256133041828e-01
9.393912290382345764e-01
1.000000000000000000e+00
9.973152923322883279e-01
9.901085838235136327e-01
9.863941724566001046e-01
1.000000000000000000e+00
9.550214566609406264e-01
1.000000000000000000e+00
8.989452946619360674e+00
-1.161206881403860081e-01
2.599999690055847523e-01
-4.971979185938835144e-02
3.335849871461769589e-01
3.800393231092065727e-01
3.144194929327716048e-01
4.295487617306819605e-01
1.000000000000000000e+00
9.562565179489218581e-01
9.572568895108236608e-01
1.000000000000000000e+00
9.589508672014249724e-01
9.865473217002361794e-01
1.000000000000000000e+00
9.378921886195650259e-01
1.000000000000000000e+00
1.000000000000000000e+00
9.417512398952968544e-01
9.964290060230786006e-01
1.000000000000000000e+00
1.000000000000000000e+00
1.000000000000000000e+00
9.919141972376185334e-01
1.000000000000000000e+00
1.000000000000000000e+00
1.000000000000000000e+00
1.000000000000000000e+00
8.963693469973419425e+00
-1.114650092030919915e-01
2.599999690055847523e-01
-4.175354912877082825e-02
3.313598530358852767e-01
3.909396175947657537e-01
3.537320427751176055e-01
4.552189424767555392e-01
9.980060275134379211e-01
1.000000000000000000e+00
9.684241433510011321e-01
1.000000000000000000e+00
9.987201823961014968e-01
1.000000000000000000e+00
1.000000000000000000e+00
1.000000000000000000e+00
9.766365543555066697e-01
1.000000000000000000e+00
9.398341121982908275e-01
9.887780537792992819e-01
1.000000000000000000e+00
9.512690731322033244e-01
9.891881233754460379e-01
1.000000000000000000e+00
1.000000000000000000e+00
1.000000000000000000e+00
9.929985315572827931e-01
1.000000000000000000e+00
8.929261217747729518e+00
-1.070054928172470277e-01
2.600000000000000089e-01
-2.335884422063827515e-02
3.800312121641157281e-01
3.302982824704524534e-01
4.189858522367032601e-01
3.764799642003437419e-01
9.820039807667714227e-01
9.590905906839386486e-01
1.000000000000000000e+00
1.000000000000000000e+00
1.000000000000000000e+00
1.000000000000000000e+00
1.000000000000000000e+00
9.895162207909614649e-01
1.000000000000000000e+00
9.835646311536805353e-01
1.000000000000000000e+00
1.000000000000000000e+00
9.534789184741790935e-01
1.000000000000000000e+00
1.000000000000000000e+00
1.000000000000000000e+00
9.790647930470938176e-01
1.000000000000000000e+00
9.615334864509250679e-01
1.000000000000000000e+00
8.894887929645365787e+00
-1.040999972024718723e-01
2.599999690055847523e-01
-4.017288610339164734e-02
4.075832751175679780e-01
2.993632212143366167e-01
3.980583757834955105e-01
4.388109551418118981e-01
1.000000000000000000e+00
1.000000000000000000e+00
1.000000000000000000e+00
9.459745784129741653e-01
1.000000000000000000e+00
9.388559953962501980e-01
9.873676790461087815e-01
1.000000000000000000e+00
1.000000000000000000e+00
9.568526260705432218e-01
9.592084438155501491e-01
9.728711880369675935e-01
1.000000000000000000e+00
1.000000000000000000e+00
1.000000000000000000e+00
9.632455181555034107e-01
1.000000000000000000e+00
9.532124735572919949e-01
9.372131951900958269e-01
9.984052689223241739e-01
8.869081506748555555e+00
-1.003483074545861164e-01
2.599999690055847523e-01
-3.711536154150962830e-02
2.933807438702232262e-01
3.124110981309628499e-01
3.191270477591957033e-01
4.659527520331424588e-01
9.564254564700475081e-01
9.454621069653644794e-01
1.000000000000000000e+00
1.000000000000000000e+00
1.000000000000000000e+00
1.000000000000000000e+00
9.506661813634684766e-01
1.000000000000000000e+00
9.600542204000197533e-01
9.410804179833439642e-01
9.379448183923281279e-01
9.490276102787084112e-01
9.964560853193813461e-01
9.663957001680081316e-01
1.000000000000000000e+00
1.000000000000000000e+00
1.000000000000000000e+00
1.000000000000000000e+00
1.000000000000000000e+00
9.689339886857928352e-01
8.843197864648310258e+00
-9.640712947908980368e-02
2.599999690055847523e-01
-3.787160664796829224e-02
3.004473975891941429e-01
2.960811899045330819e-01
3.594556235126699084e-01
4.381962287451147131e-01
9.557951410503247036e-01
1.000000000000000000e+00
1.000000000000000000e+00
9.598543951063872592e-01
1.000000000000000000e+00
9.448924737398921581e-01
9.891354176466213843e-01
9.525344037644726258e-01
9.403725587114558637e-01
9.469498984896022042e-01
9.380973861667286640e-01
9.513753255772774420e-01
9.409538601295176496e-01
1.000000000000000000e+00
9.580025676476048302e-01
9.931435403883572821e-01
9.613658534653778398e-01
9.871651798858719351e-01
9.596270701057694197e-01
9.652980447058278068e-01
8.808446537466824822e+00
-9.363980826206219632e-02
2.600000000000000089e-01
-5.690000951290130615e-03
3.667322741996795199e-01
2.882609491525656709e-01
4.139672057331523214e-01
1.000000000000000000e+00
9.507704178171252352e-01
9.397724476603547261e-01
9.893365369294789824e-01
9.735814757750206327e-01
9.505623486383857346e-01
9.783280133182046256e-01
9.447585396926008183e-01
1.000000000000000000e+00
9.371686878297379453e-01
9.718855883793212636e-01
1.000000000000000000e+00
9.809813469885392267e-01
9.545408477306219774e-01
9.399817869657931535e-01
1.000000000000000000e+00
1.000000000000000000e+00
1.000000000000000000e+00
9.754307338736886157e-01
9.988843397974058735e-01
9.691110856067305379e-01
8.774038960144626031e+00
-9.329696307778556630e-02
2.599999690055847523e-01
-1.288106944411993027e-02
3.318922192865371712e-01
3.170103964682029485e-01
3.532086646410284025e-01
1.000000000000000000e+00
9.953490593986005219e-01
1.000000000000000000e+00
9.825711371152702212e-01
9.602130680385594363e-01
1.000000000000000000e+00
1.000000000000000000e+00
1.000000000000000000e+00
1.000000000000000000e+00
9.701999787989457058e-01
9.758929300300561716e-01
9.439380047612828672e-01
9.761355855692125383e-01
1.000000000000000000e+00
9.886520647812673257e-01
1.000000000000000000e+00
1.000000000000000000e+00
1.000000000000000000e+00
9.398301337678466316e-01
9.941668372470281456e-01
9.795871372402870092e-01
8.748193525935651138e+00
-9.027852449053108685e-02
2.599999380111694403e-01
-3.409898281097412109e-02
2.954105177564366191e-01
3.672311147761681549e-01
3.847740525661373923e-01
9.616196306081139511e-01
9.973498607730849619e-01
1.000000000000000000e+00
9.381010091816669449e-01
9.678913523111253303e-01
1.000000000000000000e+00
9.502943180543964585e-01
9.521415290733273862e-01
1.000000000000000000e+00
9.780349103870873417e-01
1.000000000000000000e+00
9.976053578645082132e-01
9.589706355390603676e-01
9.378460979358271832e-01
1.000000000000000000e+00
1.000000000000000000e+00
9.749287103569705959e-01
1.000000000000000000e+00
1.000000000000000000e+00
1.000000000000000000e+00
1.000000000000000000e+00
8.713694778497432125e+00
-8.545941009610968919e-02
2.599999690055847523e-01
-3.759644553065299988e-02
3.649701357399423585e-01
4.005578131607985815e-01
3.728724611193626748e-01
1.000000000000000000e+00
9.643407247303110719e-01
9.915350621008921506e-01
1.000000000000000000e+00
9.793186584310876741e-01
9.690942445425037022e-01
9.663268012073080726e-01
9.738058373526415901e-01
9.662630546231411044e-01
1.000000000000000000e+00
1.000000000000000000e+00
1.000000000000000000e+00
9.781513639309336039e-01
1.000000000000000000e+00
9.533067613631116544e-01
1.000000000000000000e+00
9.614632871201369557e-01
1.000000000000000000e+00
1.000000000000000000e+00
9.620157760838851102e-01
9.872907510862078961e-01
8.687805474587266374e+00
-8.394685842482418892e-02
2.599999690055847523e-01
-1.769616082310676575e-02
3.641855974878106528e-01
3.509307659911994892e-01
4.159966034090009090e-01
1.000000000000000000e+00
1.000000000000000000e+00
1.000000000000000000e+00
9.519817086280738527e-01
1.000000000000000000e+00
9.887659373375904392e-01
1.000000000000000000e+00
1.000000000000000000e+00
1.000000000000000000e+00
1.000000000000000000e+00
1.000000000000000000e+00
1.000000000000000000e+00
1.000000000000000000e+00
1.000000000000000000e+00
9.831770505587063003e-01
9.832990261921779052e-01
9.620248025077310361e-01
9.386843321891827907e-01
9.471997895483333929e-01
1.000000000000000000e+00
1.000000000000000000e+00
8.661897599524932545e+00
-8.081285073954491693e-02
2.599999380111694403e-01
-4.340215772390365601e-02
3.924101522123141783e-01
2.840442841455553813e-01
3.318251155432257460e-01
9.610377029876620014e-01
9.813974358010073562e-01
1.000000000000000000e+00
1.000000000000000000e+00
1.000000000000000000e+00
1.000000000000000000e+00
9.422126489200041144e-01
1.000000000000000000e+00
1.000000000000000000e+00
1.000000000000000000e+00
1.000000000000000000e+00
1.000000000000000000e+00
9.639040216794425575e-01
9.724031467891337543e-01
9.736069682175957363e-01
9.906626367801243394e-01
1.000000000000000000e+00
1.000000000000000000e+00
1.000000000000000000e+00
9.905590181794911020e-01
9.460422536856627485e-01
8.635956829280345914e+00
-7.641720038982313667e-02
2.599999690055847523e-01
-3.576187416911125183e-02
2.943897704625731970e-01
3.382091190479757925e-01
4.086684219931872586e-01
1.000000000000000000e+00
1.000000000000000000e+00
9.493794513048225969e-01
1.000000000000000000e+00
9.957648402316136016e-01
9.692740528661040189e-01
1.000000000000000000e+00
1.000000000000000000e+00
1.000000000000000000e+00
9.503655951304853522e-01
1.000000000000000000e+00
1.000000000000000000e+00
1.000000000000000000e+00
1.000000000000000000e+00
1.000000000000000000e+00
1.000000000000000000e+00
1.000000000000000000e+00
9.863990564523529292e-01
1.000000000000000000e+00
1.000000000000000000e+00
1.000000000000000000e+00
8.601191880417614399e+00
-7.240045902448644100e-02
2.599999690055847523e-01
-2.993938140571117401e-02
3.022640149583690206e-01
3.834496591737936444e-01
4.518114350031957049e-01
9.762492034130489937e-01
9.712219293793978858e-01
9.595217505398165869e-01
1.000000000000000000e+00
9.418394728164446450e-01
1.000000000000000000e+00
1.000000000000000000e+00
9.672153809520001033e-01
9.807807829753227846e-01
1.000000000000000000e+00
1.000000000000000000e+00
9.497582862736939635e-01
1.000000000000000000e+00
1.000000000000000000e+00
9.798304837686939717e-01
1.000000000000000000e+00
9.612511750471837146e-01
9.456127355863684913e-01
1.000000000000000000e+00
9.905649614391685009e-01
9.540032298566217817e-01
8.566699048832049357e+00
-7.096858607218026194e-02
2.599999690055847523e-01
-1.284239068627357483e-02
3.258626274448138682e-01
3.169357252441539763e-01
4.276813981743508575e-01
1.000000000000000000e+00
1.000000000000000000e+00
1.000000000000000000e+00
9.858842744968860927e-01
1.000000000000000000e+00
9.896137025248249453e-01
9.944115455159258099e-01
1.000000000000000000e+00
1.000000000000000000e+00
9.943584699074798916e-01
9.667907484246777150e-01
9.603492153173227575e-01
1.000000000000000000e+00
9.761521923523892585e-01
9.719023468400332932e-01
9.487397601778937428e-01
1.000000000000000000e+00
1.000000000000000000e+00
1.000000000000000000e+00
1.000000000000000000e+00
1.000000000000000000e+00
8.540800548808798354e+00
-6.805231875977613143e-02
2.599999380111694403e-01
-3.080000355839729309e-02
3.860640897754917256e-01
3.915237433404303302e-01
9.640844157934755909e-01
1.000000000000000000e+00
1.000000000000000000e+00
9.629493155558260797e-01
9.813651404441082748e-01
1.000000000000000000e+00
9.560326735452768787e-01
1.000000000000000000e+00
9.457606854941544849e-01
9.499662111618958349e-01
1.000000000000000000e+00
9.664410878669688065e-01
1.000000000000000000e+00
1.000000000000000000e+00
9.394305676129818261e-01
1.000000000000000000e+00
9.667177640200677047e-01
9.727741474990639903e-01
1.000000000000000000e+00
1.000000000000000000e+00
9.826005088523931397e-01
1.000000000000000000e+00
8.506302080605971483e+00
-6.559877201076513842e-02
2.599999380111694403e-01
-8.202150464057922363e-03
2.988722919891427798e-01
4.278670487743952977e-01
9.909356486754405946e-01
9.922792618664288966e-01
9.510063170089312345e-01
1.000000000000000000e+00
9.457655025501416901e-01
1.000000000000000000e+00
9.417940247932932163e-01
1.000000000000000000e+00
9.494714937090190654e-01
9.664157905522274827e-01
1.000000000000000000e+00
9.591855641815698608e-01
9.427714626105562212e-01
1.000000000000000000e+00
9.885094614484926101e-01
1.000000000000000000e+00
9.455610717872185988e-01
9.756597734423305690e-01
1.000000000000000000e+00
1.000000000000000000e+00
9.957343129304840890e-01
1.000000000000000000e+00
8.480376658270932566e+00
-6.525705212228638530e-02
2.599997520446777344e-01
-1.302067842334508896e-02
3.483792068035108103e-01
3.462118717309437543e-01
9.873098833725456602e-01
1.000000000000000000e+00
9.414487261954083142e-01
1.000000000000000000e+00
1.000000000000000000e+00
9.634980107596849974e-01
1.000000000000000000e+00
1.000000000000000000e+00
9.486715364556287389e-01
1.000000000000000000e+00
1.000000000000000000e+00
1.000000000000000000e+00
1.000000000000000000e+00
9.474244335484227619e-01
9.742555047736944918e-01
1.000000000000000000e+00
9.586768960739048273e-01
1.000000000000000000e+00
1.000000000000000000e+00
1.000000000000000000e+00
1.000000000000000000e+00
1.000000000000000000e+00
8.445623573671401374e+00
-6.265017226956404173e-02
2.599997210502624778e-01
-2.700266987085342407e-02
3.121226619639097533e-01
3.792767155511883592e-01
9.854503426994183357e-01
9.413317288827887097e-01
1.000000000000000000e+00
1.000000000000000000e+00
9.745739513182104519e-01
9.979853380916029471e-01
9.870021895983359661e-01
9.781795151397310040e-01
1.000000000000000000e+00
9.823418653234258224e-01
9.840860372189057514e-01
1.000000000000000000e+00
9.767479282054940537e-01
1.000000000000000000e+00
1.000000000000000000e+00
1.000000000000000000e+00
1.000000000000000000e+00
1.000000000000000000e+00
1.000000000000000000e+00
1.000000000000000000e+00
1.000000000000000000e+00
1.000000000000000000e+00
8.419651432979167183e+00
-6.026689391458583955e-02
2.599997830390930464e-01
-1.661868579685688019e-02
3.200680600905764228e-01
4.229103051082228615e-01
9.529240325903005626e-01
1.000000000000000000e+00
1.000000000000000000e+00
9.389575372984731993e-01
9.689798581407381706e-01
9.419758415267006635e-01
1.000000000000000000e+00
9.646188591758066977e-01
9.418457709096300645e-01
9.989116720365297519e-01
9.877337629371586436e-01
9.754009037051405429e-01
1.000000000000000000e+00
1.000000000000000000e+00
9.983365023857367904e-01
1.000000000000000000e+00
9.816819237232333739e-01
9.790956794682739162e-01
9.408829720994793533e-01
1.000000000000000000e+00
9.464992130028759831e-01
9.793502284754469489e-01
8.385180097582507486e+00
-5.834858504648865463e-02
2.599998140335083030e-01
-2.572271786630153656e-02
3.371078344682308936e-01
4.311795415239579876e-01
9.584113128406558380e-01
1.000000000000000000e+00
1.000000000000000000e+00
9.718670484535464338e-01
1.000000000000000000e+00
1.000000000000000000e+00
1.000000000000000000e+00
1.000000000000000000e+00
1.000000000000000000e+00
1.000000000000000000e+00
1.000000000000000000e+00
9.384411964091080582e-01
9.554093620157845246e-01
9.481006431815551805e-01
9.979740218754018510e-01
9.433002368845794239e-01
9.726882230727404988e-01
1.000000000000000000e+00
1.000000000000000000e+00
1.000000000000000000e+00
1.000000000000000000e+00
9.441918394243502544e-01
8.359208107001601107e+00
-5.772561512361251701e-02
2.599998140335083030e-01
-4.163431935012340546e-03
4.139191516439700291e-01
3.826466966875431974e-01
9.788671875197163530e-01
9.943370656519764372e-01
9.544449375385639645e-01
1.000000000000000000e+00
9.825544897446208958e-01
1.000000000000000000e+00
1.000000000000000000e+00
1.000000000000000000e+00
9.894701350493563252e-01
9.555413403318017140e-01
9.671319096089090461e-01
9.484122527079541509e-01
9.888121185346978592e-01
9.625185520824430796e-01
1.000000000000000000e+00
9.694724163394180527e-01
1.000000000000000000e+00
1.000000000000000000e+00
1.000000000000000000e+00
1.000000000000000000e+00
9.880666823125776599e-01
9.461069838382349939e-01
8.324707725177026063e+00
-5.388977594700250506e-02
2.599998140335083030e-01
-4.436979815363883972e-02
4.067948053470638592e-01
4.051601888116982408e-01
1.000000000000000000e+00
9.640993421547502384e-01
9.621936111558694327e-01
1.000000000000000000e+00
1.000000000000000000e+00
9.928933665447360335e-01
9.552706568603597237e-01
1.000000000000000000e+00
9.919897478513927114e-01
1.000000000000000000e+00
1.000000000000000000e+00
9.671650534591073045e-01
9.858849079301146290e-01
1.000000000000000000e+00
9.799004667208377484e-01
1.000000000000000000e+00
1.000000000000000000e+00
9.657038343337267516e-01
1.000000000000000000e+00
1.000000000000000000e+00
1.000000000000000000e+00
9.618513276363583886e-01
8.289920626279680960e+00
-4.944167693880885395e-02
2.599997830390930464e-01
-2.813544124364852905e-02
3.786768372272967254e-01
1.000000000000000000e+00
1.000000000000000000e+00
1.000000000000000000e+00
9.915160326292419279e-01
1.000000000000000000e+00
9.601868606656104310e-01
9.987146126785481082e-01
1.000000000000000000e+00
9.177872242961379046e-01
1.000000000000000000e+00
1.000000000000000000e+00
9.609593476292460634e-01
9.938739408134713571e-01
9.461669436902525598e-01
1.000000000000000000e+00
9.824210466450656876e-01
9.486006545925732558e-01
1.000000000000000000e+00
1.000000000000000000e+00
9.832993863597546680e-01
1.000000000000000000e+00
1.000000000000000000e+00
9.658534949880479559e-01
8.263932990823869673e+00
-4.755465167463457377e-02
2.599997830390930464e-01
-2.437968924641609192e-02
3.067116701216016095e-01
9.432203016378967186e-01
9.783876174530486969e-01
9.442000531432901411e-01
9.884968776446791949e-01
9.726946436385487393e-01
1.000000000000000000e+00
9.519806434093490699e-01
1.000000000000000000e+00
9.486831260182670977e-01
9.472292020658915623e-01
9.440281868938857901e-01
1.000000000000000000e+00
1.000000000000000000e+00
9.559102228563807202e-01
1.000000000000000000e+00
1.000000000000000000e+00
1.000000000000000000e+00
9.710750130130222368e-01
9.580947823425216558e-01
1.000000000000000000e+00
1.000000000000000000e+00
1.000000000000000000e+00
1.000000000000000000e+00
8.229462383977274698e+00
-4.560679269105438749e-02
2.599999380111694403e-01
6.933299358934164047e-03
3.546388195554160405e-01
1.000000000000000000e+00
1.000000000000000000e+00
1.000000000000000000e+00
1.000000000000000000e+00
9.588626859164801619e-01
1.000000000000000000e+00
9.661307591142848095e-01
9.999710734007235535e-01
8.983239509012289625e-01
9.957307014964252856e-01
1.000000000000000000e+00
9.979151232863328058e-01
1.000000000000000000e+00
9.801856281462597575e-01
1.000000000000000000e+00
9.703072843040192463e-01
1.000000000000000000e+00
9.849700572018535993e-01
9.506664170981488082e-01
9.927272453779391048e-01
9.845092670260932044e-01
9.396960361579157484e-01
9.417846853277349606e-01
8.203499855206343838e+00
-4.648427659263276723e-02
2.599998760223388716e-01
1.242971606552600861e-02
4.412418524613704873e-01
1.000000000000000000e+00
9.685117583003616248e-01
1.000000000000000000e+00
9.579693616238154075e-01
1.000000000000000000e+00
1.000000000000000000e+00
9.834533712343015432e-01
9.765487543230971790e-01
9.623837820627131334e-01
9.625863721561536135e-01
1.000000000000000000e+00
9.438324920118800199e-01
9.902943705463725932e-01
1.000000000000000000e+00
9.581844371494706580e-01
9.491428446842010702e-01
9.761701873546178021e-01
1.000000000000000000e+00
1.000000000000000000e+00
9.647832117955016384e-01
9.488154841253881866e-01
1.000000000000000000e+00
9.508846021604808740e-01
8.160198533934378773e+00
-5.048561867259238056e-02
2.599999380111694403e-01
1.957282051444053650e-02
4.041324918208803463e-01
9.499848424880926734e-01
9.692177734186669946e-01
9.483067846068541362e-01
9.531062449429069661e-01
1.000000000000000000e+00
9.449037786127512106e-01
1.000000000000000000e+00
9.501876115374843224e-01
9.062368652889519760e-01
9.384017646310844896e-01
9.790680695669324862e-01
1.000000000000000000e+00
9.948885538144086604e-01
1.000000000000000000e+00
1.000000000000000000e+00
1.000000000000000000e+00
9.692217621644351189e-01
1.000000000000000000e+00
9.558477467698560659e-01
9.799775955704789210e-01
1.000000000000000000e+00
9.595651669503838521e-01
9.526394124587364010e-01
8.134243005157992812e+00
-5.096621228757181044e-02
2.599999380111694403e-01
-1.622643787413835526e-03
4.305511281195818496e-01
9.414080498765551308e-01
1.000000000000000000e+00
1.000000000000000000e+00
9.772057044653491564e-01
1.000000000000000000e+00
1.000000000000000000e+00
9.441018728494418033e-01
1.000000000000000000e+00
9.469291824718328865e-01
9.224530068822278661e-01
1.000000000000000000e+00
9.856189267019528355e-01
1.000000000000000000e+00
1.000000000000000000e+00
9.971380468924390117e-01
9.835755605557839898e-01
9.748028703400786199e-01
1.000000000000000000e+00
9.982718356088613465e-01
9.535768136011023577e-01
9.517827923521826605e-01
1.000000000000000000e+00
9.910479283269586492e-01
8.099719137277418213e+00
-5.233377919417492308e-02
2.599999380111694403e-01
2.796812169253826141e-02
4.381219063518304035e-01
9.428341808569130622e-01
9.677423151401182144e-01
9.879253154869119813e-01
9.563864368495080814e-01
9.730318400909337972e-01
1.000000000000000000e+00
1.000000000000000000e+00
9.999981341601530405e-01
9.261853443809762165e-01
9.310254100854942205e-01
9.762284233126204969e-01
1.000000000000000000e+00
1.000000000000000000e+00
1.000000000000000000e+00
1.000000000000000000e+00
9.432937220025914282e-01
1.000000000000000000e+00
9.752174202188735874e-01
1.000000000000000000e+00
1.000000000000000000e+00
9.884349819596637277e-01
9.603504703943375187e-01
1.000000000000000000e+00
8.073823514429644632e+00
-5.465380244155815248e-02
2.599999380111694403e-01
8.532707579433917999e-03
4.449929810216324277e-01
1.000000000000000000e+00
9.511075758947846737e-01
1.000000000000000000e+00
1.000000000000000000e+00
9.876646591705330325e-01
9.696305074259579104e-01
1.000000000000000000e+00
9.580371616796516943e-01
8.449502436278596429e-01
9.525545766912580925e-01
9.724779610111101702e-01
1.000000000000000000e+00
1.000000000000000000e+00
9.586505867993250218e-01
9.892469718370924259e-01
9.379697647281350914e-01
1.000000000000000000e+00
1.000000000000000000e+00
1.000000000000000000e+00
9.993239098106390106e-01
1.000000000000000000e+00
9.833243380107691278e-01
9.788121590920290105e-01
8.039331502786231098e+00
-5.590698018037620898e-02
2.599999070167541837e-01
6.641481071710586548e-03
1.000000000000000000e+00
9.514372867253791943e-01
9.967274733682317533e-01
1.000000000000000000e+00
1.000000000000000000e+00
1.000000000000000000e+00
1.000000000000000000e+00
9.737018902746247262e-01
9.685876116954464932e-01
8.683926570802501521e-01
9.020351696194410795e-01
1.000000000000000000e+00
1.000000000000000000e+00
9.789968019206940486e-01
9.577455241739276648e-01
9.395590927183966601e-01
1.000000000000000000e+00
1.000000000000000000e+00
1.000000000000000000e+00
9.827593622767606396e-01
9.760285421092148583e-01
1.000000000000000000e+00
1.000000000000000000e+00
9.403529463502290353e-01
8.013396947089978184e+00
-5.706605978125223189e-02
2.599999070167541837e-01
3.798425942659378052e-02
1.000000000000000000e+00
9.492490602302340319e-01
9.771494416242001435e-01
9.402115719123008697e-01
9.479156485538944299e-01
1.000000000000000000e+00
1.000000000000000000e+00
9.735726766940134835e-01
9.995719807479200858e-01
8.871227378577752898e-01
8.961016353348947305e-01
1.000000000000000000e+00
9.789610571346427648e-01
1.000000000000000000e+00
1.000000000000000000e+00
9.807553512126218065e-01
9.528646065377620600e-01
1.000000000000000000e+00
9.543239683950223151e-01
9.632783272052262147e-01
9.457862218218668904e-01
9.984300762961245690e-01
1.000000000000000000e+00
9.901898267539767096e-01
7.978782681833738621e+00
-5.940794551648842514e-02
2.599999380111694403e-01
-2.453246898949146271e-02
9.749524937853439877e-01
1.000000000000000000e+00
1.000000000000000000e+00
1.000000000000000000e+00
1.000000000000000000e+00
1.000000000000000000e+00
1.000000000000000000e+00
1.000000000000000000e+00
9.869181242494431405e-01
8.874517957891866482e-01
9.935535993765306495e-01
9.680836833943533559e-01
9.780573494831789061e-01
9.772680194817493504e-01
1.000000000000000000e+00
1.000000000000000000e+00
1.000000000000000000e+00
1.000000000000000000e+00
9.441173783658560748e-01
1.000000000000000000e+00
1.000000000000000000e+00
9.638267705154011100e-01
9.460920105321368734e-01
9.941047957044741867e-01
7.952808270458607609e+00
-5.709437662002292413e-02
2.599999380111694403e-01
-3.353163227438926697e-02
9.626335380326569435e-01
9.584502628177685724e-01
1.000000000000000000e+00
1.000000000000000000e+00
1.000000000000000000e+00
9.971810634459010725e-01
9.768584988946441561e-01
9.843807424725323774e-01
1.000000000000000000e+00
7.977515544892836985e-01
9.703272623179853840e-01
1.000000000000000000e+00
1.000000000000000000e+00
1.000000000000000000e+00
9.837602213938312357e-01
1.000000000000000000e+00
9.813601469766813912e-01
1.000000000000000000e+00
9.682078079506293289e-01
1.000000000000000000e+00
1.000000000000000000e+00
9.788727662676075525e-01
9.831504848722211198e-01
9.874970705048166097e-01
7.918301909303595565e+00
-5.239996693073001310e-02
2.599999380111694403e-01
-2.977448701858520508e-02
1.000000000000000000e+00
1.000000000000000000e+00
1.000000000000000000e+00
9.958860927650768913e-01
9.674019263147434211e-01
1.000000000000000000e+00
1.000000000000000000e+00
1.000000000000000000e+00
1.000000000000000000e+00
7.888047441023628981e-01
9.604278574131980273e-01
9.952970758200974100e-01
9.379705757559622104e-01
1.000000000000000000e+00
1.000000000000000000e+00
1.000000000000000000e+00
1.000000000000000000e+00
9.812678486587195215e-01
1.000000000000000000e+00
1.000000000000000000e+00
1.000000000000000000e+00
9.620770981225023055e-01
1.000000000000000000e+00
1.000000000000000000e+00
7.883784538938324538e+00
-4.863400151093522084e-02
2.599999690055847523e-01
-3.010478429496288300e-02
1.000000000000000000e+00
1.000000000000000000e+00
1.000000000000000000e+00
9.856022357411026169e-01
1.000000000000000000e+00
1.000000000000000000e+00
1.000000000000000000e+00
9.717918934449297774e-01
9.454465683414989829e-01
8.025884658517323800e-01
8.816402952432175200e-01
1.000000000000000000e+00
1.000000000000000000e+00
1.000000000000000000e+00
9.820534426870632938e-01
1.000000000000000000e+00
1.000000000000000000e+00
9.590847210765671704e-01
9.940818512024948150e-01
1.000000000000000000e+00
1.000000000000000000e+00
1.000000000000000000e+00
1.000000000000000000e+00
1.000000000000000000e+00
7.857811947519063978e+00
-4.647282961300502890e-02
2.599999380111694403e-01
-2.780486457049846649e-02
9.781838189174704157e-01
9.497707916884224888e-01
9.841420791555625103e-01
1.000000000000000000e+00
1.000000000000000000e+00
1.000000000000000000e+00
1.000000000000000000e+00
9.618192826743373613e-01
1.000000000000000000e+00
8.530334654161498831e-01
8.579452070417257215e-01
9.727741221662890014e-01
1.000000000000000000e+00
1.000000000000000000e+00
9.619458932086787373e-01
1.000000000000000000e+00
1.000000000000000000e+00
9.951603369317131298e-01
1.000000000000000000e+00
1.000000000000000000e+00
9.925734345273743431e-01
9.673926801299300715e-01
9.490263318366808365e-01
9.691351523877752561e-01
7.823009948285897686e+00
-4.344088611902519048e-02
2.599999380111694403e-01
-1.980415359139442444e-02
9.730301213750728317e-01
1.000000000000000000e+00
9.558791738259607706e-01
9.895826755096074345e-01
1.000000000000000000e+00
9.547839553336707752e-01
1.000000000000000000e+00
9.585139655769044920e-01
9.871811927749682969e-01
8.066265830031812412e-01
9.219074710039851794e-01
1.000000000000000000e+00
9.628918843825629015e-01
1.000000000000000000e+00
9.819447160499595872e-01
1.000000000000000000e+00
1.000000000000000000e+00
9.731694753446387125e-01
1.000000000000000000e+00
1.000000000000000000e+00
1.000000000000000000e+00
9.373194432856574165e-01
1.000000000000000000e+00
9.819105123294848969e-01
7.797023070622387309e+00
-4.148070434902217940e-02
2.599999380111694403e-01
-1.346512697637081146e-02
1.000000000000000000e+00
1.000000000000000000e+00
9.581074850936265319e-01
9.647956317478100230e-01
1.000000000000000000e+00
9.427679852610353350e-01
9.954487524038377888e-01
1.000000000000000000e+00
9.768704525896867441e-01
7.810282820793095215e-01
8.410058323812109604e-01
1.000000000000000000e+00
1.000000000000000000e+00
9.520679667391408474e-01
9.481107135391717566e-01
1.000000000000000000e+00
1.000000000000000000e+00
9.589026382048922992e-01
1.000000000000000000e+00
1.000000000000000000e+00
9.796106635615428049e-01
1.000000000000000000e+00
1.000000000000000000e+00
1.000000000000000000e+00
7.762530649334992816e+00
-3.976188858588480812e-02
2.599999690055847523e-01
-2.530548535287380219e-02
1.000000000000000000e+00
9.776368852904058215e-01
9.693446519108823711e-01
9.939209299053921587e-01
1.000000000000000000e+00
9.979404616551211804e-01
9.893434193003922683e-01
1.000000000000000000e+00
1.000000000000000000e+00
8.023851094146156049e-01
9.073221822004372550e-01
9.683012664322665497e-01
9.587723850221576694e-01
1.000000000000000000e+00
9.440562918029116179e-01
1.000000000000000000e+00
9.799656386340894754e-01
9.507287423679505745e-01
1.000000000000000000e+00
9.945702242344207633e-01
9.438801677963887249e-01
1.000000000000000000e+00
1.000000000000000000e+00
1.000000000000000000e+00
7.736514339786552341e+00
-3.800299280543173452e-02
2.599999380111694403e-01
-1.597760617733001709e-02
9.519479848741146943e-01
9.724868255063959799e-01
9.789313027496778785e-01
1.000000000000000000e+00
1.000000000000000000e+00
1.000000000000000000e+00
1.000000000000000000e+00
9.984629648621441422e-01
9.641370324989392282e-01
8.179108976127539288e-01
8.147459137884351943e-01
9.497053595159442585e-01
1.000000000000000000e+00
9.606653534176958775e-01
9.637605167583825905e-01
1.000000000000000000e+00
1.000000000000000000e+00
1.000000000000000000e+00
9.826553344744269891e-01
9.609850247799938128e-01
9.892197734865907366e-01
9.528686295896650060e-01
1.000000000000000000e+00
1.000000000000000000e+00
7.684592399383123329e+00
-3.374949390213322076e-02
2.599999380111694403e-01
-2.281599864363670349e-02
9.899819672099138268e-01
1.000000000000000000e+00
9.929452131862995801e-01
9.732240699908282222e-01
1.000000000000000000e+00
1.000000000000000000e+00
9.514925652975272374e-01
1.000000000000000000e+00
1.000000000000000000e+00
7.895342897704261675e-01
8.251763481195455441e-01
9.821773297015504722e-01
1.000000000000000000e+00
9.922600289014711361e-01
9.801611528176449317e-01
9.487587664937254806e-01
1.000000000000000000e+00
1.000000000000000000e+00
1.000000000000000000e+00
1.000000000000000000e+00
9.997892462729740526e-01
9.521381373502916245e-01
9.639473935986256903e-01
9.809144702513041825e-01
7.658649792486532881e+00
-3.399616796376259131e-02
2.599999070167541837e-01
6.305552553385496140e-03
1.000000000000000000e+00
1.000000000000000000e+00
9.476934145461312076e-01
1.000000000000000000e+00
9.494231089574513005e-01
1.000000000000000000e+00
9.500635862436809242e-01
9.755800202825516410e-01
1.000000000000000000e+00
7.752965065909667164e-01
8.129406951550438576e-01
9.998948467585495603e-01
1.000000000000000000e+00
9.757222192207570810e-01
1.000000000000000000e+00
9.737611394784499996e-01
9.785879455605753785e-01
9.374465341371337468e-01
1.000000000000000000e+00
9.887273166248456979e-01
1.000000000000000000e+00
1.000000000000000000e+00
1.000000000000000000e+00
9.587024988599965880e-01
7.624090734851612261e+00
-3.528238163368113689e-02
2.599999380111694403e-01
1.001552958041429520e-02
9.753496543257603735e-01
9.873129074876635380e-01
1.000000000000000000e+00
1.000000000000000000e+00
9.865546836633407590e-01
1.000000000000000000e+00
9.433806110797525735e-01
1.000000000000000000e+00
9.374532332074536622e-01
7.246505880731881621e-01
7.789015214199491721e-01
9.581246167380701451e-01
9.561815258444853471e-01
1.000000000000000000e+00
9.739862166948626276e-01
1.000000000000000000e+00
1.000000000000000000e+00
1.000000000000000000e+00
9.475218653718922024e-01
9.530460804310086909e-01
1.000000000000000000e+00
9.950613295044342665e-01
1.000000000000000000e+00
9.605104881154741259e-01
7.589303345977296722e+00
-3.599621066048896978e-02
2.599999380111694403e-01
1.087271142750978470e-02
9.933013933256360506e-01
9.798566233842416207e-01
1.000000000000000000e+00
1.000000000000000000e+00
9.668935990441333006e-01
1.000000000000000000e+00
9.431054241812609762e-01
1.000000000000000000e+00
9.473671904778265818e-01
7.975462471090583039e-01
8.295745983220029762e-01
9.855667637013566518e-01
9.888339448277418953e-01
1.000000000000000000e+00
9.965378917226910271e-01
1.000000000000000000e+00
9.547203575908849160e-01
1.000000000000000000e+00
1.000000000000000000e+00
1.000000000000000000e+00
9.898942707889968329e-01
9.420855867697515151e-01
9.570342009595315114e-01
9.419566621311262766e-01
7.563409348635948604e+00
-4.006537822976019569e-02
2.599999070167541837e-01
4.704034328460693359e-02
9.542394371974729506e-01
9.610678753316715950e-01
1.000000000000000000e+00
1.000000000000000000e+00
1.000000000000000000e+00
1.000000000000000000e+00
9.753681111462481068e-01
1.000000000000000000e+00
8.938014555811870654e-01
7.246664297385834175e-01
8.155585821092318222e-01
1.000000000000000000e+00
9.944240930060065375e-01
9.799740801645304700e-01
9.661734448352949922e-01
1.000000000000000000e+00
9.770895643904928818e-01
9.864873558154695354e-01
9.875355082979266896e-01
9.881009209758154777e-01
1.000000000000000000e+00
1.000000000000000000e+00
1.000000000000000000e+00
1.000000000000000000e+00
7.528870629270854486e+00
-4.365689463014321703e-02
2.599999380111694403e-01
-5.827669054269790649e-03
9.829480956159575289e-01
1.000000000000000000e+00
1.000000000000000000e+00
9.496689272244891455e-01
1.000000000000000000e+00
9.902653783305707114e-01
1.000000000000000000e+00
9.519189180331775191e-01
9.245809146800320066e-01
7.662970473005692451e-01
7.876575319333584124e-01
1.000000000000000000e+00
9.605444022659405112e-01
9.931821442361511432e-01
9.854745385352093878e-01
9.823109047276373795e-01
1.000000000000000000e+00
1.000000000000000000e+00
9.639930473582721815e-01
9.462549752951515680e-01
9.872517354953270763e-01
9.899632170445352708e-01
1.000000000000000000e+00
9.642424793439293706e-01
7.503030025078750498e+00
-4.581047773420277025e-02
2.599999070167541837e-01
5.623988434672355652e-02
9.509920349579227272e-01
9.980668264311010063e-01
1.000000000000000000e+00
1.000000000000000000e+00
9.709193294115407991e-01
1.000000000000000000e+00
1.000000000000000000e+00
9.689629002741456665e-01
8.588179678025520403e-01
7.694974807447446663e-01
8.639298727553992308e-01
9.646573455602551750e-01
9.525246212919615818e-01
9.423891517949949392e-01
9.670983288568371083e-01
9.744134554374134227e-01
9.799847983810153762e-01
1.000000000000000000e+00
9.508927077537034922e-01
9.477937502218661825e-01
1.000000000000000000e+00
9.670413431191561271e-01
1.000000000000000000e+00
1.000000000000000000e+00
7.468635824571769000e+00
-5.198606268523331408e-02
2.599999070167541837e-01
2.769593149423599243e-02
1.000000000000000000e+00
1.000000000000000000e+00
1.000000000000000000e+00
9.817814323098607021e-01
9.974578060484354802e-01
9.568588959468676824e-01
9.886823797563664140e-01
9.474525035455071409e-01
7.691996108941993038e-01
8.027980009256724392e-01
8.280133039682174845e-01
9.630261521600678165e-01
1.000000000000000000e+00
9.728731250168262124e-01
1.000000000000000000e+00
9.531376380895124623e-01
9.789914981905578628e-01
9.771664877473302813e-01
9.436677221806278881e-01
9.510487358248418399e-01
1.000000000000000000e+00
9.672417407270257339e-01
1.000000000000000000e+00
9.839194443061470841e-01
7.442704925264211901e+00
-5.426818602660521407e-02
2.599998140335083030e-01
8.174138143658638000e-03
9.878967343504704290e-01
1.000000000000000000e+00
1.000000000000000000e+00
1.000000000000000000e+00
9.867236617952349631e-01
1.000000000000000000e+00
9.995980931742194375e-01
9.503255678958145714e-01
8.548042499231377489e-01
7.608924205263507545e-01
7.906602333160559493e-01
1.000000000000000000e+00
1.000000000000000000e+00
9.541036621007287222e-01
9.463594309995900788e-01
1.000000000000000000e+00
1.000000000000000000e+00
9.669291063458637092e-01
1.000000000000000000e+00
1.000000000000000000e+00
9.916850928588313296e-01
1.000000000000000000e+00
9.402321532901547485e-01
1.000000000000000000e+00
7.407982415907098606e+00
-5.570304859410368792e-02
2.599999070167541837e-01
1.837527938187122345e-02
9.707835642779286678e-01
9.382194873014528813e-01
1.000000000000000000e+00
1.000000000000000000e+00
9.463983544428244965e-01
9.694434055366170089e-01
9.540197763860620572e-01
9.397277043473487579e-01
8.184987885165119215e-01
7.845733350325324595e-01
8.518681542138147877e-01
1.000000000000000000e+00
9.952580719949255528e-01
1.000000000000000000e+00
1.000000000000000000e+00
1.000000000000000000e+00
9.443487870791704708e-01
9.884153636880552707e-01
1.000000000000000000e+00
1.000000000000000000e+00
9.670289461239717221e-01
1.000000000000000000e+00
1.000000000000000000e+00
1.000000000000000000e+00
7.373486549167977522e+00
-5.892770988365736429e-02
2.599998450279236151e-01
3.418833389878273010e-02
1.000000000000000000e+00
9.978936093269095142e-01
1.000000000000000000e+00
1.000000000000000000e+00
9.914482785062211923e-01
9.376924602594398639e-01
1.000000000000000000e+00
1.000000000000000000e+00
7.218564165416260225e-01
7.455739654985907849e-01
8.507264187506499153e-01
1.000000000000000000e+00
1.000000000000000000e+00
1.000000000000000000e+00
1.000000000000000000e+00
1.000000000000000000e+00
9.493219366964763539e-01
9.879044616240354459e-01
1.000000000000000000e+00
1.000000000000000000e+00
1.000000000000000000e+00
9.751560857016726702e-01
1.000000000000000000e+00
9.428346748811768929e-01
7.347611776955742080e+00
-6.379217117860225272e-02
2.599999070167541837e-01
5.197724327445030212e-02
1.000000000000000000e+00
9.414303357708458941e-01
1.000000000000000000e+00
9.393954975001357344e-01
1.000000000000000000e+00
1.000000000000000000e+00
1.000000000000000000e+00
9.430239417250095846e-01
6.857755954724905623e-01
7.857452310920693961e-01
8.494920446362064226e-01
9.786273886412315548e-01
1.000000000000000000e+00
1.000000000000000000e+00
1.000000000000000000e+00
1.000000000000000000e+00
9.769176666290585453e-01
9.931661715477586583e-01
1.000000000000000000e+00
1.000000000000000000e+00
9.423065311189541271e-01
1.000000000000000000e+00
9.438149125316137589e-01
9.990953613642411524e-01
7.313196029530528719e+00
-7.088083293002567231e-02
2.599999380111694403e-01
5.113580450415611267e-02
1.000000000000000000e+00
9.968584265397927302e-01
1.000000000000000000e+00
9.497114447424469530e-01
1.000000000000000000e+00
9.403581204992021991e-01
9.915736558283272384e-01
1.000000000000000000e+00
7.029411517319538172e-01
7.680631305893012017e-01
7.728493660495744377e-01
1.000000000000000000e+00
9.384805700878218193e-01
1.000000000000000000e+00
9.424899972631326506e-01
9.591536184296970413e-01
1.000000000000000000e+00
9.375673195685355621e-01
1.000000000000000000e+00
9.432198622433017876e-01
1.000000000000000000e+00
1.000000000000000000e+00
1.000000000000000000e+00
1.000000000000000000e+00
7.278499381625840314e+00
-7.861368537027457748e-02
2.599999070167541837e-01
7.309231907129287720e-02
9.907520187709470960e-01
1.000000000000000000e+00
1.000000000000000000e+00
9.718736536409309235e-01
9.707620073168536923e-01
1.000000000000000000e+00
1.000000000000000000e+00
1.000000000000000000e+00
6.597060230669617997e-01
7.582779121817344592e-01
8.078116727689959031e-01
1.000000000000000000e+00
1.000000000000000000e+00
1.000000000000000000e+00
1.000000000000000000e+00
1.000000000000000000e+00
9.680474151185866072e-01
9.753094673990956309e-01
1.000000000000000000e+00
9.755638148329220938e-01
1.000000000000000000e+00
9.785865795459839367e-01
9.923963769144771296e-01
1.000000000000000000e+00
7.252758115569535313e+00
-8.336237404498492154e-02
2.599999070167541837e-01
9.960803203284740448e-03
1.000000000000000000e+00
9.664198468819626964e-01
1.000000000000000000e+00
1.000000000000000000e+00
9.713589724403536296e-01
9.513425403522132173e-01
9.499706547001451895e-01
9.836798699957954861e-01
6.157894393029660352e-01
6.755056200723671411e-01
7.580624478142390377e-01
9.466445263800267185e-01
9.679599973515472522e-01
9.472413380798647697e-01
1.000000000000000000e+00
1.000000000000000000e+00
9.592682278009588837e-01
9.823344739205659426e-01
9.764556952773084664e-01
1.000000000000000000e+00
9.914689688661478817e-01
1.000000000000000000e+00
9.838205464490542562e-01
1.000000000000000000e+00
7.218367705648362609e+00
-8.817711250213111640e-02
2.599999070167541837e-01
5.168537050485610962e-02
9.848337298360159142e-01
9.868435675489651837e-01
1.000000000000000000e+00
9.661006435637603529e-01
9.540571483519058038e-01
9.800264675376512136e-01
9.638133705799967199e-01
9.743384096071840972e-01
6.479474791914265897e-01
7.154589475706248924e-01
8.016921167494238665e-01
9.759089593564782561e-01
9.437581245214439196e-01
1.000000000000000000e+00
1.000000000000000000e+00
1.000000000000000000e+00
1.000000000000000000e+00
1.000000000000000000e+00
9.549040523177593220e-01
1.000000000000000000e+00
1.000000000000000000e+00
1.000000000000000000e+00
9.832446464919488704e-01
1.000000000000000000e+00
7.192631338424131826e+00
-9.209938391215777287e-02
2.599998140335083030e-01
1.514063924551010132e-01
9.584486762447957942e-01
1.000000000000000000e+00
1.000000000000000000e+00
1.000000000000000000e+00
9.866376247319752490e-01
1.000000000000000000e+00
1.000000000000000000e+00
9.095939822513470219e-01
5.932918274363602196e-01
7.106877205752964999e-01
7.909802886287135015e-01
1.000000000000000000e+00
9.578977890434917652e-01
9.373346639479354092e-01
1.000000000000000000e+00
9.703459689151624490e-01
1.000000000000000000e+00
9.883015144531029916e-01
1.000000000000000000e+00
9.653644645352967846e-01
1.000000000000000000e+00
1.000000000000000000e+00
9.611522792538672588e-01
9.848422387168060954e-01
7.166839645242434109e+00
-1.058879661921854343e-01
2.599999380111694403e-01
1.106406524777412415e-01
9.846106304879527205e-01
9.773564607649947167e-01
1.000000000000000000e+00
1.000000000000000000e+00
9.848501777164395676e-01
9.837768795616371742e-01
1.000000000000000000e+00
7.139384981596433866e-01
6.053448548272667429e-01
7.026771199245829269e-01
7.783419620254903304e-01
9.811843390542431820e-01
1.000000000000000000e+00
9.995260844881295181e-01
1.000000000000000000e+00
1.000000000000000000e+00
1.000000000000000000e+00
1.000000000000000000e+00
1.000000000000000000e+00
1.000000000000000000e+00
9.816761692120780092e-01
9.625573816035545294e-01
1.000000000000000000e+00
1.000000000000000000e+00
7.132643892148755604e+00
-1.235597654392908140e-01
2.599998450279236151e-01
1.350150257349014282e-01
9.762034959663035139e-01
9.452921896164887539e-01
9.423629277127083537e-01
1.000000000000000000e+00
1.000000000000000000e+00
1.000000000000000000e+00
1.000000000000000000e+00
7.392623441590061573e-01
7.091152221076485462e-01
6.392796123488674320e-01
8.328444596153748991e-01
9.961255970961265804e-01
9.740885747267238326e-01
1.000000000000000000e+00
9.702935144419847502e-01
9.721777886001169433e-01
1.000000000000000000e+00
1.000000000000000000e+00
1.000000000000000000e+00
9.871236875173375891e-01
9.961839796458554774e-01
1.000000000000000000e+00
9.374158378319198404e-01
9.760889134765606823e-01
7.107164977998159827e+00
-1.398150666851099011e-01
2.599999380111694403e-01
1.867524832487106323e-01
1.000000000000000000e+00
1.000000000000000000e+00
9.601390467654825622e-01
1.000000000000000000e+00
1.000000000000000000e+00
1.000000000000000000e+00
1.000000000000000000e+00
6.953766238474495820e-01
6.677406895994412173e-01
7.088098178623941648e-01
1.000000000000000000e+00
9.871128697921385253e-01
9.392775732663125599e-01
9.629272205018750697e-01
1.000000000000000000e+00
1.000000000000000000e+00
9.857459338255213366e-01
1.000000000000000000e+00
1.000000000000000000e+00
1.000000000000000000e+00
9.885180568681439794e-01
1.000000000000000000e+00
9.938246715984714319e-01
1.000000000000000000e+00
7.072885337239892323e+00
-1.623795873282642965e-01
2.599999690055847523e-01
1.484485566616058350e-01
1.000000000000000000e+00
9.629366999139968852e-01
9.646054095883120905e-01
9.550203898797455793e-01
9.881717144040436107e-01
9.701551864568823680e-01
9.707057743385455462e-01
6.453237658677078992e-01
6.265266080625956358e-01
7.088879524027487111e-01
9.897252772302651547e-01
9.737075106633427124e-01
1.000000000000000000e+00
9.568270995605467899e-01
1.000000000000000000e+00
9.922570841385924822e-01
9.711492978399345333e-01
1.000000000000000000e+00
1.000000000000000000e+00
9.789694750986933647e-01
1.000000000000000000e+00
9.917140362941886389e-01
1.000000000000000000e+00
9.923121758215855959e-01
7.047758972742576233e+00
-1.683473992782542616e-01
2.599999690055847523e-01
-1.158504188060760498e-01
9.675852915500510187e-01
9.514161372129458227e-01
9.926817036800965610e-01
1.000000000000000000e+00
1.000000000000000000e+00
1.000000000000000000e+00
9.816272027744028517e-01
5.604254486801792945e-01
5.914965976271423509e-01
7.323303539814649543e-01
9.647954954198494359e-01
9.986790835458764226e-01
9.838575049239282055e-01
1.000000000000000000e+00
1.000000000000000000e+00
9.443771981790607395e-01
9.386489354483371628e-01
1.000000000000000000e+00
9.780434744418819992e-01
1.000000000000000000e+00
9.803558372760233786e-01
1.000000000000000000e+00
9.749387383421739273e-01
9.548082208074850641e-01
7.022628525406770628e+00
-1.639709624752936357e-01
2.599999070167541837e-01
-3.307275846600532532e-02
9.526923931036510584e-01
1.000000000000000000e+00
1.000000000000000000e+00
1.000000000000000000e+00
9.774749780631922791e-01
9.450029067434264629e-01
9.488499676438476582e-01
6.327188695670054042e-01
6.884212145607062627e-01
6.578705693119298870e-01
1.000000000000000000e+00
9.865682221128458940e-01
9.938817289322060544e-01
1.000000000000000000e+00
1.000000000000000000e+00
1.000000000000000000e+00
1.000000000000000000e+00
1.000000000000000000e+00
9.997684178603416516e-01
1.000000000000000000e+00
9.743934525538068270e-01
9.653098746326450597e-01
9.881360352798828073e-01
1.000000000000000000e+00
6.988623471061577774e+00
-1.639623184152734225e-01
2.599998760223388716e-01
3.639956191182136536e-02
1.000000000000000000e+00
1.000000000000000000e+00
1.000000000000000000e+00
1.000000000000000000e+00
9.907891356033363683e-01
1.000000000000000000e+00
1.000000000000000000e+00
5.755190032115408139e-01
5.779268247379573120e-01
7.051622583045507042e-01
1.000000000000000000e+00
9.493517003045274238e-01
9.671907102024341896e-01
1.000000000000000000e+00
9.586499641457083554e-01
1.000000000000000000e+00
9.712801220284458248e-01
9.541908288684242123e-01
1.000000000000000000e+00
9.678947630873615537e-01
1.000000000000000000e+00
1.000000000000000000e+00
9.668358294630586824e-01
9.627809786860993535e-01
6.954474936334343660e+00
-1.682731968979860326e-01
2.599999690055847523e-01
1.909473910927772522e-02
1.000000000000000000e+00
1.000000000000000000e+00
9.983442864057160415e-01
9.877042995408551462e-01
9.638115291179876198e-01
1.000000000000000000e+00
1.000000000000000000e+00
6.031628994055215909e-01
6.006272869443637363e-01
7.454001030698040875e-01
1.000000000000000000e+00
9.712800006113520013e-01
9.937209366266754884e-01
1.000000000000000000e+00
1.000000000000000000e+00
9.822710566429497803e-01
9.775805944313539220e-01
9.862593483196775423e-01
9.579777303821410683e-01
1.000000000000000000e+00
9.707563360972768507e-01
9.393231234763932402e-01
1.000000000000000000e+00
9.623827936483315693e-01
6.928901256095904237e+00
-1.706126419804525618e-01
2.599999070167541837e-01
-9.291448630392551422e-03
1.000000000000000000e+00
9.559826804655690013e-01
9.392517953550086895e-01
1.000000000000000000e+00
1.000000000000000000e+00
9.715461397565681168e-01
1.000000000000000000e+00
5.334320148869796663e-01
6.073309286497580173e-01
7.052049193344794853e-01
9.670847111756036840e-01
9.989163849498501335e-01
9.873745681235293059e-01
9.993770185566146491e-01
1.000000000000000000e+00
9.865910055726446748e-01
9.944401264104448801e-01
9.795442604399917652e-01
1.000000000000000000e+00
1.000000000000000000e+00
1.000000000000000000e+00
1.000000000000000000e+00
9.533471004570518437e-01
1.000000000000000000e+00
6.894661663057070733e+00
-1.650476175070516582e-01
2.599999690055847523e-01
-7.948051393032073975e-02
1.000000000000000000e+00
9.433810319694752033e-01
1.000000000000000000e+00
1.000000000000000000e+00
9.788032051563292368e-01
1.000000000000000000e+00
1.000000000000000000e+00
5.385835738911669557e-01
6.268418831989951423e-01
6.701546248283883900e-01
1.000000000000000000e+00
9.778927146111471291e-01
1.000000000000000000e+00
9.822563354977306149e-01
1.000000000000000000e+00
9.749343703951129925e-01
1.000000000000000000e+00
9.512901587680488991e-01
9.752679597399956934e-01
9.665523338983449397e-01
9.497207361554174110e-01
1.000000000000000000e+00
1.000000000000000000e+00
9.470856062380804685e-01
6.860438806620662966e+00
-1.640793070479209526e-01
2.599998760223388716e-01
4.748618975281715393e-02
1.000000000000000000e+00
1.000000000000000000e+00
9.637137611332067255e-01
1.000000000000000000e+00
1.000000000000000000e+00
1.000000000000000000e+00
7.800620231461319332e-01
5.228375174960153693e-01
5.914803530421978150e-01
6.438310810853220545e-01
1.000000000000000000e+00
9.810801080039539546e-01
9.646466623745624247e-01
1.000000000000000000e+00
1.000000000000000000e+00
9.561392067849000531e-01
1.000000000000000000e+00
1.000000000000000000e+00
1.000000000000000000e+00
9.741594921527986228e-01
1.000000000000000000e+00
1.000000000000000000e+00
9.448272873352753232e-01
9.951163788812066313e-01
6.826412093422655758e+00
-1.701899928890471259e-01
2.599999380111694403e-01
2.757594361901283264e-02
9.510367740410202719e-01
9.656113174761629114e-01
1.000000000000000000e+00
1.000000000000000000e+00
9.790722267175729909e-01
1.000000000000000000e+00
8.275576448406237740e-01
5.860938062736106291e-01
6.413681445424652683e-01
6.193771389585551734e-01
9.713423700274796957e-01
1.000000000000000000e+00
9.521415265360207991e-01
9.929609817535911542e-01
9.761898817872028955e-01
1.000000000000000000e+00
1.000000000000000000e+00
1.000000000000000000e+00
1.000000000000000000e+00
9.693935684237003914e-01
1.000000000000000000e+00
9.909415587496006594e-01
9.760247572647822167e-01
9.854577213404106528e-01
6.801059175060850670e+00
-1.776503177327741767e-01
2.599999380111694403e-01
1.013329103589057922e-01
1.000000000000000000e+00
1.000000000000000000e+00
1.000000000000000000e+00
9.555646534606819786e-01
1.000000000000000000e+00
1.000000000000000000e+00
6.776467536227166466e-01
5.368453948001038478e-01
5.611698285686939069e-01
6.298492709279790436e-01
1.000000000000000000e+00
1.000000000000000000e+00
9.426776373933151154e-01
1.000000000000000000e+00
9.446544944011285860e-01
1.000000000000000000e+00
9.829203948553061343e-01
1.000000000000000000e+00
9.635702591864683253e-01
9.934798228426536815e-01
1.000000000000000000e+00
1.000000000000000000e+00
1.000000000000000000e+00
1.000000000000000000e+00
6.775566178383571447e+00
-1.882045199490214316e-01
2.599999690055847523e-01
1.060504764318466187e-01
1.000000000000000000e+00
9.791511458894875952e-01
1.000000000000000000e+00
1.000000000000000000e+00
1.000000000000000000e+00
9.740352489624639620e-01
6.445508376987924004e-01
5.719084641957195014e-01
5.911349744279561502e-01
6.992542255224757364e-01
1.000000000000000000e+00
9.411548013766559695e-01
9.417161329010335091e-01
1.000000000000000000e+00
9.502003192245384033e-01
1.000000000000000000e+00
9.401361214337297101e-01
9.577808393130509135e-01
1.000000000000000000e+00
9.615328001037575234e-01
1.000000000000000000e+00
9.892372797575239574e-01
1.000000000000000000e+00
9.388317096322201794e-01
6.741392141358951484e+00
-2.048807406493020622e-01
2.599999690055847523e-01
1.307626515626907349e-01
1.000000000000000000e+00
1.000000000000000000e+00
9.752582334269499498e-01
1.000000000000000000e+00
9.773766355652540039e-01
9.941462205782300998e-01
5.880397426026998664e-01
6.117042381938471163e-01
6.150938309461304598e-01
6.779249718430611082e-01
1.000000000000000000e+00
1.000000000000000000e+00
1.000000000000000000e+00
9.608521211910623361e-01
9.374752671047396069e-01
1.000000000000000000e+00
1.000000000000000000e+00
9.601484491405718469e-01
1.000000000000000000e+00
9.385094627146662871e-01
9.842859624361847137e-01
9.724964975956499336e-01
1.000000000000000000e+00
9.920791692047342680e-01
6.707664323027691111e+00
-2.163574693212013678e-01
2.600000000000000089e-01
3.887384757399559021e-02
9.859931501427937617e-01
1.000000000000000000e+00
9.938007684316538803e-01
9.736038292705174735e-01
1.000000000000000000e+00
1.000000000000000000e+00
5.981661352826400657e-01
6.082964373967059135e-01
5.455015046786776400e-01
6.428686149469834410e-01
1.000000000000000000e+00
9.564321173336388648e-01
9.846228494987105950e-01
1.000000000000000000e+00
9.848450718230049583e-01
9.997356500851255490e-01
9.732317295217493003e-01
9.555422321153831389e-01
1.000000000000000000e+00
1.000000000000000000e+00
9.985446208428955250e-01
1.000000000000000000e+00
9.733834353905953529e-01
9.565932160736609902e-01
6.682304639845388472e+00
-2.161653244688110931e-01
2.600000000000000089e-01
-3.489222005009651184e-02
1.000000000000000000e+00
1.000000000000000000e+00
1.000000000000000000e+00
9.776259330344915233e-01
9.960120455855964172e-01
9.760197863829255249e-01
5.857592084943512578e-01
5.708785994738477809e-01
5.371168755960067376e-01
6.172408629834186256e-01
9.842141907274948309e-01
1.000000000000000000e+00
1.000000000000000000e+00
9.377517965106856312e-01
9.664195682798347731e-01
1.000000000000000000e+00
9.765440757725286636e-01
9.400258815212737540e-01
1.000000000000000000e+00
9.384760699349266044e-01
9.661857364758702493e-01
1.000000000000000000e+00
9.467317695696165769e-01
9.957839876539230639e-01
6.648402192337886873e+00
-2.208419423427581130e-01
2.599999690055847523e-01
9.206260740756988525e-02
9.664697815839281558e-01
1.000000000000000000e+00
9.800568104290208193e-01
9.966185550701938123e-01
1.000000000000000000e+00
1.000000000000000000e+00
4.615169016039621375e-01
5.657945773753710883e-01
6.428700434438601174e-01
1.000000000000000000e+00
1.000000000000000000e+00
9.492722739194906501e-01
9.880586836804072792e-01
9.948741736769772803e-01
9.583192486102831698e-01
9.657793248507793304e-01
9.998917647117853136e-01
1.000000000000000000e+00
1.000000000000000000e+00
9.654001510902620042e-01
9.929606390904606172e-01
9.800684185427327444e-01
1.000000000000000000e+00
9.838346988851304209e-01
6.623145942434595312e+00
-2.337801841718087914e-01
2.600000000000000089e-01
1.318644136190414429e-01
9.589797031903849467e-01
1.000000000000000000e+00
1.000000000000000000e+00
9.602145711638593317e-01
1.000000000000000000e+00
9.505211825256335567e-01
5.351131636978930795e-01
4.998237481086512113e-01
6.278240208591440163e-01
9.403484392853280749e-01
9.417586908797298539e-01
1.000000000000000000e+00
9.942093018156193951e-01
9.683874973759938332e-01
1.000000000000000000e+00
1.000000000000000000e+00
9.457848906016216306e-01
1.000000000000000000e+00
9.935596606139911469e-01
1.000000000000000000e+00
9.442238288855989703e-01
1.000000000000000000e+00
1.000000000000000000e+00
1.000000000000000000e+00
6.597990026036566036e+00
-2.328039892612108197e-01
2.600000000000000089e-01
-2.333821207284927368e-01
9.816547098803323212e-01
9.518554073806043681e-01
9.572323945651838306e-01
1.000000000000000000e+00
9.521977281412979943e-01
1.000000000000000000e+00
4.632063333055235210e-01
5.873128791009525340e-01
5.933632761284491908e-01
6.275322491696434524e-01
1.000000000000000000e+00
1.000000000000000000e+00
1.000000000000000000e+00
1.000000000000000000e+00
1.000000000000000000e+00
1.000000000000000000e+00
9.643043064349200444e-01
9.536529177123552747e-01
9.887616377280622482e-01
1.000000000000000000e+00
1.000000000000000000e+00
1.000000000000000000e+00
9.710511282311384829e-01
1.000000000000000000e+00
6.555384923857614510e+00
-2.148813396790498764e-01
2.599999690055847523e-01
-1.196095440536737442e-02
9.858340195210647527e-01
9.624523708532629618e-01
9.864003950715488633e-01
9.676982676563501418e-01
9.784583185470685507e-01
1.000000000000000000e+00
5.114302006602732265e-01
5.666991874863712697e-01
5.610959513869441251e-01
6.126945980359596033e-01
1.000000000000000000e+00
9.642899965639919468e-01
9.546207839004113849e-01
9.433116299415714723e-01
1.000000000000000000e+00
1.000000000000000000e+00
1.000000000000000000e+00
1.000000000000000000e+00
9.593194283812556122e-01
9.682390999338220672e-01
1.000000000000000000e+00
9.690040591036522821e-01
9.706935401954016607e-01
9.975463776952350203e-01
6.529764623999212425e+00
-2.201988665008012269e-01
2.600000000000000089e-01
1.096536293625831604e-01
1.000000000000000000e+00
1.000000000000000000e+00
1.000000000000000000e+00
9.453903337348729119e-01
1.000000000000000000e+00
7.753531858390132481e-01
4.833598352392985409e-01
5.107827475340097623e-01
5.106395263741432267e-01
9.600161443608332679e-01
1.000000000000000000e+00
1.000000000000000000e+00
9.548987855872520525e-01
1.000000000000000000e+00
1.000000000000000000e+00
9.668241652280203935e-01
9.657762009662613778e-01
1.000000000000000000e+00
1.000000000000000000e+00
1.000000000000000000e+00
9.689959941034128610e-01
9.792620162543934637e-01
9.477251032991296231e-01
9.693224213390025934e-01
6.496334710135532653e+00
-2.372488626158166802e-01
2.600000000000000089e-01
1.314029246568679810e-01
9.984358826955238575e-01
1.000000000000000000e+00
9.943397327149360310e-01
9.503836793299583752e-01
1.000000000000000000e+00
5.462551038495696565e-01
4.434753111641914769e-01
5.779208527316577193e-01
5.575543994841187789e-01
9.515916669020905161e-01
1.000000000000000000e+00
1.000000000000000000e+00
9.817384234140005272e-01
1.000000000000000000e+00
9.427593963530978005e-01
9.945283247711689256e-01
9.439199256961743334e-01
9.532830957797314708e-01
1.000000000000000000e+00
1.000000000000000000e+00
1.000000000000000000e+00
1.000000000000000000e+00
9.895486496009721078e-01
1.000000000000000000e+00
6.471201486462519803e+00
-2.512394818680876440e-01
2.600000000000000089e-01
1.329124569892883301e-01
1.000000000000000000e+00
9.677159459223158011e-01
1.000000000000000000e+00
9.777597392395956932e-01
1.000000000000000000e+00
4.310936240159182753e-01
4.495226721577765261e-01
5.250618767151543631e-01
5.166254918460916334e-01
9.731404837701370658e-01
1.000000000000000000e+00
9.379752701709254126e-01
1.000000000000000000e+00
9.391653793842716924e-01
1.000000000000000000e+00
9.585066842839256029e-01
9.948255116066934134e-01
1.000000000000000000e+00
9.423886351243602189e-01
1.000000000000000000e+00
9.574336834240704253e-01
9.490082271201972786e-01
1.000000000000000000e+00
1.000000000000000000e+00
6.437561647421984112e+00
-2.740889517482276716e-01
2.600000000000000089e-01
1.937145739793777466e-01
1.000000000000000000e+00
1.000000000000000000e+00
9.568959397553647994e-01
1.000000000000000000e+00
1.000000000000000000e+00
5.332533139909775288e-01
4.312827059884506986e-01
4.812455103109526400e-01
6.047172910701466009e-01
1.000000000000000000e+00
1.000000000000000000e+00
9.710044876235253142e-01
9.475663522512326464e-01
9.823113484329323297e-01
1.000000000000000000e+00
1.000000000000000000e+00
9.846628799527887832e-01
9.902543828538165060e-01
1.000000000000000000e+00
9.852229843402728893e-01
1.000000000000000000e+00
1.000000000000000000e+00
9.728557070238437188e-01
9.588300803975872144e-01
6.412807816291784313e+00
-2.965815765824255656e-01
2.600000000000000089e-01
2.768212258815765381e-01
1.000000000000000000e+00
9.665667803444838446e-01
1.000000000000000000e+00
1.000000000000000000e+00
9.564692972129437143e-01
5.259265751959684154e-01
5.295638086567406866e-01
5.262843529179687119e-01
6.210320686061761020e-01
9.491688152454538230e-01
1.000000000000000000e+00
9.543807483180586360e-01
1.000000000000000000e+00
9.596234478033850435e-01
1.000000000000000000e+00
1.000000000000000000e+00
1.000000000000000000e+00
1.000000000000000000e+00
9.665270163350834220e-01
9.782256469514560848e-01
9.452943225354024648e-01
9.786708649614349609e-01
9.877670701006753262e-01
9.733661644693952786e-01
6.388346928505263200e+00
-3.257720971751862926e-01
2.600000000000000089e-01
2.837472259998321533e-01
1.000000000000000000e+00
1.000000000000000000e+00
9.904945579221102747e-01
1.000000000000000000e+00
4.515076608830370652e-01
5.386044882696799929e-01
4.529955667276369113e-01
5.623198993626420394e-01
1.000000000000000000e+00
1.000000000000000000e+00
9.597088991545547065e-01
9.989707564687950736e-01
1.000000000000000000e+00
1.000000000000000000e+00
9.541153903780860146e-01
1.000000000000000000e+00
9.792477535690802259e-01
1.000000000000000000e+00
1.000000000000000000e+00
9.647033029975179419e-01
9.763898030901995151e-01
1.000000000000000000e+00
9.548777888153735516e-01
9.849907892296548839e-01
6.355965646436321670e+00
-3.589192100526306106e-01
2.600000000000000089e-01
1.829789727926254272e-01
9.880974297368263493e-01
1.000000000000000000e+00
1.000000000000000000e+00
9.659634804942410780e-01
5.040386177467551798e-01
5.213349992254686649e-01
4.941245895181168857e-01
4.698303008797423685e-01
9.730341301611643567e-01
1.000000000000000000e+00
9.932961579015858744e-01
1.000000000000000000e+00
9.632101558658358043e-01
9.725489584008091271e-01
1.000000000000000000e+00
1.000000000000000000e+00
1.000000000000000000e+00
1.000000000000000000e+00
1.000000000000000000e+00
9.767026415339781220e-01
1.000000000000000000e+00
9.440794456634551413e-01
9.404693457064426942e-01
1.000000000000000000e+00
6.323461971884414723e+00
-3.646314112443995725e-01
2.600000000000000089e-01
-1.054451540112495422e-01
9.730917673007674074e-01
1.000000000000000000e+00
1.000000000000000000e+00
1.000000000000000000e+00
4.409835441331596551e-01
5.101190967875811610e-01
4.602633327440504574e-01
5.484739067999722106e-01
1.000000000000000000e+00
1.000000000000000000e+00
9.628549833011422754e-01
9.987354669068607693e-01
1.000000000000000000e+00
1.000000000000000000e+00
1.000000000000000000e+00
9.781092652664052922e-01
1.000000000000000000e+00
9.728002244192200942e-01
1.000000000000000000e+00
9.871877961892084885e-01
1.000000000000000000e+00
9.709813352760514604e-01
1.000000000000000000e+00
9.375838105113266652e-01
6.299159082996303560e+00
-3.581181976645586573e-01
2.600000000000000089e-01
-6.902448832988739014e-02
9.445210894740621033e-01
1.000000000000000000e+00
9.535609088967638147e-01
9.485386602830517822e-01
4.728731368141028679e-01
4.359165811202211915e-01
5.437158317354892079e-01
5.695317544666645970e-01
9.883723386221484608e-01
9.965232876716786370e-01
1.000000000000000000e+00
9.529184577915408294e-01
9.395832310764162809e-01
9.501789232745460057e-01
9.768955993622355782e-01
9.866217237550564123e-01
1.000000000000000000e+00
9.438736933988447486e-01
1.000000000000000000e+00
1.000000000000000000e+00
1.000000000000000000e+00
9.442277480743577200e-01
1.000000000000000000e+00
1.000000000000000000e+00
6.266416818485534002e+00
-3.527754289864666326e-01
2.600000000000000089e-01
-4.536736384034156799e-02
1.000000000000000000e+00
9.552399730055292082e-01
1.000000000000000000e+00
9.613655439461821217e-01
4.883010739175482895e-01
4.342110912125626832e-01
4.655406232612542827e-01
5.186241640908834105e-01
1.000000000000000000e+00
1.000000000000000000e+00
9.768116415679710673e-01
1.000000000000000000e+00
1.000000000000000000e+00
9.580293284549180610e-01
9.660522138067662024e-01
1.000000000000000000e+00
9.454673409173549592e-01
1.000000000000000000e+00
1.000000000000000000e+00
9.568889101738538017e-01
1.000000000000000000e+00
9.971515429078124937e-01
9.765259521964306799e-01
9.821133804729631489e-01
6.241906999652303334e+00
-3.459990621560362634e-01
2.600000000000000089e-01
-9.515237808227539062e-02
1.000000000000000000e+00
9.436029535563452697e-01
1.000000000000000000e+00
9.410790381971454455e-01
4.560176241327728031e-01
4.586578727449657222e-01
4.665325678397851950e-01
5.586387185698549196e-01
1.000000000000000000e+00
1.000000000000000000e+00
1.000000000000000000e+00
1.000000000000000000e+00
9.978219281970970300e-01
9.608443688840688779e-01
1.000000000000000000e+00
9.578932468108815046e-01
9.594880119314336264e-01
1.000000000000000000e+00
9.794037065194433067e-01
1.000000000000000000e+00
1.000000000000000000e+00
9.659844765571165004e-01
1.000000000000000000e+00
9.676441759306325663e-01
6.201304127080837780e+00
-3.416292495806283469e-01
2.600000000000000089e-01
-8.686722721904516220e-04
9.771657073178794395e-01
1.000000000000000000e+00
9.943456046341555554e-01
9.570205699470946126e-01
3.815811031796154107e-01
4.737567331872792886e-01
4.813644162125439996e-01
4.782814577552194635e-01
9.858737134072149688e-01
9.917244717241604501e-01
9.944786370061072800e-01
1.000000000000000000e+00
1.000000000000000000e+00
1.000000000000000000e+00
1.000000000000000000e+00
9.903024635921402474e-01
1.000000000000000000e+00
9.729478778099924785e-01
1.000000000000000000e+00
1.000000000000000000e+00
9.958729690769034804e-01
1.000000000000000000e+00
1.000000000000000000e+00
1.000000000000000000e+00
6.168461208331018852e+00
-3.432580517574241874e-01
2.600000000000000089e-01
-6.113947369158267975e-03
1.000000000000000000e+00
9.744546522673650513e-01
1.000000000000000000e+00
1.000000000000000000e+00
4.352934503559954260e-01
4.124497608671845450e-01
4.229803866459063699e-01
4.559906506247782820e-01
1.000000000000000000e+00
1.000000000000000000e+00
1.000000000000000000e+00
9.808399076677065676e-01
1.000000000000000000e+00
1.000000000000000000e+00
1.000000000000000000e+00
9.623733103822543766e-01
9.517618291424073673e-01
1.000000000000000000e+00
1.000000000000000000e+00
9.734270562929953075e-01
9.797114455123491217e-01
9.384211614010901092e-01
9.790792240257409906e-01
1.000000000000000000e+00
6.144031993766114752e+00
-3.450949559054015126e-01
2.600000000000000089e-01
6.696773320436477661e-02
9.607669291537985767e-01
1.000000000000000000e+00
1.000000000000000000e+00
1.000000000000000000e+00
4.098764389513285811e-01
4.668242542105082160e-01
4.519269391226872767e-01
4.754597742884959510e-01
9.934516527930628005e-01
9.535737494671021608e-01
9.867029678013674587e-01
9.948387166872192378e-01
1.000000000000000000e+00
1.000000000000000000e+00
9.734678463922932234e-01
1.000000000000000000e+00
9.567735639219590027e-01
9.864477186628073380e-01
1.000000000000000000e+00
9.859882931773108483e-01
1.000000000000000000e+00
9.681388293001962353e-01
9.725279271831540617e-01
1.000000000000000000e+00
6.111825891873040817e+00
-3.578680352962080313e-01
2.600000000000000089e-01
1.050806641578674316e-01
9.940967110902124704e-01
9.661038431413254690e-01
1.000000000000000000e+00
1.000000000000000000e+00
4.580292288775090759e-01
4.241329822140641470e-01
4.592470319799710210e-01
4.765651433541643889e-01
9.704526318557143982e-01
1.000000000000000000e+00
1.000000000000000000e+00
1.000000000000000000e+00
1.000000000000000000e+00
9.441173579367136970e-01
1.000000000000000000e+00
1.000000000000000000e+00
9.874774433046219491e-01
1.000000000000000000e+00
9.771051524530218746e-01
1.000000000000000000e+00
9.396209258723392521e-01
1.000000000000000000e+00
9.408829125108895131e-01
9.758164105554607559e-01
6.087614160528705298e+00
-3.681090587636948186e-01
2.600000000000000089e-01
7.380729168653488159e-02
1.000000000000000000e+00
9.736141466078713780e-01
1.000000000000000000e+00
4.166126972894968472e-01
4.103805757731930903e-01
4.334366657111309862e-01
4.250958703313690301e-01
4.962045576351937215e-01
1.000000000000000000e+00
1.000000000000000000e+00
9.561185078014601268e-01
1.000000000000000000e+00
9.776890116985627044e-01
9.674970603025307980e-01
1.000000000000000000e+00
1.000000000000000000e+00
1.000000000000000000e+00
1.000000000000000000e+00
9.986707359195277078e-01
1.000000000000000000e+00
1.000000000000000000e+00
9.974915376870266970e-01
9.666990697753147233e-01
1.000000000000000000e+00
6.055403033914075195e+00
-3.794068810346122866e-01
2.600000000000000089e-01
6.534394621849060059e-02
1.000000000000000000e+00
9.776404233717137515e-01
1.000000000000000000e+00
4.470021969799010120e-01
3.890385411332942800e-01
4.787424969662303909e-01
5.129569967394113084e-01
1.000000000000000000e+00
9.664588651869833180e-01
1.000000000000000000e+00
1.000000000000000000e+00
1.000000000000000000e+00
9.895243398790094513e-01
9.786674268322198555e-01
1.000000000000000000e+00
1.000000000000000000e+00
1.000000000000000000e+00
9.529781859921829801e-01
1.000000000000000000e+00
9.875657475463086588e-01
9.628111906419418720e-01
9.418875083103860346e-01
9.901142581915501895e-01
1.000000000000000000e+00
6.031405166514161031e+00
-3.899730317880396591e-01
2.600000000000000089e-01
1.254795044660568237e-01
9.866010652770539346e-01
9.735585543531584118e-01
1.000000000000000000e+00
4.555061149765556872e-01
3.630489656487360661e-01
4.346641203197395553e-01
4.666891854275605489e-01
1.000000000000000000e+00
1.000000000000000000e+00
9.663159292640122189e-01
9.897607837399741149e-01
1.000000000000000000e+00
9.394518087499060810e-01
9.453963035368112555e-01
1.000000000000000000e+00
9.412778812167700293e-01
9.523157314378141169e-01
1.000000000000000000e+00
1.000000000000000000e+00
1.000000000000000000e+00
9.634781512337310394e-01
9.490618260184957578e-01
9.551209611986333226e-01
1.000000000000000000e+00
5.999543443254983899e+00
-3.969135551938278716e-01
2.600000000000000089e-01
-1.157529577612876892e-01
9.620385222885017296e-01
1.000000000000000000e+00
1.000000000000000000e+00
4.092328033877711269e-01
3.865132739736999445e-01
3.883907505678863004e-01
4.354025805414686312e-01
1.000000000000000000e+00
9.893564618015850964e-01
1.000000000000000000e+00
1.000000000000000000e+00
1.000000000000000000e+00
1.000000000000000000e+00
9.385839045622306198e-01
9.967455821378159442e-01
9.875524357248325336e-01
9.822585278645525886e-01
9.834607139920554797e-01
1.000000000000000000e+00
9.447745465758058403e-01
1.000000000000000000e+00
1.000000000000000000e+00
1.000000000000000000e+00
9.882150055498225560e-01
5.975444794651307845e+00
-3.909561444235651884e-01
2.600000000000000089e-01
-5.979066714644432068e-02
1.000000000000000000e+00
9.846142802976570740e-01
9.465535273912830672e-01
4.446477821191515689e-01
4.596827657999901229e-01
3.943218415863814497e-01
4.498824056268525551e-01
1.000000000000000000e+00
9.379305959204415899e-01
1.000000000000000000e+00
9.727953228180922229e-01
9.778654384803813215e-01
9.454925578399056008e-01
9.819114360464007429e-01
1.000000000000000000e+00
1.000000000000000000e+00
9.884111896129327279e-01
9.644443155507806953e-01
9.767703967692547007e-01
9.532393591289943791e-01
9.525862357323516827e-01
1.000000000000000000e+00
1.000000000000000000e+00
1.000000000000000000e+00
5.951402610819273242e+00
-3.870021997274721848e-01
2.600000000000000089e-01
-1.071018818765878677e-02
9.872133915212482069e-01
9.888337172949813736e-01
3.905790045293686674e-01
3.800362807158157996e-01
4.711875253073996572e-01
4.469635480484220325e-01
4.209890663237479402e-01
9.467993245222954268e-01
9.465178750172968947e-01
1.000000000000000000e+00
9.843297537957382826e-01
9.619134817076867572e-01
9.691393160017639508e-01
9.747543709020148883e-01
9.912329178053406187e-01
1.000000000000000000e+00
1.000000000000000000e+00
9.890134180567928812e-01
1.000000000000000000e+00
9.775025079333860001e-01
1.000000000000000000e+00
9.402740550190965552e-01
1.000000000000000000e+00
1.000000000000000000e+00
5.919466668292705513e+00
-3.866102917620914958e-01
2.600000000000000089e-01
-2.587644010782241821e-02
1.000000000000000000e+00
1.000000000000000000e+00
4.387082156986287229e-01
3.430351772862868520e-01
4.577422507543103536e-01
3.655997822798430219e-01
4.419329707280361119e-01
1.000000000000000000e+00
1.000000000000000000e+00
9.845936932422124643e-01
1.000000000000000000e+00
9.674573668415028527e-01
9.794640726058793101e-01
1.000000000000000000e+00
1.000000000000000000e+00
1.000000000000000000e+00
9.455248414986874295e-01
1.000000000000000000e+00
9.428210467331146205e-01
9.605448119671662344e-01
9.586355098500597416e-01
1.000000000000000000e+00
9.414496470692611529e-01
9.633275533768150822e-01
5.887457130041973130e+00
-3.896274727142632344e-01
2.600000000000000089e-01
3.552263230085372925e-02
1.000000000000000000e+00
9.939246260215829354e-01
3.774583406894979065e-01
4.489323765835245283e-01
3.805473921996466724e-01
4.027466439031460732e-01
4.600223342392743553e-01
1.000000000000000000e+00
1.000000000000000000e+00
1.000000000000000000e+00
9.514124816680854524e-01
1.000000000000000000e+00
9.966388221240055634e-01
9.871044923792376968e-01
9.466676029410825421e-01
9.942478929484106498e-01
1.000000000000000000e+00
1.000000000000000000e+00
9.474626043130205399e-01
9.632772799307515177e-01
9.532231158241980529e-01
1.000000000000000000e+00
1.000000000000000000e+00
1.000000000000000000e+00
5.863394757054484430e+00
-3.947067245896587195e-01
2.600000000000000089e-01
3.493686020374298096e-02
9.586552574060871468e-01
1.000000000000000000e+00
4.411496856612987516e-01
4.035638420441611252e-01
3.920833853976432026e-01
4.434040950423970284e-01
4.823883464005226385e-01
1.000000000000000000e+00
9.989989324524219949e-01
9.916807234737387011e-01
9.561120087809095169e-01
1.000000000000000000e+00
9.903113141997293978e-01
1.000000000000000000e+00
1.000000000000000000e+00
1.000000000000000000e+00
1.000000000000000000e+00
9.841492907540866364e-01
9.517287767647116814e-01
1.000000000000000000e+00
1.000000000000000000e+00
1.000000000000000000e+00
9.972177174007380573e-01
9.432136541131851404e-01
5.831398898130152553e+00
-4.002109328826093382e-01
2.600000000000000089e-01
1.925011537969112396e-02
9.542898742042200677e-01
9.568669640701583656e-01
3.432679744065286753e-01
3.746699537267998426e-01
4.234776401941753865e-01
3.915889616909476456e-01
4.831464074271422660e-01
1.000000000000000000e+00
9.784679307303668638e-01
9.562266523659742612e-01
9.565705351503474008e-01
1.000000000000000000e+00
1.000000000000000000e+00
1.000000000000000000e+00
9.856690766490793232e-01
1.000000000000000000e+00
9.834371914847570562e-01
1.000000000000000000e+00
1.000000000000000000e+00
1.000000000000000000e+00
9.567980931421022905e-01
1.000000000000000000e+00
1.000000000000000000e+00
9.413121723642909888e-01
5.799641206938972005e+00
-4.045692453676421607e-01
2.600000000000000089e-01
4.865624010562896729e-03
9.891219165562076254e-01
1.000000000000000000e+00
4.329956270116838146e-01
4.094409671307121523e-01
4.049542173213084295e-01
4.028909269537886972e-01
3.762734596485443617e-01
1.000000000000000000e+00
1.000000000000000000e+00
9.436309989743819626e-01
1.000000000000000000e+00
1.000000000000000000e+00
1.000000000000000000e+00
1.000000000000000000e+00
1.000000000000000000e+00
9.513844682059537927e-01
1.000000000000000000e+00
1.000000000000000000e+00
1.000000000000000000e+00
1.000000000000000000e+00
9.727813114832823960e-01
9.592105580458522018e-01
9.404938178222528311e-01
1.000000000000000000e+00
5.767850186452933237e+00
-4.101285223829029825e-01
2.600000000000000089e-01
3.168130666017532349e-02
1.000000000000000000e+00
4.031763418211523620e-01
3.628595182110611050e-01
4.355686671796470399e-01
3.996427556385221402e-01
3.956185071748537507e-01
9.486382108722271056e-01
9.674005496082743738e-01
9.559458832869242029e-01
1.000000000000000000e+00
1.000000000000000000e+00
9.822563848277735543e-01
9.680956695746241181e-01
9.538320449145520907e-01
1.000000000000000000e+00
9.720401750609154456e-01
1.000000000000000000e+00
1.000000000000000000e+00
9.775589942850118064e-01
1.000000000000000000e+00
1.000000000000000000e+00
1.000000000000000000e+00
9.389111201659795514e-01
1.000000000000000000e+00
5.744098152195963536e+00
-4.155424386183330654e-01
2.600000000000000089e-01
5.076598003506660461e-02
9.600457341530395095e-01
4.040593951513624105e-01
4.405491458176097885e-01
3.206960013799132203e-01
4.454412386078457353e-01
4.446974316463316312e-01
1.000000000000000000e+00
9.501230698694582699e-01
1.000000000000000000e+00
9.910774337558353464e-01
9.880301812481840917e-01
1.000000000000000000e+00
1.000000000000000000e+00
1.000000000000000000e+00
9.993484293971447441e-01
1.000000000000000000e+00
1.000000000000000000e+00
9.825213655781184219e-01
9.837145038929634433e-01
1.000000000000000000e+00
9.642398032873977787e-01
1.000000000000000000e+00
9.806306779061728651e-01
9.568862415084372630e-01
5.712493332328405060e+00
-4.169756108146542850e-01
2.600000000000000089e-01
-2.829517796635627747e-02
1.000000000000000000e+00
3.413107834529245932e-01
4.422057057146484005e-01
3.372702015546101828e-01
3.837139230522202960e-01
4.115600202841799837e-01
1.000000000000000000e+00
1.000000000000000000e+00
1.000000000000000000e+00
1.000000000000000000e+00
1.000000000000000000e+00
9.611116371046611873e-01
9.922129712457513628e-01
9.766037234092829200e-01
1.000000000000000000e+00
9.736051404995570424e-01
1.000000000000000000e+00
9.772743985932861310e-01
1.000000000000000000e+00
9.719058954696745412e-01
9.969567992135791590e-01
1.000000000000000000e+00
1.000000000000000000e+00
1.000000000000000000e+00
5.688668510434957248e+00
-4.162950867514849662e-01
2.600000000000000089e-01
-2.801765128970146179e-02
1.000000000000000000e+00
4.337650721659763176e-01
3.428252363446310791e-01
3.300125566328139248e-01
4.146733815836062265e-01
3.296325861861622575e-01
1.000000000000000000e+00
1.000000000000000000e+00
1.000000000000000000e+00
9.708194642620319170e-01
9.663306308380723575e-01
1.000000000000000000e+00
9.945159465404671550e-01
9.681942861300854020e-01
1.000000000000000000e+00
9.669779252774989287e-01
9.821794788002363719e-01
1.000000000000000000e+00
9.623432452645120927e-01
1.000000000000000000e+00
9.658011654871145879e-01
9.594504221192965421e-01
1.000000000000000000e+00
9.946093311628526612e-01
5.664879076217675724e+00
-4.150414539824112126e-01
2.600000000000000089e-01
-2.099102362990379333e-02
1.000000000000000000e+00
3.441380657414100375e-01
3.434263079426280174e-01
4.013815403817365124e-01
3.834693887392028877e-01
3.749757473778869143e-01
9.509524306236556423e-01
1.000000000000000000e+00
1.000000000000000000e+00
1.000000000000000000e+00
1.000000000000000000e+00
9.769514308365575550e-01
9.788919720044263473e-01
9.656377042973763869e-01
9.863411054760430341e-01
1.000000000000000000e+00
1.000000000000000000e+00
1.000000000000000000e+00
1.000000000000000000e+00
9.604217218394293099e-01
9.373440769392397121e-01
9.598086883634195932e-01
9.384334858096226029e-01
1.000000000000000000e+00
5.633297981127146414e+00
-4.148830659661828513e-01
2.600000000000000089e-01
-1.789260096848011017e-02
9.909393217037062440e-01
3.826434837487070473e-01
3.398929190944869339e-01
3.313582437159591776e-01
3.361655798231050762e-01
3.509728806335901674e-01
1.000000000000000000e+00
9.446320936785800315e-01
1.000000000000000000e+00
9.698812748118700311e-01
9.509250881138456846e-01
9.989217898766801218e-01
1.000000000000000000e+00
9.818916195871946195e-01
9.441113649121041229e-01
1.000000000000000000e+00
1.000000000000000000e+00
1.000000000000000000e+00
9.930873060101135241e-01
9.657032837634195177e-01
1.000000000000000000e+00
1.000000000000000000e+00
1.000000000000000000e+00
9.956561867295202761e-01
5.609516172538071999e+00
-4.152078179738225572e-01
2.600000000000000089e-01
-1.852844841778278351e-02
3.941149976622586038e-01
4.174026648653224592e-01
3.711375829017390382e-01
3.254348809716617330e-01
3.086117104862469707e-01
3.830610591936448595e-01
1.000000000000000000e+00
1.000000000000000000e+00
1.000000000000000000e+00
1.000000000000000000e+00
1.000000000000000000e+00
9.698246946170023808e-01
9.737451787723658825e-01
1.000000000000000000e+00
1.000000000000000000e+00
9.512206576045774131e-01
1.000000000000000000e+00
9.550907429699529994e-01
9.931046594937853467e-01
9.476920579599951155e-01
1.000000000000000000e+00
1.000000000000000000e+00
1.000000000000000000e+00
9.961005397884445944e-01
5.577811361538053347e+00
-4.159075460920593770e-01
2.600000000000000089e-01
-6.910119671374559402e-03
4.108663561861832236e-01
4.042935199370364940e-01
2.977189864451747492e-01
4.112654881752791924e-01
3.203689371224716642e-01
3.856139962308297031e-01
1.000000000000000000e+00
9.535019394746966359e-01
1.000000000000000000e+00
1.000000000000000000e+00
9.878420584131957227e-01
1.000000000000000000e+00
9.604374509927137149e-01
9.657115663560943419e-01
9.949012770133129901e-01
1.000000000000000000e+00
1.000000000000000000e+00
9.962822012398306892e-01
9.740196722890397396e-01
9.793082350474024977e-01
1.000000000000000000e+00
9.691673831507809922e-01
9.901205514031957700e-01
9.914448314228346826e-01
5.554084715629132418e+00
-4.171775321115145374e-01
2.600000000000000089e-01
3.565416438505053520e-03
3.381000648001111775e-01
4.092558399917068379e-01
3.150518718365266091e-01
3.707751853816557697e-01
3.963179533637282703e-01
3.840500146311748297e-01
9.497837878550806634e-01
9.785845420832418595e-01
1.000000000000000000e+00
1.000000000000000000e+00
1.000000000000000000e+00
1.000000000000000000e+00
9.785442099101803182e-01
1.000000000000000000e+00
1.000000000000000000e+00
9.389602666696498234e-01
9.679178296088029043e-01
9.903852895546563229e-01
9.862059761334807106e-01
9.836475907723932766e-01
1.000000000000000000e+00
9.439377409387252893e-01
1.000000000000000000e+00
9.488420680899521953e-01
5.530400581237640445e+00
-4.195129136973769768e-01
2.600000000000000089e-01
3.070756793022155762e-04
3.762560037649836930e-01
3.746833407000892402e-01
3.179009106498273951e-01
3.427678231328171732e-01
3.538930283668141885e-01
3.506771485057301740e-01
9.568001496829329211e-01
9.663283492889200854e-01
1.000000000000000000e+00
9.933682478848165909e-01
9.557480072487267719e-01
1.000000000000000000e+00
1.000000000000000000e+00
9.514909115424465824e-01
9.623023496579696801e-01
9.833690099990438638e-01
1.000000000000000000e+00
1.000000000000000000e+00
1.000000000000000000e+00
1.000000000000000000e+00
1.000000000000000000e+00
1.000000000000000000e+00
9.444377651956964437e-01
1.000000000000000000e+00
5.490736112180688799e+00
-4.239221381334967731e-01
2.600000000000000089e-01
9.101712144911289215e-03
3.873821024728808515e-01
4.029568217472562774e-01
3.588271573291665351e-01
3.146024767341387696e-01
3.939936246865305414e-01
3.670096042189516239e-01
1.000000000000000000e+00
9.848017164090258069e-01
1.000000000000000000e+00
9.675715621882171602e-01
1.000000000000000000e+00
9.916365566866666148e-01
1.000000000000000000e+00
9.665843241134456365e-01
1.000000000000000000e+00
9.420078948675837394e-01
1.000000000000000000e+00
9.778246746272544199e-01
9.627012976524150778e-01
9.396551404076280978e-01
9.836839646551676086e-01
1.000000000000000000e+00
9.475823153727919168e-01
9.470885969751795530e-01
5.467081913862230635e+00
-4.263370827022558984e-01
2.600000000000000089e-01
1.507277507334947586e-02
4.346128441025217670e-01
3.460964460912412943e-01
3.006162133626069655e-01
3.520229516879435638e-01
3.116523965650492278e-01
9.383449511673782606e-01
1.000000000000000000e+00
1.000000000000000000e+00
9.607959239795317297e-01
9.519348511996270634e-01
9.720381049817555796e-01
1.000000000000000000e+00
1.000000000000000000e+00
1.000000000000000000e+00
9.766045353790390182e-01
1.000000000000000000e+00
1.000000000000000000e+00
9.777012701547928009e-01
9.934451667727773883e-01
9.771580823735893651e-01
9.495288546338069846e-01
1.000000000000000000e+00
9.987735842628993055e-01
9.999634982010475737e-01
5.435730695260262202e+00
-4.299973322194530212e-01
2.600000000000000089e-01
-4.242985043674707413e-03
3.338489125585669681e-01
4.172866781423897331e-01
3.573322869365486154e-01
3.672915647486427182e-01
3.745261925931234748e-01
9.622989398475033651e-01
1.000000000000000000e+00
9.835874985808941151e-01
1.000000000000000000e+00
1.000000000000000000e+00
1.000000000000000000e+00
9.773740848433989381e-01
9.849183038996794926e-01
9.455067366339663382e-01
1.000000000000000000e+00
9.391489065573871420e-01
9.640328449137224309e-01
9.404221787642708108e-01
9.464821519443252784e-01
1.000000000000000000e+00
1.000000000000000000e+00
1.000000000000000000e+00
1.000000000000000000e+00
9.493406115968928694e-01
5.419891176877038141e+00
-4.296799681746277244e-01
2.600000000000000089e-01
-5.553139746189117432e-02
3.943285923074660304e-01
3.644421252281348500e-01
3.568450806262264963e-01
3.670526934835835475e-01
3.480204576328030930e-01
9.773122883865915655e-01
9.374855827121143514e-01
9.601148803101825502e-01
1.000000000000000000e+00
9.632267621979374583e-01
1.000000000000000000e+00
1.000000000000000000e+00
1.000000000000000000e+00
1.000000000000000000e+00
1.000000000000000000e+00
9.398660962690722487e-01
9.755803793638896382e-01
1.000000000000000000e+00
9.649297616213898809e-01
1.000000000000000000e+00
9.830379615155716566e-01
1.000000000000000000e+00
9.949341372280668949e-01
1.000000000000000000e+00
5.372396737825302360e+00
-4.201270534754435459e-01
2.599999690055847523e-01
-8.390276134014129639e-02
4.221189549319985246e-01
3.111424225100158369e-01
3.384173146049597181e-01
3.458028603721020611e-01
2.988596433017795539e-01
9.570915826772686819e-01
9.522954078260130739e-01
1.000000000000000000e+00
1.000000000000000000e+00
9.993126557050997505e-01
9.913514631160859070e-01
1.000000000000000000e+00
1.000000000000000000e+00
9.801226657262992470e-01
1.000000000000000000e+00
9.890079196180561194e-01
9.768215438127848538e-01
1.000000000000000000e+00
9.742311531053158280e-01
9.469437954431556559e-01
1.000000000000000000e+00
1.000000000000000000e+00
1.000000000000000000e+00
9.412962714609228732e-01
5.340819189979947090e+00
-4.135910242431801720e-01
2.599999690055847523e-01
-5.696954205632209778e-02
3.239220639611676833e-01
2.943902263708295108e-01
2.906319091422875922e-01
3.628555482465826154e-01
3.072660015842202941e-01
9.481509676030153155e-01
1.000000000000000000e+00
9.572924694612000573e-01
9.527399671182268381e-01
9.744607657917676580e-01
1.000000000000000000e+00
9.953086448577793677e-01
9.498741032519223415e-01
9.911707397457815150e-01
1.000000000000000000e+00
9.527280010892099638e-01
9.743259230334745391e-01
9.513225263256395170e-01
1.000000000000000000e+00
9.802430747288441992e-01
9.442649327163543660e-01
9.759638203331467698e-01
1.000000000000000000e+00
1.000000000000000000e+00
5.316957052547258478e+00
-4.113736639180021193e-01
2.599999690055847523e-01
-3.738487139344215393e-02
3.714395096885894643e-01
3.248621154940120603e-01
3.633959174252641700e-01
2.715884246237909028e-01
3.295111999082239174e-01
1.000000000000000000e+00
1.000000000000000000e+00
9.966003495545807667e-01
1.000000000000000000e+00
1.000000000000000000e+00
1.000000000000000000e+00
9.679803152344333972e-01
9.678019317224342277e-01
9.721622785305171766e-01
1.000000000000000000e+00
9.762197015654180410e-01
9.633053975803042013e-01
1.000000000000000000e+00
9.633691455159277828e-01
9.596703684963117098e-01
9.992920188585000529e-01
9.555180632061951451e-01
9.471538011812106195e-01
9.507412120834265457e-01
5.284913578416015945e+00
-4.097344803426312687e-01
2.599999380111694403e-01
-2.119452133774757385e-02
3.255808953735169209e-01
3.499323813755906287e-01
3.252957283482230122e-01
2.563042549392821612e-01
1.000000000000000000e+00
1.000000000000000000e+00
1.000000000000000000e+00
1.000000000000000000e+00
9.452603520663159786e-01
1.000000000000000000e+00
1.000000000000000000e+00
1.000000000000000000e+00
1.000000000000000000e+00
1.000000000000000000e+00
1.000000000000000000e+00
9.814061740206004858e-01
1.000000000000000000e+00
1.000000000000000000e+00
9.733032760335913469e-01
1.000000000000000000e+00
9.684323955604658973e-01
1.000000000000000000e+00
1.000000000000000000e+00
1.000000000000000000e+00
5.261148025595946187e+00
-4.075223278022503948e-01
2.599999690055847523e-01
-5.575520917773246765e-02
3.691563665780722148e-01
3.482226990151387480e-01
3.281133454632229052e-01
3.398210484233702977e-01
1.000000000000000000e+00
1.000000000000000000e+00
9.579785778142811958e-01
1.000000000000000000e+00
9.541638624495522025e-01
9.959068059422436781e-01
9.925193178354350110e-01
1.000000000000000000e+00
9.725815703882193519e-01
9.938380095346451837e-01
1.000000000000000000e+00
1.000000000000000000e+00
9.610420924986823321e-01
1.000000000000000000e+00
9.604788042727543385e-01
9.875541869004386131e-01
9.965196676076221172e-01
9.443825614689335124e-01
9.407832091147326770e-01
9.710174435633426304e-01
5.229376458618009593e+00
-4.039341762458268370e-01
2.599996590614319092e-01
-4.137395694851875305e-02
3.367874952801866439e-01
3.592621294693895129e-01
2.728324969954208368e-01
2.667196726129384965e-01
1.000000000000000000e+00
9.908017827411707001e-01
9.923172040514858239e-01
1.000000000000000000e+00
1.000000000000000000e+00
9.551448362078628351e-01
9.513346009734316988e-01
1.000000000000000000e+00
1.000000000000000000e+00
9.480368477510264791e-01
9.533121195419759220e-01
1.000000000000000000e+00
1.000000000000000000e+00
1.000000000000000000e+00
9.655816286131828630e-01
9.504375050377863454e-01
9.945255436162383500e-01
9.965226095329983158e-01
1.000000000000000000e+00
9.566769692369853084e-01
5.197374944003335884e+00
-3.971226532820151256e-01
2.599998450279236151e-01
-8.120968937873840332e-02
3.989382381287299717e-01
3.501748777179198302e-01
3.513700257174230956e-01
3.087420332876100182e-01
1.000000000000000000e+00
9.949134833229510422e-01
1.000000000000000000e+00
1.000000000000000000e+00
9.484957410525153287e-01
9.767955747624761376e-01
9.641475883174411843e-01
9.651418930522487338e-01
1.000000000000000000e+00
9.765643084465251977e-01
9.625671623969147550e-01
9.405008202852837007e-01
9.518506935060938590e-01
1.000000000000000000e+00
9.477343575097274542e-01
1.000000000000000000e+00
1.000000000000000000e+00
1.000000000000000000e+00
9.913775441493234419e-01
1.000000000000000000e+00
5.173369164112870067e+00
-3.925395441933052787e-01
2.599991941452026722e-01
-3.657312318682670593e-02
3.397960604671535489e-01
3.085357004182071594e-01
2.663324815110011956e-01
2.491512158665469545e-01
1.000000000000000000e+00
1.000000000000000000e+00
1.000000000000000000e+00
1.000000000000000000e+00
9.575621920384348451e-01
9.553942217323639907e-01
1.000000000000000000e+00
1.000000000000000000e+00
9.517058706153612713e-01
1.000000000000000000e+00
1.000000000000000000e+00
9.649306408337569030e-01
1.000000000000000000e+00
1.000000000000000000e+00
9.400724946661177528e-01
9.424818614537500139e-01
1.000000000000000000e+00
1.000000000000000000e+00
1.000000000000000000e+00
1.000000000000000000e+00
5.141196523230444626e+00
-3.885637729942876817e-01
2.599997520446777344e-01
-6.405027955770492554e-02
3.864943859706735929e-01
3.296152602516715935e-01
2.618173826696059137e-01
2.380549289806344337e-01
9.875841820269337656e-01
9.978681061240328720e-01
1.000000000000000000e+00
1.000000000000000000e+00
1.000000000000000000e+00
1.000000000000000000e+00
1.000000000000000000e+00
9.720700506381784178e-01
9.449159725743173643e-01
9.393095138072918848e-01
1.000000000000000000e+00
1.000000000000000000e+00
1.000000000000000000e+00
1.000000000000000000e+00
1.000000000000000000e+00
9.791153951662939781e-01
1.000000000000000000e+00
9.707196517912904943e-01
1.000000000000000000e+00
1.000000000000000000e+00
5.109087530623000362e+00
-3.894602348502922418e-01
2.599986052513122425e-01
3.228529542684555054e-02
3.466894938111271252e-01
3.178240988230490727e-01
3.205608242855543244e-01
3.379413434385853399e-01
1.000000000000000000e+00
1.000000000000000000e+00
1.000000000000000000e+00
9.940972770433974537e-01
9.417211790328573473e-01
1.000000000000000000e+00
9.556353573036303617e-01
9.839921244317265669e-01
9.570340911736827660e-01
9.739177882330480873e-01
9.731289727413610091e-01
1.000000000000000000e+00
9.803946223535106030e-01
1.000000000000000000e+00
1.000000000000000000e+00
9.654396472888439051e-01
9.686124595214335997e-01
1.000000000000000000e+00
9.917293314559003647e-01
1.000000000000000000e+00
5.077187277586669545e+00
-3.956696950278124625e-01
2.599998760223388716e-01
2.792104519903659821e-02
3.037189615839753776e-01
2.511800951914505697e-01
2.623923367755853220e-01
3.828803837520474707e-01
9.776225318588086521e-01
1.000000000000000000e+00
9.481112874362331855e-01
1.000000000000000000e+00
9.660165492855652403e-01
9.489769550323445824e-01
1.000000000000000000e+00
9.561360311010946855e-01
1.000000000000000000e+00
9.958937941087487866e-01
9.527630195790942613e-01
9.932803608721120225e-01
9.712845519243009651e-01
9.633328776462205534e-01
1.000000000000000000e+00
1.000000000000000000e+00
9.945577444741536821e-01
9.561491654287640474e-01
9.929911222832090711e-01
9.973555442972253937e-01
5.053292781768676356e+00
-3.990797666130654342e-01
2.599998450279236151e-01
5.924836266785860062e-03
2.734971793613721891e-01
3.002895599795690207e-01
3.534274220302220937e-01
4.917007742019299799e-01
1.000000000000000000e+00
9.676120301784022493e-01
1.000000000000000000e+00
1.000000000000000000e+00
9.704003985015343670e-01
1.000000000000000000e+00
1.000000000000000000e+00
9.510836655508526638e-01
9.847134324390642846e-01
1.000000000000000000e+00
1.000000000000000000e+00
1.000000000000000000e+00
9.919499430193023937e-01
1.000000000000000000e+00
1.000000000000000000e+00
1.000000000000000000e+00
9.406095350975771652e-01
9.393734682034613481e-01
9.684598832331211549e-01
1.000000000000000000e+00
5.029345690185070161e+00
-4.036652372521709609e-01
2.599990081787109664e-01
6.992689520120620728e-02
3.170786580624752604e-01
3.415117031408611559e-01
2.748428229435043724e-01
4.878022465695980303e-01
9.863412056786435844e-01
1.000000000000000000e+00
9.585777839787763543e-01
9.509488849092017082e-01
9.691095228044862564e-01
1.000000000000000000e+00
1.000000000000000000e+00
9.751740090397987837e-01
9.467570743315495418e-01
1.000000000000000000e+00
9.766544747737450072e-01
9.780035042535060175e-01
1.000000000000000000e+00
1.000000000000000000e+00
9.440725935640603694e-01
1.000000000000000000e+00
1.000000000000000000e+00
1.000000000000000000e+00
1.000000000000000000e+00
1.000000000000000000e+00
4.997322688856363548e+00
-4.112270769602726084e-01
2.599999380111694403e-01
2.847031457349658012e-03
3.734925770528479960e-01
2.383562243877905829e-01
3.388899646950752076e-01
1.000000000000000000e+00
1.000000000000000000e+00
9.438465279304614208e-01
9.645828960295759202e-01
9.900128371081159395e-01
1.000000000000000000e+00
9.673151858839358352e-01
9.891467316131301590e-01
1.000000000000000000e+00
9.441774849315978102e-01
9.473910609757686396e-01
9.775548096290338496e-01
9.378915285448974348e-01
9.866128352089040821e-01
1.000000000000000000e+00
9.775762818064065440e-01
9.722412088619695192e-01
9.595294973965051710e-01
1.000000000000000000e+00
9.538486120779612332e-01
1.000000000000000000e+00
4.965754212065849771e+00
-4.125220352011971237e-01
2.599998140335083030e-01
-2.686107531189918518e-02
2.841876285922782519e-01
2.305503697057993406e-01
2.739506051812273801e-01
1.000000000000000000e+00
1.000000000000000000e+00
1.000000000000000000e+00
1.000000000000000000e+00
9.909891507878255679e-01
9.947832016678805900e-01
9.691728110712615196e-01
1.000000000000000000e+00
9.400574837061718148e-01
1.000000000000000000e+00
1.000000000000000000e+00
9.858396726226746898e-01
9.678086362674120924e-01
1.000000000000000000e+00
9.624383820118349586e-01
9.844045249054945712e-01
1.000000000000000000e+00
9.815434690394652106e-01
9.780270740147433139e-01
9.431204159038022450e-01
9.986242037833058527e-01
4.941918487596142384e+00
-4.099878204992490893e-01
2.599997210502624778e-01
-1.119562238454818726e-01
3.174944753449083223e-01
2.915047843462058030e-01
2.688693487464069998e-01
1.000000000000000000e+00
9.582236914424641094e-01
1.000000000000000000e+00
1.000000000000000000e+00
1.000000000000000000e+00
9.566564502966704575e-01
9.470479213041399502e-01
1.000000000000000000e+00
9.872593622912960720e-01
9.613206927828711335e-01
1.000000000000000000e+00
1.000000000000000000e+00
1.000000000000000000e+00
9.823345360176534147e-01
9.463005432484182800e-01
1.000000000000000000e+00
1.000000000000000000e+00
1.000000000000000000e+00
1.000000000000000000e+00
1.000000000000000000e+00
9.881479977179020713e-01
4.909981838428789658e+00
-4.030055167335389044e-01
2.599949169158935480e-01
-2.730286493897438049e-02
2.564007895124037484e-01
2.467220640968082745e-01
3.396649779387273527e-01
1.000000000000000000e+00
1.000000000000000000e+00
1.000000000000000000e+00
9.451978875547520920e-01
1.000000000000000000e+00
1.000000000000000000e+00
1.000000000000000000e+00
9.635172764678809898e-01
1.000000000000000000e+00
9.835079480268262841e-01
1.000000000000000000e+00
1.000000000000000000e+00
1.000000000000000000e+00
1.000000000000000000e+00
9.820441172595629764e-01
9.526870181509909941e-01
9.412352226884744821e-01
9.465109764748326215e-01
1.000000000000000000e+00
9.481636815105299876e-01
1.000000000000000000e+00
4.878004937906829319e+00
-3.993107841086165344e-01
2.599995660781860285e-01
-7.343541830778121948e-02
2.529701034721137387e-01
2.692212443001117950e-01
3.204117754085934466e-01
1.000000000000000000e+00
1.000000000000000000e+00
1.000000000000000000e+00
9.751353817078637354e-01
9.400951670530161008e-01
9.752909291355293941e-01
1.000000000000000000e+00
1.000000000000000000e+00
9.409853780363972575e-01
1.000000000000000000e+00
9.918295602586750803e-01
9.777187839407833758e-01
1.000000000000000000e+00
1.000000000000000000e+00
1.000000000000000000e+00
1.000000000000000000e+00
1.000000000000000000e+00
1.000000000000000000e+00
1.000000000000000000e+00
1.000000000000000000e+00
1.000000000000000000e+00
4.854051317579952673e+00
-3.971684286847483314e-01
2.599979853630066118e-01
-2.628645673394203186e-02
3.099906343013363319e-01
2.539581267104148998e-01
3.907974760531527925e-01
9.925962147809863634e-01
1.000000000000000000e+00
9.472839869752144315e-01
9.373785939151192403e-01
9.662675135133106386e-01
1.000000000000000000e+00
9.579685642712213456e-01
9.509454531733589899e-01
9.661196629974991845e-01
9.458554442085588265e-01
9.390441458040734712e-01
9.916302956681020131e-01
9.508002069773064946e-01
1.000000000000000000e+00
9.670551266798453893e-01
9.711981413104207039e-01
1.000000000000000000e+00
1.000000000000000000e+00
1.000000000000000000e+00
1.000000000000000000e+00
9.743261339690121314e-01
4.822069237817973253e+00
-3.980302755970290818e-01
2.599987292289733798e-01
-2.466032048687338829e-03
2.791073207872276085e-01
2.291723643627876505e-01
4.205391761872337431e-01
1.000000000000000000e+00
1.000000000000000000e+00
9.693090388640422939e-01
1.000000000000000000e+00
1.000000000000000000e+00
9.799220633658343171e-01
9.877980467564195788e-01
1.000000000000000000e+00
1.000000000000000000e+00
1.000000000000000000e+00
1.000000000000000000e+00
9.533776273667967649e-01
9.997072615610234081e-01
1.000000000000000000e+00
9.916779718390340559e-01
1.000000000000000000e+00
1.000000000000000000e+00
9.424153098412805241e-01
9.579854299076299151e-01
1.000000000000000000e+00
1.000000000000000000e+00
4.798100100845227090e+00
-3.975112074679265639e-01
2.599995660781860285e-01
-5.555552244186401367e-02
2.423729714586740358e-01
2.971733309391467737e-01
4.726783299899653401e-01
9.946089781744404945e-01
1.000000000000000000e+00
1.000000000000000000e+00
9.724598040121825715e-01
1.000000000000000000e+00
9.373238404531581969e-01
9.923281832865097352e-01
9.749799966439238741e-01
9.630839544469969038e-01
1.000000000000000000e+00
1.000000000000000000e+00
1.000000000000000000e+00
9.992527275580266322e-01
9.758679625819192127e-01
1.000000000000000000e+00
9.537083835382745844e-01
9.752182893222973714e-01
9.569156816965580514e-01
9.560182278804193468e-01
1.000000000000000000e+00
9.395972947221434834e-01
4.774175685387018753e+00
-3.953986183708284585e-01
2.599993801116943226e-01
-3.518028929829597473e-02
3.360365333558187340e-01
2.579696719856026665e-01
4.424868075543850199e-01
1.000000000000000000e+00
9.611706915667742601e-01
9.726564694173124304e-01
9.642996732996984566e-01
1.000000000000000000e+00
9.495067600143745068e-01
1.000000000000000000e+00
1.000000000000000000e+00
9.649616066017550065e-01
9.995899969742244595e-01
1.000000000000000000e+00
9.490000644771233729e-01
9.543706981784187970e-01
9.860915443142913572e-01
1.000000000000000000e+00
9.479400713798046274e-01
9.909428204030269471e-01
1.000000000000000000e+00
1.000000000000000000e+00
1.000000000000000000e+00
9.911379605504009316e-01
4.742188405824668607e+00
-3.910265677992406097e-01
2.599994730949402033e-01
-7.354751229286193848e-02
2.238109586820122288e-01
3.074607695137813734e-01
5.244825147592827586e-01
9.844845051807776803e-01
9.405709014228629261e-01
9.896204928868174155e-01
9.817442527108439787e-01
9.597556189843897689e-01
1.000000000000000000e+00
1.000000000000000000e+00
9.662286787220381035e-01
9.976830798340464712e-01
1.000000000000000000e+00
9.670715682275716762e-01
1.000000000000000000e+00
1.000000000000000000e+00
9.941992830818684457e-01
1.000000000000000000e+00
9.853843625189991906e-01
1.000000000000000000e+00
1.000000000000000000e+00
1.000000000000000000e+00
9.648325167844165051e-01
9.895790980664472825e-01
4.709791921733033959e+00
-3.856966524342162472e-01
2.599994730949402033e-01
-5.737028270959854126e-02
3.077990603774403700e-01
3.457221206787001178e-01
4.704553040610334746e-01
9.700121955502635229e-01
9.835796473603782841e-01
9.495605176363428601e-01
9.620233491047504026e-01
1.000000000000000000e+00
9.963485809680754368e-01
9.753157036073766273e-01
9.708413797674179113e-01
1.000000000000000000e+00
9.630569487775263449e-01
9.414582034311876901e-01
1.000000000000000000e+00
9.413860801899330832e-01
1.000000000000000000e+00
9.591287466007437645e-01
1.000000000000000000e+00
1.000000000000000000e+00
9.862785429582254793e-01
1.000000000000000000e+00
9.543185702334137099e-01
9.554003375847571755e-01
4.685796650100981786e+00
-3.841956263255172921e-01
2.599993181228637540e-01
-2.097894065082073212e-02
2.200407386106478236e-01
2.771030024928539670e-01
5.114969386105810978e-01
1.000000000000000000e+00
1.000000000000000000e+00
9.800954357015051466e-01
9.747389656737379671e-01
9.726467030319793095e-01
1.000000000000000000e+00
9.694446820205894211e-01
1.000000000000000000e+00
9.531985394689757030e-01
9.396300444397669427e-01
1.000000000000000000e+00
9.760333910063053731e-01
1.000000000000000000e+00
1.000000000000000000e+00
9.459492047446158569e-01
1.000000000000000000e+00
1.000000000000000000e+00
1.000000000000000000e+00
9.714521128988314880e-01
1.000000000000000000e+00
1.000000000000000000e+00
4.661700668245149615e+00
-3.819675921000227348e-01
2.599998760223388716e-01
-8.982517570257186890e-02
2.442377508212260628e-01
3.958741345553254409e-01
5.241411678176916000e-01
1.000000000000000000e+00
1.000000000000000000e+00
9.716755892671117278e-01
1.000000000000000000e+00
1.000000000000000000e+00
9.699691941788425309e-01
1.000000000000000000e+00
9.406850495054591699e-01
9.913884279830899038e-01
1.000000000000000000e+00
9.481531485802870973e-01
1.000000000000000000e+00
1.000000000000000000e+00
9.506679403980691223e-01
9.948754988778404362e-01
9.487796469792858511e-01
9.681020846735907126e-01
9.780639191236011332e-01
1.000000000000000000e+00
9.940425675494652946e-01
1.000000000000000000e+00
4.629465749295724741e+00
-3.812098244029589189e-01
2.599974584579468062e-01
3.154798969626426697e-02
3.011953254023366222e-01
3.658031675704677133e-01
1.000000000000000000e+00
9.873267168620675216e-01
1.000000000000000000e+00
1.000000000000000000e+00
1.000000000000000000e+00
1.000000000000000000e+00
9.515711977551642997e-01
9.561296824435160380e-01
1.000000000000000000e+00
9.814248167124454136e-01
1.000000000000000000e+00
1.000000000000000000e+00
1.000000000000000000e+00
1.000000000000000000e+00
9.776066808199386227e-01
9.487574806414020845e-01
9.995061708016004243e-01
9.613293358804052557e-01
9.495175905681714212e-01
1.000000000000000000e+00
9.579700026926200040e-01
9.922985513212443376e-01
4.589342127518590608e+00
-3.848904799796417642e-01
2.599999690055847523e-01
-8.690532296895980835e-02
3.271469089202840297e-01
4.254088295257725250e-01
9.940121809076059023e-01
1.000000000000000000e+00
1.000000000000000000e+00
1.000000000000000000e+00
1.000000000000000000e+00
9.606007550960965480e-01
1.000000000000000000e+00
9.695980454905095414e-01
1.000000000000000000e+00
9.790799458384678022e-01
1.000000000000000000e+00
1.000000000000000000e+00
9.648095979888867690e-01
9.430487328573582406e-01
9.735230137282301355e-01
9.553638207083269274e-01
9.604928126833093271e-01
1.000000000000000000e+00
1.000000000000000000e+00
9.654605009311526542e-01
9.767843532077071789e-01
1.000000000000000000e+00
4.565185788392683186e+00
-3.777696820302249847e-01
2.599996590614319092e-01
-9.417443722486495972e-02
2.986848317136122088e-01
3.842305901003041368e-01
9.409324508948697652e-01
1.000000000000000000e+00
9.765766064286353076e-01
1.000000000000000000e+00
1.000000000000000000e+00
9.602625390952690410e-01
1.000000000000000000e+00
9.539350718419082886e-01
9.982937476001219057e-01
1.000000000000000000e+00
9.747140373904137345e-01
1.000000000000000000e+00
1.000000000000000000e+00
9.442340757223119940e-01
1.000000000000000000e+00
1.000000000000000000e+00
1.000000000000000000e+00
9.426589373085808576e-01
9.546919550984644953e-01
9.828973965294887094e-01
9.673980546696030469e-01
9.390958351691761630e-01
4.532789384400718546e+00
-3.666315653271858821e-01
2.599998140335083030e-01
-1.074310839176177979e-01
3.340195689959375436e-01
4.133484537283614313e-01
9.705077325132744903e-01
1.000000000000000000e+00
1.000000000000000000e+00
1.000000000000000000e+00
9.505667151225803968e-01
9.815717554863772065e-01
9.576793969051144995e-01
9.917940858688142347e-01
1.000000000000000000e+00
9.900036497226273324e-01
9.890853437873515785e-01
9.393539546624440906e-01
9.933914996442858580e-01
9.978964025850254327e-01
9.937064312652046372e-01
9.506888476871750981e-01
1.000000000000000000e+00
1.000000000000000000e+00
9.493954878861938784e-01
9.502248133565405208e-01
1.000000000000000000e+00
9.645217609963359084e-01
4.508442605734743758e+00
-3.602779630875150296e-01
2.599996280670165971e-01
-7.848389446735382080e-02
3.113526898919709573e-01
4.402657992131580600e-01
1.000000000000000000e+00
9.398426621375415291e-01
9.468461173874070935e-01
9.654283502741335399e-01
9.949311134020278891e-01
9.562409450416128331e-01
1.000000000000000000e+00
9.817495325936851369e-01
1.000000000000000000e+00
1.000000000000000000e+00
9.701998896026443608e-01
9.822485346955814878e-01
9.971798820231870808e-01
9.480419410246623269e-01
1.000000000000000000e+00
1.000000000000000000e+00
9.763724737526475739e-01
1.000000000000000000e+00
9.565490052764306084e-01
1.000000000000000000e+00
9.619149224996987879e-01
9.659674487528613351e-01
4.476076154572321109e+00
-3.512851371466059192e-01
2.599997520446777344e-01
-9.227102249860763550e-02
3.717539011690696449e-01
4.980219003317107318e-01
1.000000000000000000e+00
9.892555153404821722e-01
1.000000000000000000e+00
9.490491638848933542e-01
1.000000000000000000e+00
1.000000000000000000e+00
1.000000000000000000e+00
1.000000000000000000e+00
1.000000000000000000e+00
9.916699180237176225e-01
9.759426793121698251e-01
9.691087970705419830e-01
9.636616110996909512e-01
1.000000000000000000e+00
1.000000000000000000e+00
1.000000000000000000e+00
9.820979847664311757e-01
9.988539664053834866e-01
1.000000000000000000e+00
1.000000000000000000e+00
9.511992305412314552e-01
1.000000000000000000e+00
4.451542422858873138e+00
-3.443143441107734404e-01
2.599997830390930464e-01
-8.451278507709503174e-02
2.983803773308008611e-01
4.692088214994448170e-01
9.946093464456059463e-01
1.000000000000000000e+00
9.427673340652037437e-01
1.000000000000000000e+00
1.000000000000000000e+00
9.549955183920577628e-01
1.000000000000000000e+00
9.527952763834081074e-01
1.000000000000000000e+00
1.000000000000000000e+00
9.893556989141317759e-01
9.831842543902794551e-01
1.000000000000000000e+00
9.434682605826829604e-01
9.634910274251993201e-01
1.000000000000000000e+00
1.000000000000000000e+00
9.953491798895039988e-01
1.000000000000000000e+00
9.652514470241863043e-01
9.483634270398283439e-01
9.906175397547133388e-01
4.418611639308837269e+00
-3.353359275629146374e-01
2.599998760223388716e-01
-1.011129170656204224e-01
3.311206859934774371e-01
4.569596555353837020e-01
9.611817328854932452e-01
1.000000000000000000e+00
1.000000000000000000e+00
9.653686364757325666e-01
1.000000000000000000e+00
9.688514948947105632e-01
1.000000000000000000e+00
1.000000000000000000e+00
9.953871255324605594e-01
1.000000000000000000e+00
9.457811362156917090e-01
9.635396607957379400e-01
9.887513000592524914e-01
1.000000000000000000e+00
1.000000000000000000e+00
1.000000000000000000e+00
9.596120800386848115e-01
1.000000000000000000e+00
1.000000000000000000e+00
9.421394229690787103e-01
9.985002253413168827e-01
9.803094921738034762e-01
4.394200353941514869e+00
-3.293346284900509069e-01
2.599995970726013406e-01
-5.214247852563858032e-02
4.189095587689354860e-01
4.978698626333448174e-01
1.000000000000000000e+00
9.984879241685005180e-01
1.000000000000000000e+00
9.995762021898577654e-01
9.596954953847873782e-01
9.388819511249222316e-01
1.000000000000000000e+00
9.590100883133821918e-01
1.000000000000000000e+00
1.000000000000000000e+00
9.416292751290116225e-01
1.000000000000000000e+00
1.000000000000000000e+00
9.949101295673906664e-01
9.588186599535203358e-01
1.000000000000000000e+00
1.000000000000000000e+00
9.674382101286250757e-01
1.000000000000000000e+00
9.612409612803264336e-01
9.996233162046870291e-01
1.000000000000000000e+00
4.361419091972161155e+00
-3.234969708826951340e-01
2.599998140335083030e-01
-6.697048246860504150e-02
3.119831731603733282e-01
4.549037462408553334e-01
1.000000000000000000e+00
9.712578128473751127e-01
9.999342740583495592e-01
1.000000000000000000e+00
9.944935698686909742e-01
9.491864456363335867e-01
9.923714292791034897e-01
1.000000000000000000e+00
1.000000000000000000e+00
1.000000000000000000e+00
1.000000000000000000e+00
1.000000000000000000e+00
1.000000000000000000e+00
1.000000000000000000e+00
1.000000000000000000e+00
9.674312814771209856e-01
9.866341508428223550e-01
9.775036071465553755e-01
1.000000000000000000e+00
9.644494101883163140e-01
1.000000000000000000e+00
1.000000000000000000e+00
4.336639582167589602e+00
-3.162437348137370208e-01
2.599999070167541837e-01
-1.048901304602622986e-01
4.161533774759522131e-01
4.628920118533911277e-01
1.000000000000000000e+00
1.000000000000000000e+00
9.904680106445739041e-01
1.000000000000000000e+00
9.410958275788940952e-01
1.000000000000000000e+00
1.000000000000000000e+00
9.985504347257057045e-01
1.000000000000000000e+00
9.679048623607152679e-01
1.000000000000000000e+00
1.000000000000000000e+00
1.000000000000000000e+00
1.000000000000000000e+00
9.426650283604250946e-01
1.000000000000000000e+00
1.000000000000000000e+00
1.000000000000000000e+00
1.000000000000000000e+00
1.000000000000000000e+00
9.889772535848132540e-01
1.000000000000000000e+00
4.311894854765863094e+00
-3.152189426599374400e-01
2.599996590614319092e-01
-1.421918440610170364e-02
3.719148935054102378e-01
4.576026643763387303e-01
1.000000000000000000e+00
1.000000000000000000e+00
9.750078732559709360e-01
1.000000000000000000e+00
1.000000000000000000e+00
1.000000000000000000e+00
1.000000000000000000e+00
9.818358082561029487e-01
1.000000000000000000e+00
9.662352019854724139e-01
1.000000000000000000e+00
9.815390802583012775e-01
9.411067483333495076e-01
9.941017323972992648e-01
1.000000000000000000e+00
9.468060783588156948e-01
9.746998103953694592e-01
1.000000000000000000e+00
9.434052153418006625e-01
9.552514674120200500e-01
9.524901404419764406e-01
9.748152334947585151e-01
4.279105595267817641e+00
-3.113224944512897885e-01
2.599999070167541837e-01
-7.263583689928054810e-02
3.965935896123464199e-01
5.525463812590694079e-01
1.000000000000000000e+00
1.000000000000000000e+00
9.725584234078619161e-01
1.000000000000000000e+00
9.949224625888247742e-01
9.765463335271051815e-01
1.000000000000000000e+00
1.000000000000000000e+00
9.380966457863222363e-01
9.779576227776587416e-01
9.987408850173847830e-01
9.579170661099698503e-01
1.000000000000000000e+00
1.000000000000000000e+00
1.000000000000000000e+00
9.377760009147897424e-01
9.580729419909106426e-01
1.000000000000000000e+00
9.513304007675389418e-01
9.549325014953449209e-01
1.000000000000000000e+00
9.675723602605089679e-01
4.254258267473376876e+00
-3.059058333063875423e-01
2.599998140335083030e-01
-6.657766550779342651e-02
4.240217812913282813e-01
5.033489911734773115e-01
9.805778279110166640e-01
1.000000000000000000e+00
1.000000000000000000e+00
1.000000000000000000e+00
9.446513682210643248e-01
1.000000000000000000e+00
1.000000000000000000e+00
1.000000000000000000e+00
9.880297075653149408e-01
1.000000000000000000e+00
1.000000000000000000e+00
9.377950471186623504e-01
1.000000000000000000e+00
1.000000000000000000e+00
9.770320485219364803e-01
1.000000000000000000e+00
9.415467397084629209e-01
9.538613439625162060e-01
1.000000000000000000e+00
1.000000000000000000e+00
9.441854096044005606e-01
9.595780376659207578e-01
4.229524025450467128e+00
-2.991978038168583431e-01
2.599999380111694403e-01
-1.182821169495582581e-01
4.212027206126732759e-01
4.590496386156150410e-01
1.000000000000000000e+00
1.000000000000000000e+00
1.000000000000000000e+00
9.796043910181869707e-01
9.396423229001500399e-01
1.000000000000000000e+00
9.659568617235700927e-01
9.993435137346446950e-01
9.896583150204693036e-01
9.771926148570606596e-01
1.000000000000000000e+00
9.834905672906808505e-01
1.000000000000000000e+00
9.627083639607079135e-01
9.483533582438702370e-01
9.839897270830310072e-01
9.590719565596957930e-01
9.394106029936375446e-01
1.000000000000000000e+00
1.000000000000000000e+00
9.869866835876265343e-01
9.840674199224795915e-01
4.196185685827646950e+00
-2.896659710926234865e-01
2.599997830390930464e-01
-5.838495865464210510e-02
4.095344912984129060e-01
5.028405310623956792e-01
9.561433470504639986e-01
1.000000000000000000e+00
1.000000000000000000e+00
1.000000000000000000e+00
1.000000000000000000e+00
1.000000000000000000e+00
1.000000000000000000e+00
1.000000000000000000e+00
1.000000000000000000e+00
1.000000000000000000e+00
9.783099163032920043e-01
1.000000000000000000e+00
1.000000000000000000e+00
1.000000000000000000e+00
1.000000000000000000e+00
1.000000000000000000e+00
9.577987475000299122e-01
9.791300904759709933e-01
9.600117693310067368e-01
9.560259001026562009e-01
1.000000000000000000e+00
1.000000000000000000e+00
4.171257602712100443e+00
-2.861451156280798713e-01
2.599998450279236151e-01
-4.125647246837615967e-02
3.780420556484913597e-01
9.554679060229949172e-01
1.000000000000000000e+00
1.000000000000000000e+00
1.000000000000000000e+00
1.000000000000000000e+00
1.000000000000000000e+00
1.000000000000000000e+00
9.397151076902534594e-01
9.637444668337781239e-01
1.000000000000000000e+00
9.685641313853976531e-01
1.000000000000000000e+00
1.000000000000000000e+00
1.000000000000000000e+00
9.877069460366333375e-01
9.523633091803214157e-01
1.000000000000000000e+00
9.389647682359539838e-01
1.000000000000000000e+00
1.000000000000000000e+00
9.827060764331020382e-01
1.000000000000000000e+00
9.532518997910564007e-01
4.138042840433039160e+00
-2.834436478150754724e-01
2.599999380111694403e-01
-3.453585505485534668e-02
4.633629012892715449e-01
9.529092972930673922e-01
9.490024731868718089e-01
9.706063793281991536e-01
9.888873170681607983e-01
1.000000000000000000e+00
9.876322411590034989e-01
9.591176843448941947e-01
1.000000000000000000e+00
9.408764775286526660e-01
9.474768400929730605e-01
1.000000000000000000e+00
1.000000000000000000e+00
9.577015437175739887e-01
9.586385759533850859e-01
1.000000000000000000e+00
1.000000000000000000e+00
1.000000000000000000e+00
9.506979445235304027e-01
9.672820216637239010e-01
9.892381880571347041e-01
1.000000000000000000e+00
1.000000000000000000e+00
9.632859810790687094e-01
4.104703231708238143e+00
-2.723382491036270281e-01
2.599999690055847523e-01
-2.183257788419723511e-01
4.278824629204195928e-01
1.000000000000000000e+00
1.000000000000000000e+00
9.565117012237154270e-01
1.000000000000000000e+00
9.630628836913993629e-01
9.911641765112665370e-01
1.000000000000000000e+00
1.000000000000000000e+00
9.841589323152108992e-01
1.000000000000000000e+00
1.000000000000000000e+00
1.000000000000000000e+00
9.616885588911635585e-01
1.000000000000000000e+00
9.936394548786975367e-01
9.432006555408376514e-01
1.000000000000000000e+00
1.000000000000000000e+00
9.794385158154091942e-01
9.642613450156467536e-01
1.000000000000000000e+00
9.731245083453913258e-01
9.666663613222885587e-01
4.079459787766386292e+00
-2.507656180072102003e-01
2.599999690055847523e-01
-2.309175580739974976e-01
3.732979447873053802e-01
1.000000000000000000e+00
1.000000000000000000e+00
1.000000000000000000e+00
1.000000000000000000e+00
1.000000000000000000e+00
9.796330499549903426e-01
1.000000000000000000e+00
9.378880640060345275e-01
9.387788393323622804e-01
9.392357565295922361e-01
1.000000000000000000e+00
9.591580495390404915e-01
9.688871668644134516e-01
1.000000000000000000e+00
1.000000000000000000e+00
1.000000000000000000e+00
9.607157448160806856e-01
9.496703360668766747e-01
1.000000000000000000e+00
1.000000000000000000e+00
1.000000000000000000e+00
9.614859198728297196e-01
1.000000000000000000e+00
4.045387474235556446e+00
-2.226116410195606576e-01
2.599999690055847523e-01
-2.162791341543197632e-01
3.993413874732001934e-01
1.000000000000000000e+00
1.000000000000000000e+00
9.788418651570994777e-01
9.401252723568805925e-01
9.494156521057189879e-01
9.820850206717901543e-01
9.455791406704296964e-01
9.777964282471784951e-01
1.000000000000000000e+00
1.000000000000000000e+00
1.000000000000000000e+00
1.000000000000000000e+00
9.832497767919745613e-01
9.869673104204857994e-01
1.000000000000000000e+00
1.000000000000000000e+00
1.000000000000000000e+00
9.643105452134942412e-01
9.512472207827222803e-01
1.000000000000000000e+00
9.422434513444458704e-01
9.754879960657503180e-01
9.904500313781057219e-01
4.019882401712474795e+00
-2.088082968716902244e-01
2.599999380111694403e-01
-1.231416165828704834e-01
4.864010443517706173e-01
1.000000000000000000e+00
9.662432408175296583e-01
9.950463475726557538e-01
9.829283177226163515e-01
1.000000000000000000e+00
9.473234599713001858e-01
9.947547013828658136e-01
1.000000000000000000e+00
9.978251039109233833e-01
1.000000000000000000e+00
9.708001480095559410e-01
9.480860496835546991e-01
9.596278882160632628e-01
9.785103972512166903e-01
9.882084572835215797e-01
9.549839275814272499e-01
9.802485863296739321e-01
9.696201831156197049e-01
9.721001705007934479e-01
1.000000000000000000e+00
1.000000000000000000e+00
1.000000000000000000e+00
1.000000000000000000e+00
3.985785517370485476e+00
-1.917005293152205248e-01
2.599999380111694403e-01
-1.507021635770797729e-01
3.769198888937070335e-01
1.000000000000000000e+00
9.481297547155316252e-01
1.000000000000000000e+00
9.613881171666145420e-01
1.000000000000000000e+00
9.551207417979645786e-01
1.000000000000000000e+00
1.000000000000000000e+00
9.963486689779729177e-01
1.000000000000000000e+00
1.000000000000000000e+00
1.000000000000000000e+00
1.000000000000000000e+00
1.000000000000000000e+00
9.679141367053561984e-01
9.522519834826287388e-01
9.779865764132223971e-01
1.000000000000000000e+00
1.000000000000000000e+00
1.000000000000000000e+00
1.000000000000000000e+00
1.000000000000000000e+00
9.830027212141085879e-01
3.960164545264969416e+00
-1.775183714056516315e-01
2.599999380111694403e-01
-1.441208720207214355e-01
4.031123299783111458e-01
9.748560595221633651e-01
1.000000000000000000e+00
9.498543832648290719e-01
1.000000000000000000e+00
1.000000000000000000e+00
1.000000000000000000e+00
9.504904833422012089e-01
1.000000000000000000e+00
1.000000000000000000e+00
1.000000000000000000e+00
9.801655907274519075e-01
1.000000000000000000e+00
1.000000000000000000e+00
9.468375793624372871e-01
9.436950377278717772e-01
9.483148915793965239e-01
1.000000000000000000e+00
1.000000000000000000e+00
1.000000000000000000e+00
1.000000000000000000e+00
1.000000000000000000e+00
1.000000000000000000e+00
9.533648056442756147e-01
3.934547319049897407e+00
-1.713583795195283699e-01
2.599999070167541837e-01
-3.763342276215553284e-02
4.499550241930005967e-01
9.412152154825140782e-01
9.784902606989244189e-01
1.000000000000000000e+00
1.000000000000000000e+00
9.755299165077306878e-01
1.000000000000000000e+00
1.000000000000000000e+00
1.000000000000000000e+00
1.000000000000000000e+00
1.000000000000000000e+00
1.000000000000000000e+00
9.394618913830078410e-01
9.756389321774056045e-01
1.000000000000000000e+00
1.000000000000000000e+00
9.940676314029014415e-01
1.000000000000000000e+00
1.000000000000000000e+00
9.551884378423183275e-01
1.000000000000000000e+00
9.438232225757877680e-01
1.000000000000000000e+00
9.495957860462695965e-01
3.908897923324130108e+00
-1.685904114649932062e-01
2.599999070167541837e-01
-5.090807005763053894e-02
4.209387778236007849e-01
1.000000000000000000e+00
9.826115552484221416e-01
9.588870915554560392e-01
9.681991473601154752e-01
1.000000000000000000e+00
9.834073461640903124e-01
1.000000000000000000e+00
9.474510488204573866e-01
1.000000000000000000e+00
1.000000000000000000e+00
1.000000000000000000e+00
1.000000000000000000e+00
9.716503514587413459e-01
9.928172307755550596e-01
9.899084317942631328e-01
9.710101087612718063e-01
9.506637360396110736e-01
1.000000000000000000e+00
9.394136003079729402e-01
9.634904421273233766e-01
9.696260693376211881e-01
1.000000000000000000e+00
9.464012241776967871e-01
3.865915190943661095e+00
-1.609430597729533119e-01
2.599999690055847523e-01
-6.147393584251403809e-02
4.289651440006710947e-01
1.000000000000000000e+00
1.000000000000000000e+00
1.000000000000000000e+00
9.893737565631770536e-01
1.000000000000000000e+00
1.000000000000000000e+00
1.000000000000000000e+00
1.000000000000000000e+00
9.855583469609063840e-01
9.647438198951843180e-01
1.000000000000000000e+00
9.613366662420906872e-01
1.000000000000000000e+00
1.000000000000000000e+00
1.000000000000000000e+00
9.437850313446027872e-01
1.000000000000000000e+00
1.000000000000000000e+00
9.662764851768015362e-01
9.564079161807953477e-01
1.000000000000000000e+00
1.000000000000000000e+00
1.000000000000000000e+00
3.840321181872510259e+00
-1.545418147604138426e-01
2.599999380111694403e-01
-8.666597306728363037e-02
5.063895008414454058e-01
1.000000000000000000e+00
1.000000000000000000e+00
9.545073088481661472e-01
1.000000000000000000e+00
1.000000000000000000e+00
1.000000000000000000e+00
1.000000000000000000e+00
9.594476995908293171e-01
9.979855880117067812e-01
9.536420998784737035e-01
9.465738322522445625e-01
1.000000000000000000e+00
1.000000000000000000e+00
9.949372841538550727e-01
9.915646579345093192e-01
1.000000000000000000e+00
9.644178669691066963e-01
1.000000000000000000e+00
1.000000000000000000e+00
1.000000000000000000e+00
1.000000000000000000e+00
1.000000000000000000e+00
9.461105084582474012e-01
3.806135428115905661e+00
-1.517457570784346288e-01
2.599999690055847523e-01
-1.352040655910968781e-02
4.241441501495774036e-01
1.000000000000000000e+00
1.000000000000000000e+00
9.457561483682994652e-01
1.000000000000000000e+00
1.000000000000000000e+00
1.000000000000000000e+00
1.000000000000000000e+00
9.715376672866676833e-01
1.000000000000000000e+00
1.000000000000000000e+00
9.558483799094364963e-01
1.000000000000000000e+00
1.000000000000000000e+00
9.989918666976184136e-01
9.692988519030263372e-01
1.000000000000000000e+00
9.435581093884664039e-01
9.901288172868719650e-01
9.639515019411357688e-01
9.390430676781784669e-01
9.983106890141720813e-01
1.000000000000000000e+00
1.000000000000000000e+00
3.780312543201209685e+00
-1.485030174562571581e-01
2.600000000000000089e-01
-5.912826582789421082e-02
5.132921092593299983e-01
1.000000000000000000e+00
9.823798569373005662e-01
9.720521635177649111e-01
1.000000000000000000e+00
1.000000000000000000e+00
1.000000000000000000e+00
1.000000000000000000e+00
9.909379260241264475e-01
1.000000000000000000e+00
1.000000000000000000e+00
9.943289436387100499e-01
1.000000000000000000e+00
1.000000000000000000e+00
9.771547378218002899e-01
1.000000000000000000e+00
1.000000000000000000e+00
1.000000000000000000e+00
9.977109767713578936e-01
9.453339324940213118e-01
9.446402615024190874e-01
1.000000000000000000e+00
9.467159053195475238e-01
9.794410103012733959e-01
3.754554558275320808e+00
-1.444299530936921094e-01
2.599999690055847523e-01
1.888684928417205811e-04
5.012065005039271215e-01
1.000000000000000000e+00
1.000000000000000000e+00
1.000000000000000000e+00
1.000000000000000000e+00
9.743995066129264027e-01
1.000000000000000000e+00
1.000000000000000000e+00
1.000000000000000000e+00
9.617416022611026127e-01
9.949294696748779421e-01
1.000000000000000000e+00
9.377059381783139358e-01
1.000000000000000000e+00
9.780948539772701400e-01
1.000000000000000000e+00
1.000000000000000000e+00
1.000000000000000000e+00
1.000000000000000000e+00
9.962212937981200778e-01
1.000000000000000000e+00
9.607384971280007457e-01
9.827806557784236619e-01
1.000000000000000000e+00
3.720422591379141330e+00
-1.417836481033480922e-01
2.600000000000000089e-01
-6.910572946071624756e-02
5.426445725164146250e-01
1.000000000000000000e+00
9.618227075522520764e-01
1.000000000000000000e+00
9.531123614098854224e-01
1.000000000000000000e+00
9.686922779684741247e-01
1.000000000000000000e+00
9.590008589588373544e-01
1.000000000000000000e+00
9.857774777484368256e-01
1.000000000000000000e+00
9.886769696648051164e-01
1.000000000000000000e+00
1.000000000000000000e+00
9.401176610697498104e-01
1.000000000000000000e+00
1.000000000000000000e+00
9.415088939678220026e-01
1.000000000000000000e+00
9.862775369709977369e-01
9.954995474174900272e-01
9.436532618879434064e-01
9.571343294120001621e-01
3.685810296973938804e+00
-1.373857485082692342e-01
2.600000000000000089e-01
-1.637589372694492340e-02
4.636622796912578393e-01
9.579940962694408757e-01
1.000000000000000000e+00
1.000000000000000000e+00
9.740119508090099298e-01
1.000000000000000000e+00
1.000000000000000000e+00
9.678312266579638390e-01
1.000000000000000000e+00
9.735710003202932006e-01
9.383019637663446710e-01
9.954846532949382931e-01
9.627257660921278992e-01
1.000000000000000000e+00
9.451087029319250599e-01
9.958742565507023858e-01
9.783421856677966266e-01
9.884620144077578274e-01
9.423588202061167207e-01
1.000000000000000000e+00
9.794239164458741209e-01
1.000000000000000000e+00
1.000000000000000000e+00
9.592880712033150514e-01
3.659910482699856082e+00
-1.329970763138468293e-01
2.600000000000000089e-01
-7.977703213691711426e-02
4.805900288049489988e-01
1.000000000000000000e+00
9.517487112662177395e-01
1.000000000000000000e+00
1.000000000000000000e+00
9.906406948594053130e-01
9.943156618276166592e-01
1.000000000000000000e+00
9.958000277897331998e-01
1.000000000000000000e+00
1.000000000000000000e+00
1.000000000000000000e+00
1.000000000000000000e+00
1.000000000000000000e+00
9.606448837724078649e-01
1.000000000000000000e+00
9.995635586937513528e-01
1.000000000000000000e+00
9.438525823355015110e-01
9.846479715401116328e-01
1.000000000000000000e+00
1.000000000000000000e+00
1.000000000000000000e+00
9.729694014434132621e-01
3.625707731778275100e+00
-1.308137852784563293e-01
2.599999690055847523e-01
1.467567496001720428e-02
4.629010246323119193e-01
9.619802264271025694e-01
9.501802170369871847e-01
9.645232988479018887e-01
9.757048871609257379e-01
9.809671973330376105e-01
1.000000000000000000e+00
9.490136244430494861e-01
9.433435511865514433e-01
1.000000000000000000e+00
1.000000000000000000e+00
9.844172520613680977e-01
1.000000000000000000e+00
1.000000000000000000e+00
1.000000000000000000e+00
9.710044490470207679e-01
1.000000000000000000e+00
9.388811584489642481e-01
1.000000000000000000e+00
9.813765971269050592e-01
1.000000000000000000e+00
1.000000000000000000e+00
1.000000000000000000e+00
1.000000000000000000e+00
3.599930885677919079e+00
-1.325319183103754739e-01
2.600000000000000089e-01
3.310713917016983032e-03
9.698479959339760814e-01
1.000000000000000000e+00
1.000000000000000000e+00
1.000000000000000000e+00
9.388246082396134451e-01
9.458426243568121006e-01
1.000000000000000000e+00
1.000000000000000000e+00
9.928195037564296888e-01
1.000000000000000000e+00
9.561063574222884442e-01
9.568886322597111027e-01
1.000000000000000000e+00
9.899096129590647664e-01
1.000000000000000000e+00
9.380707090402623516e-01
1.000000000000000000e+00
1.000000000000000000e+00
9.817356408342119423e-01
9.936416464500065215e-01
9.969675063262691816e-01
1.000000000000000000e+00
1.000000000000000000e+00
9.625750869431997092e-01
3.565570956287288151e+00
-1.374439134348071079e-01
2.600000000000000089e-01
5.551211908459663391e-02
9.588448428609698260e-01
9.659031130052764258e-01
1.000000000000000000e+00
9.455598447230121328e-01
1.000000000000000000e+00
1.000000000000000000e+00
1.000000000000000000e+00
9.451038200394235034e-01
9.865089527087151922e-01
1.000000000000000000e+00
1.000000000000000000e+00
9.861214980442616351e-01
1.000000000000000000e+00
1.000000000000000000e+00
1.000000000000000000e+00
9.679685042677590445e-01
9.824212557785149125e-01
9.581980763480546504e-01
9.592540210718232263e-01
9.825713875798391950e-01
1.000000000000000000e+00
1.000000000000000000e+00
1.000000000000000000e+00
9.814932005219645372e-01
3.540262099190520040e+00
-1.351801087670345680e-01
2.600000000000000089e-01
-3.820238113403320312e-01
9.400566144582445105e-01
1.000000000000000000e+00
9.660429382844932800e-01
1.000000000000000000e+00
9.889638549566146519e-01
1.000000000000000000e+00
1.000000000000000000e+00
1.000000000000000000e+00
9.773927208338614170e-01
1.000000000000000000e+00
1.000000000000000000e+00
1.000000000000000000e+00
9.900059130845607624e-01
1.000000000000000000e+00
1.000000000000000000e+00
1.000000000000000000e+00
1.000000000000000000e+00
1.000000000000000000e+00
1.000000000000000000e+00
9.507637871146997766e-01
9.641340265624563921e-01
1.000000000000000000e+00
1.000000000000000000e+00
1.000000000000000000e+00
3.505528108295899337e+00
-8.460079248211505032e-02
2.600000000000000089e-01
-4.204470515251159668e-01
1.000000000000000000e+00
9.488219509297286525e-01
9.525723334084598148e-01
9.565369156578559240e-01
9.840930694450603644e-01
9.847424523340340130e-01
9.876979425784134792e-01
9.633401166901317536e-01
9.597290472335114897e-01
9.871552506452768716e-01
9.888201819099143863e-01
9.590111906509394268e-01
9.644650201173385895e-01
9.894865258001283026e-01
9.638962430028658046e-01
1.000000000000000000e+00
9.645619047825115810e-01
9.795786542803076591e-01
9.397499319819869745e-01
1.000000000000000000e+00
1.000000000000000000e+00
1.000000000000000000e+00
1.000000000000000000e+00
1.000000000000000000e+00
3.479152121346158477e+00
-4.229527583857040085e-02
2.600000000000000089e-01
-4.314097464084625244e-01
1.000000000000000000e+00
1.000000000000000000e+00
1.000000000000000000e+00
1.000000000000000000e+00
1.000000000000000000e+00
9.547849745761477491e-01
9.645137691495092591e-01
9.811265654021562588e-01
9.931930997395169713e-01
9.393012992760566560e-01
1.000000000000000000e+00
9.667681733593918025e-01
9.480081121694639013e-01
9.983556420582779811e-01
9.782861622030022408e-01
1.000000000000000000e+00
1.000000000000000000e+00
1.000000000000000000e+00
1.000000000000000000e+00
1.000000000000000000e+00
9.843242059331795968e-01
9.480819949737865349e-01
9.799351203086947848e-01
1.000000000000000000e+00
3.444171278868518815e+00
1.109906930756876520e-02
2.600000000000000089e-01
-3.920546472072601318e-01
4.745476207757281517e-01
9.496006512718185855e-01
9.581811086993775595e-01
9.781823550314630022e-01
9.657509905341777889e-01
9.687451910697596480e-01
9.933745569706186052e-01
9.490122145297243961e-01
9.851171090682394604e-01
1.000000000000000000e+00
9.469361947028713811e-01
1.000000000000000000e+00
1.000000000000000000e+00
1.000000000000000000e+00
9.501067022446377797e-01
9.453371868013059620e-01
9.769045358298262816e-01
9.466693964819917761e-01
9.808804213837339914e-01
9.612109710720219136e-01
9.572331670868228226e-01
1.000000000000000000e+00
1.000000000000000000e+00
1.000000000000000000e+00
3.417994186939200318e+00
4.890474140161282790e-02
2.600000000000000089e-01
-3.561231493949890137e-01
4.271067499162257142e-01
9.387145476743034012e-01
9.583176039058406426e-01
1.000000000000000000e+00
9.438194804089551360e-01
9.591934105046393544e-01
1.000000000000000000e+00
9.517824562022586532e-01
1.000000000000000000e+00
9.699799617692844711e-01
9.498032976717952769e-01
9.695965699318953579e-01
9.881931821453006082e-01
9.522046786625099069e-01
1.000000000000000000e+00
9.877084336867646419e-01
1.000000000000000000e+00
9.775700180391279082e-01
9.589272213045375581e-01
9.659562555978975507e-01
1.000000000000000000e+00
1.000000000000000000e+00
1.000000000000000000e+00
1.000000000000000000e+00
3.382751986373085717e+00
8.519066599803881701e-02
2.600000000000000089e-01
2.092490345239639282e-01
5.202115117823393753e-01
9.801387817147892978e-01
9.815155319009007950e-01
9.794660758411873891e-01
1.000000000000000000e+00
1.000000000000000000e+00
9.452984105186433839e-01
1.000000000000000000e+00
1.000000000000000000e+00
9.517531153405834887e-01
1.000000000000000000e+00
1.000000000000000000e+00
9.885101226679896547e-01
1.000000000000000000e+00
1.000000000000000000e+00
1.000000000000000000e+00
9.929266039091323437e-01
1.000000000000000000e+00
9.759844661322205628e-01
1.000000000000000000e+00
9.580728886137694911e-01
1.000000000000000000e+00
1.000000000000000000e+00
9.755972090578177713e-01
3.355887808544346651e+00
7.463095094684257802e-02
2.600000000000000089e-01
1.756975501775741577e-01
5.401182327709773690e-01
9.942560775946190921e-01
9.491004742773918590e-01
1.000000000000000000e+00
9.950268669635337071e-01
1.000000000000000000e+00
9.414314036453653722e-01
1.000000000000000000e+00
9.512799934193607587e-01
9.940340919779436790e-01
9.877105162183043019e-01
9.814950726604239062e-01
9.546645286575996536e-01
9.619611540792526450e-01
1.000000000000000000e+00
9.558684085974252786e-01
9.637124844485871478e-01
1.000000000000000000e+00
1.000000000000000000e+00
1.000000000000000000e+00
9.452590105728969627e-01
1.000000000000000000e+00
1.000000000000000000e+00
1.000000000000000000e+00
3.330055391685133870e+00
5.976420609690658026e-02
2.600000000000000089e-01
1.333566755056381226e-01
5.408043614842733549e-01
1.000000000000000000e+00
1.000000000000000000e+00
9.630652791919603883e-01
9.717551050002507518e-01
9.743301320760456852e-01
1.000000000000000000e+00
1.000000000000000000e+00
1.000000000000000000e+00
1.000000000000000000e+00
1.000000000000000000e+00
9.512032190406261023e-01
1.000000000000000000e+00
1.000000000000000000e+00
9.490695144807049788e-01
9.423433704402809363e-01
9.752284523924167337e-01
9.601593588066925644e-01
9.969470432432832041e-01
1.000000000000000000e+00
9.982022263955945274e-01
9.631617478685077227e-01
9.421774631918787835e-01
9.799205776562629477e-01
3.295433087094056024e+00
4.316115069421044836e-02
2.600000000000000089e-01
1.355752944946289062e-01
1.000000000000000000e+00
9.431491804992185868e-01
1.000000000000000000e+00
9.376231364949022540e-01
1.000000000000000000e+00
9.587570783732599633e-01
1.000000000000000000e+00
1.000000000000000000e+00
9.502938955263102727e-01
9.739749872029331845e-01
9.593421286259257164e-01
1.000000000000000000e+00
1.000000000000000000e+00
1.000000000000000000e+00
1.000000000000000000e+00
9.974698009791514997e-01
1.000000000000000000e+00
9.543773887338927731e-01
1.000000000000000000e+00
9.423038208602256827e-01
1.000000000000000000e+00
1.000000000000000000e+00
9.565978291235187614e-01
1.000000000000000000e+00
3.269508829124281757e+00
3.385123134112033583e-02
2.600000000000000089e-01
7.757194340229034424e-02
9.371475554345912728e-01
1.000000000000000000e+00
1.000000000000000000e+00
9.687041094042397882e-01
1.000000000000000000e+00
9.753378121383383670e-01
9.497920705497112648e-01
1.000000000000000000e+00
9.396170460418210579e-01
9.401211824467130551e-01
9.963067458213197281e-01
9.721211162531757655e-01
9.765570849015666743e-01
9.842469790007088992e-01
9.963501863571068151e-01
1.000000000000000000e+00
9.950212943149377987e-01
1.000000000000000000e+00
9.514905529546081597e-01
9.921887861209136572e-01
9.523355262679428224e-01
9.624916660184092976e-01
1.000000000000000000e+00
1.000000000000000000e+00
3.234953060625490373e+00
2.833366025576822267e-02
2.600000000000000089e-01
-9.573115408420562744e-02
9.605737066579405070e-01
9.389903862561398418e-01
1.000000000000000000e+00
9.897734467919303558e-01
1.000000000000000000e+00
9.885462148694694751e-01
1.000000000000000000e+00
1.000000000000000000e+00
1.000000000000000000e+00
1.000000000000000000e+00
9.422145732100426496e-01
1.000000000000000000e+00
9.640851597867958755e-01
1.000000000000000000e+00
1.000000000000000000e+00
9.722408880113543317e-01
1.000000000000000000e+00
9.797129561378202789e-01
9.660084807197060197e-01
1.000000000000000000e+00
9.489945740361085402e-01
9.513869691377502269e-01
1.000000000000000000e+00
9.433413498709370959e-01
3.208892459853239121e+00
3.841829864866097566e-02
2.600000000000000089e-01
-1.061519384384155273e-01
9.630344719549778221e-01
9.748439870667905405e-01
1.000000000000000000e+00
1.000000000000000000e+00
1.000000000000000000e+00
1.000000000000000000e+00
1.000000000000000000e+00
1.000000000000000000e+00
9.380647635062364653e-01
1.000000000000000000e+00
1.000000000000000000e+00
1.000000000000000000e+00
9.540413844990773828e-01
1.000000000000000000e+00
1.000000000000000000e+00
1.000000000000000000e+00
9.564470832957381319e-01
9.653682093440292267e-01
1.000000000000000000e+00
9.506305802819194906e-01
1.000000000000000000e+00
1.000000000000000000e+00
1.000000000000000000e+00
9.440675605948604110e-01
3.165369746025227915e+00
5.854994455509299200e-02
2.600000000000000089e-01
-1.202796027064323425e-01
9.700865212634609547e-01
9.903919943411760851e-01
9.791831200737598495e-01
1.000000000000000000e+00
1.000000000000000000e+00
9.908523776079057876e-01
1.000000000000000000e+00
9.713001910384544413e-01
1.000000000000000000e+00
1.000000000000000000e+00
9.422247505852349159e-01
9.755994055710095481e-01
1.000000000000000000e+00
9.712824807801295757e-01
1.000000000000000000e+00
1.000000000000000000e+00
9.469414672312597148e-01
9.846076155880039149e-01
9.502119478848741752e-01
9.679456533824997155e-01
9.629566034486052306e-01
1.000000000000000000e+00
1.000000000000000000e+00
1.000000000000000000e+00
3.139373982246112860e+00
6.963927814589698784e-02
2.600000000000000089e-01
-1.104786247014999390e-01
1.000000000000000000e+00
9.985433236714083005e-01
9.688267647829345020e-01
1.000000000000000000e+00
1.000000000000000000e+00
9.491420822049899675e-01
1.000000000000000000e+00
1.000000000000000000e+00
9.764962647312905863e-01
9.517734976992396900e-01
1.000000000000000000e+00
1.000000000000000000e+00
1.000000000000000000e+00
1.000000000000000000e+00
1.000000000000000000e+00
1.000000000000000000e+00
9.654891449763726152e-01
9.434181836366369867e-01
1.000000000000000000e+00
1.000000000000000000e+00
1.000000000000000000e+00
1.000000000000000000e+00
9.477572235308289184e-01
1.000000000000000000e+00
3.104823481126251838e+00
8.460716818404812045e-02
2.600000000000000089e-01
-9.903088957071304321e-02
9.607703136797386412e-01
1.000000000000000000e+00
9.617028286376362312e-01
1.000000000000000000e+00
9.825360719832650913e-01
1.000000000000000000e+00
9.654127692776613978e-01
1.000000000000000000e+00
1.000000000000000000e+00
9.401958544399974249e-01
9.842370436702445602e-01
9.819339682973177164e-01
9.416237310108469538e-01
1.000000000000000000e+00
1.000000000000000000e+00
9.604931730742247709e-01
1.000000000000000000e+00
1.000000000000000000e+00
1.000000000000000000e+00
9.700363362383856991e-01
1.000000000000000000e+00
1.000000000000000000e+00
9.439288271454711055e-01
9.870111526815524838e-01
3.070306568722553031e+00
9.906361699219257133e-02
2.600000000000000089e-01
-9.457198530435562134e-02
1.000000000000000000e+00
9.842511608796958855e-01
9.422421527175408595e-01
9.510698865053239803e-01
9.719751330509179832e-01
1.000000000000000000e+00
1.000000000000000000e+00
9.394065261730398797e-01
9.575290902306139440e-01
1.000000000000000000e+00
1.000000000000000000e+00
1.000000000000000000e+00
9.679377781743477849e-01
1.000000000000000000e+00
9.465049797621488681e-01
1.000000000000000000e+00
1.000000000000000000e+00
1.000000000000000000e+00
9.839247473104356656e-01
1.000000000000000000e+00
9.472717153097043319e-01
1.000000000000000000e+00
9.913861094457760981e-01
1.000000000000000000e+00
3.035637419743174359e+00
1.122257335538683343e-01
2.600000000000000089e-01
-9.800289571285247803e-02
1.000000000000000000e+00
1.000000000000000000e+00
9.966374032417286699e-01
1.000000000000000000e+00
1.000000000000000000e+00
9.822091219519022420e-01
9.559826309199374039e-01
9.784301949597772330e-01
9.374781965039706844e-01
1.000000000000000000e+00
1.000000000000000000e+00
1.000000000000000000e+00
1.000000000000000000e+00
9.975451138526808537e-01
1.000000000000000000e+00
9.882955104058004370e-01
9.988533497667461125e-01
1.000000000000000000e+00
1.000000000000000000e+00
9.705234200240534514e-01
9.395145485495751680e-01
1.000000000000000000e+00
9.401394172322879994e-01
9.834526646022044849e-01
3.009724403671380610e+00
1.203936951021340462e-01
2.600000000000000089e-01
-6.176901981234550476e-02
9.749657490294936224e-01
9.622424363000545711e-01
9.401689095602044910e-01
1.000000000000000000e+00
9.429575630719064794e-01
9.812547780229002869e-01
9.621873450573185105e-01
9.572663819322906331e-01
9.846309210326934513e-01
9.615116017729002929e-01
1.000000000000000000e+00
9.527154006221880689e-01
1.000000000000000000e+00
9.677875277357002037e-01
1.000000000000000000e+00
9.535595982694902162e-01
9.702732357360065452e-01
1.000000000000000000e+00
9.953300279293447739e-01
1.000000000000000000e+00
9.381310133712194022e-01
1.000000000000000000e+00
1.000000000000000000e+00
1.000000000000000000e+00
2.975377724620761999e+00
1.310925683243917561e-01
2.600000000000000089e-01
-6.494925916194915771e-02
1.000000000000000000e+00
1.000000000000000000e+00
9.722216079286817303e-01
1.000000000000000000e+00
9.576421164270694231e-01
9.674730527650660106e-01
1.000000000000000000e+00
9.657021051204124351e-01
9.834714719365765800e-01
9.967524085352008623e-01
9.611621410524845421e-01
9.904587397940876059e-01
9.847976506234266125e-01
1.000000000000000000e+00
1.000000000000000000e+00
1.000000000000000000e+00
9.652690553684296626e-01
9.602060641420423481e-01
1.000000000000000000e+00
9.987090593356883206e-01
9.553069615890187327e-01
1.000000000000000000e+00
1.000000000000000000e+00
9.763700884648847111e-01
2.941175584215085514e+00
1.320425803823357391e-01
2.600000000000000089e-01
3.620750829577445984e-02
1.000000000000000000e+00
9.577608726887929524e-01
1.000000000000000000e+00
1.000000000000000000e+00
1.000000000000000000e+00
1.000000000000000000e+00
1.000000000000000000e+00
1.000000000000000000e+00
9.952767320543919327e-01
1.000000000000000000e+00
9.933596226061421897e-01
1.000000000000000000e+00
9.388720600163870111e-01
1.000000000000000000e+00
9.536967282562806014e-01
9.684199955165111451e-01
1.000000000000000000e+00
1.000000000000000000e+00
1.000000000000000000e+00
1.000000000000000000e+00
1.000000000000000000e+00
1.000000000000000000e+00
9.613245547845767902e-01
1.000000000000000000e+00
2.915371252262024981e+00
1.331970780925382236e-01
2.600000000000000089e-01
-2.731655724346637726e-02
1.000000000000000000e+00
9.721917548084577643e-01
1.000000000000000000e+00
9.820770901883489890e-01
9.897978780767899831e-01
1.000000000000000000e+00
1.000000000000000000e+00
9.704873752074416604e-01
1.000000000000000000e+00
1.000000000000000000e+00
9.405557475889093633e-01
1.000000000000000000e+00
9.480404483227092838e-01
9.389311397716815222e-01
1.000000000000000000e+00
1.000000000000000000e+00
9.723753048322613113e-01
9.685309509431830888e-01
9.461815765478129858e-01
9.678493460743654575e-01
9.381400613955986900e-01
9.902111290940014410e-01
1.000000000000000000e+00
1.000000000000000000e+00
2.889575808915442856e+00
1.388574271079172640e-01
2.600000000000000089e-01
-6.618263572454452515e-02
9.644827058748167703e-01
9.431588235712398127e-01
1.000000000000000000e+00
1.000000000000000000e+00
1.000000000000000000e+00
9.671800699245479693e-01
9.873938770247170371e-01
1.000000000000000000e+00
1.000000000000000000e+00
1.000000000000000000e+00
9.925509092792241805e-01
1.000000000000000000e+00
1.000000000000000000e+00
1.000000000000000000e+00
1.000000000000000000e+00
9.924860537180839604e-01
1.000000000000000000e+00
9.727125865402864724e-01
1.000000000000000000e+00
1.000000000000000000e+00
1.000000000000000000e+00
1.000000000000000000e+00
1.000000000000000000e+00
9.963621089382793672e-01
2.855113695492647263e+00
1.472044102739333837e-01
2.600000000000000089e-01
-2.916625887155532837e-02
1.000000000000000000e+00
9.693050185326598234e-01
9.922028610130324555e-01
1.000000000000000000e+00
9.909418618741143714e-01
1.000000000000000000e+00
1.000000000000000000e+00
1.000000000000000000e+00
1.000000000000000000e+00
1.000000000000000000e+00
9.838375796285626640e-01
1.000000000000000000e+00
1.000000000000000000e+00
1.000000000000000000e+00
1.000000000000000000e+00
9.805100052135984345e-01
9.700500157948264146e-01
1.000000000000000000e+00
9.982261364629245737e-01
9.682836484095449503e-01
1.000000000000000000e+00
9.871209253589088295e-01
9.698192967844653234e-01
9.444940992619360598e-01
2.829422685460543985e+00
1.431268013324888955e-01
2.600000000000000089e-01
9.064112603664398193e-02
1.000000000000000000e+00
9.564171675452410870e-01
9.792545006669197694e-01
1.000000000000000000e+00
9.926197862592588406e-01
1.000000000000000000e+00
9.460272775464800832e-01
1.000000000000000000e+00
9.925140973028421243e-01
1.000000000000000000e+00
9.936191515323885559e-01
1.000000000000000000e+00
1.000000000000000000e+00
9.390279341593361639e-01
1.000000000000000000e+00
9.895731572065181725e-01
1.000000000000000000e+00
1.000000000000000000e+00
1.000000000000000000e+00
1.000000000000000000e+00
9.814223843303871986e-01
1.000000000000000000e+00
9.697882114994925695e-01
9.701174979797105857e-01
2.794903721064597946e+00
1.390133199576770728e-01
2.600000000000000089e-01
-5.254078283905982971e-02
9.953400396826828089e-01
1.000000000000000000e+00
9.824394993067672166e-01
9.894287820886490392e-01
9.541384772218032273e-01
9.802681694956624225e-01
9.528823488171268563e-01
9.873822025529507274e-01
1.000000000000000000e+00
9.531442054289380739e-01
9.630328984895293321e-01
9.897542862034767186e-01
9.439426361053262493e-01
9.967839782449763320e-01
9.715921807530883969e-01
1.000000000000000000e+00
1.000000000000000000e+00
9.765943937185816992e-01
1.000000000000000000e+00
1.000000000000000000e+00
1.000000000000000000e+00
1.000000000000000000e+00
9.904273386172326443e-01
9.640682420242516759e-01
2.769145313793584418e+00
1.441925238160184364e-01
2.600000000000000089e-01
-2.404482848942279816e-02
9.942048565226597745e-01
1.000000000000000000e+00
1.000000000000000000e+00
1.000000000000000000e+00
9.681928898696166019e-01
1.000000000000000000e+00
1.000000000000000000e+00
9.789418764961814734e-01
1.000000000000000000e+00
9.961376468532509021e-01
9.498897371886693142e-01
9.745572198062297797e-01
9.690148890860816877e-01
1.000000000000000000e+00
1.000000000000000000e+00
9.651969245738787340e-01
9.589695861061660054e-01
1.000000000000000000e+00
1.000000000000000000e+00
9.664688451650741419e-01
9.750830659654584620e-01
9.911307207807418251e-01
9.899808268150238622e-01
9.673421095892414945e-01
2.743507780466611923e+00
1.488148351498623789e-01
2.600000000000000089e-01
-4.651009663939476013e-02
9.483475563797852947e-01
1.000000000000000000e+00
9.628859756360428346e-01
9.813730383207360797e-01
1.000000000000000000e+00
1.000000000000000000e+00
9.851567550387594352e-01
9.884124537443953473e-01
1.000000000000000000e+00
1.000000000000000000e+00
9.473746698614712303e-01
9.808223189441355183e-01
1.000000000000000000e+00
9.823062286988069047e-01
9.644921699188210296e-01
9.489110827907857315e-01
1.000000000000000000e+00
9.466436260872315156e-01
1.000000000000000000e+00
1.000000000000000000e+00
1.000000000000000000e+00
9.576430646645117672e-01
9.699095114762422698e-01
9.477896687828953892e-01
2.709272192735959539e+00
1.540310938784967831e-01
2.600000000000000089e-01
-9.877964854240417480e-03
9.884686450353414866e-01
9.942647486140607782e-01
1.000000000000000000e+00
1.000000000000000000e+00
9.569168597673713972e-01
9.433814163102481887e-01
9.846542176586889905e-01
1.000000000000000000e+00
1.000000000000000000e+00
1.000000000000000000e+00
9.893848517517384034e-01
1.000000000000000000e+00
1.000000000000000000e+00
9.523165990993378571e-01
9.756419688438364712e-01
1.000000000000000000e+00
1.000000000000000000e+00
1.000000000000000000e+00
1.000000000000000000e+00
9.795723875597313057e-01
1.000000000000000000e+00
1.000000000000000000e+00
1.000000000000000000e+00
1.000000000000000000e+00
2.674845616495999501e+00
1.573873085805370664e-01
2.600000000000000089e-01
7.881622877903282642e-04
1.000000000000000000e+00
1.000000000000000000e+00
9.723012898539271642e-01
1.000000000000000000e+00
9.460981812834655669e-01
1.000000000000000000e+00
9.726079724832167317e-01
1.000000000000000000e+00
9.566103138126723637e-01
9.794307327678904995e-01
1.000000000000000000e+00
9.688172280135975978e-01
9.880145962870192644e-01
1.000000000000000000e+00
9.554695776610921953e-01
1.000000000000000000e+00
1.000000000000000000e+00
9.383108178525952914e-01
9.613151777516180108e-01
1.000000000000000000e+00
9.446387093461094953e-01
9.984068455414675247e-01
9.596554320124995874e-01
9.467142129259391581e-01
2.649223657730287673e+00
1.530033324030490860e-01
2.600000000000000089e-01
1.081042438745498657e-01
1.000000000000000000e+00
9.770014977426564329e-01
1.000000000000000000e+00
9.929720216224536822e-01
1.000000000000000000e+00
1.000000000000000000e+00
1.000000000000000000e+00
1.000000000000000000e+00
9.745998506711824882e-01
9.418179728836577613e-01
9.433592736381700705e-01
1.000000000000000000e+00
9.428173589133518329e-01
1.000000000000000000e+00
9.755287442288157473e-01
9.497180214800833298e-01
1.000000000000000000e+00
9.666071908965314652e-01
1.000000000000000000e+00
1.000000000000000000e+00
9.725443840913963189e-01
9.868311887517038361e-01
9.840692803978766667e-01
1.000000000000000000e+00
2.615086939519088549e+00
1.525456586722828689e-01
2.600000000000000089e-01
-2.211291901767253876e-02
9.484652810267319989e-01
1.000000000000000000e+00
1.000000000000000000e+00
1.000000000000000000e+00
9.577389231448438789e-01
9.573855283222184598e-01
9.547450646846132871e-01
1.000000000000000000e+00
1.000000000000000000e+00
9.616824449896620441e-01
1.000000000000000000e+00
1.000000000000000000e+00
1.000000000000000000e+00
9.620512098075498786e-01
9.780751537921287264e-01
1.000000000000000000e+00
1.000000000000000000e+00
9.831520912147333480e-01
1.000000000000000000e+00
1.000000000000000000e+00
9.480159615163545883e-01
1.000000000000000000e+00
1.000000000000000000e+00
1.000000000000000000e+00
2.589430764624258696e+00
1.527321827266829857e-01
2.600000000000000089e-01
6.421589851379394531e-02
1.000000000000000000e+00
1.000000000000000000e+00
1.000000000000000000e+00
1.000000000000000000e+00
1.000000000000000000e+00
1.000000000000000000e+00
1.000000000000000000e+00
1.000000000000000000e+00
1.000000000000000000e+00
1.000000000000000000e+00
9.860989719617527793e-01
9.612273882921137380e-01
1.000000000000000000e+00
9.929704238979379927e-01
9.629703354027435713e-01
9.541046871428037202e-01
9.655896950542264268e-01
9.782952332964639508e-01
1.000000000000000000e+00
9.582195376694387923e-01
9.945943278334344884e-01
9.371640927148323641e-01
1.000000000000000000e+00
1.000000000000000000e+00
2.563758447788508477e+00
1.472739752173777283e-01
2.600000000000000089e-01
1.344079077243804932e-01
9.458124809067616212e-01
1.000000000000000000e+00
9.761601943626788680e-01
1.000000000000000000e+00
1.000000000000000000e+00
9.476173290846692243e-01
9.658934124920580677e-01
9.464761185063012006e-01
9.750411949134736300e-01
9.438990060418976924e-01
1.000000000000000000e+00
9.535203024709073549e-01
9.678098858897350443e-01
9.382117841632954258e-01
9.797777710384633076e-01
9.972847623679426121e-01
1.000000000000000000e+00
9.668125250369689061e-01
1.000000000000000000e+00
1.000000000000000000e+00
1.000000000000000000e+00
9.684342747993588407e-01
1.000000000000000000e+00
9.920333398532973357e-01
2.529700034602149650e+00
1.341915551385670646e-01
2.600000000000000089e-01
8.061231672763824463e-02
9.383734905758122080e-01
1.000000000000000000e+00
9.530523602931664229e-01
9.953411495772688244e-01
1.000000000000000000e+00
9.863109858520596740e-01
9.475863478965964593e-01
1.000000000000000000e+00
1.000000000000000000e+00
9.552150069575324753e-01
9.689494579304150923e-01
9.723319352067593124e-01
1.000000000000000000e+00
9.946678627345310053e-01
9.497696629839664784e-01
1.000000000000000000e+00
9.426510887205855616e-01
1.000000000000000000e+00
9.655885757158981786e-01
9.969276682855970906e-01
9.415996125314796128e-01
1.000000000000000000e+00
9.554882560699642369e-01
1.000000000000000000e+00
2.495203883877395779e+00
1.246042354505130234e-01
2.600000000000000089e-01
8.536941558122634888e-02
1.000000000000000000e+00
9.719940572660267231e-01
9.968823866889412466e-01
9.884749339829984605e-01
9.482544598441139394e-01
9.696917824688748855e-01
9.676995118272150309e-01
1.000000000000000000e+00
1.000000000000000000e+00
1.000000000000000000e+00
1.000000000000000000e+00
1.000000000000000000e+00
1.000000000000000000e+00
9.925541219841969021e-01
1.000000000000000000e+00
9.486842522858197624e-01
1.000000000000000000e+00
1.000000000000000000e+00
9.376079298251566163e-01
1.000000000000000000e+00
1.000000000000000000e+00
9.967620485101067462e-01
9.647653602223238423e-01
1.000000000000000000e+00
2.469451924045953817e+00
1.202095161319287620e-01
2.600000000000000089e-01
5.387434363365173340e-02
1.000000000000000000e+00
9.752866698249815780e-01
9.798005294200204940e-01
1.000000000000000000e+00
9.688886835936559860e-01
9.389794000391692430e-01
1.000000000000000000e+00
1.000000000000000000e+00
9.758106968398223557e-01
9.635194782421400150e-01
9.483932403038758396e-01
9.958699853803738566e-01
9.683229462100106932e-01
1.000000000000000000e+00
9.716692288351727047e-01
9.525141018568898943e-01
9.985649289558844455e-01
1.000000000000000000e+00
1.000000000000000000e+00
9.421126757557335418e-01
9.824697180217194514e-01
9.838061937090809561e-01
9.574302731420817336e-01
9.919042001536515496e-01
2.435231319798194960e+00
1.147957459458370799e-01
2.600000000000000089e-01
4.584093019366264343e-02
1.000000000000000000e+00
9.400045030445542960e-01
9.429601574683669218e-01
1.000000000000000000e+00
1.000000000000000000e+00
1.000000000000000000e+00
1.000000000000000000e+00
1.000000000000000000e+00
9.440186813418661727e-01
9.656262825036835418e-01
9.389816570609259561e-01
9.654126967509776280e-01
1.000000000000000000e+00
9.556271140060850211e-01
9.919192865363094525e-01
1.000000000000000000e+00
1.000000000000000000e+00
9.507216425336729726e-01
9.963153971604564729e-01
1.000000000000000000e+00
1.000000000000000000e+00
9.387999444340353605e-01
1.000000000000000000e+00
9.419334507152636871e-01
2.409416286333169399e+00
1.134925237394082131e-01
2.600000000000000089e-01
5.430545192211866379e-03
9.681456985281636785e-01
9.376756189604323888e-01
9.389936479286827842e-01
1.000000000000000000e+00
1.000000000000000000e+00
1.000000000000000000e+00
9.777273664852600410e-01
1.000000000000000000e+00
1.000000000000000000e+00
1.000000000000000000e+00
1.000000000000000000e+00
1.000000000000000000e+00
9.548849181223423299e-01
9.413835077520358308e-01
1.000000000000000000e+00
1.000000000000000000e+00
1.000000000000000000e+00
1.000000000000000000e+00
9.565550268975648862e-01
9.577584289582545818e-01
1.000000000000000000e+00
9.716896443250503390e-01
9.983773235732645857e-01
1.000000000000000000e+00
2.383615376434339073e+00
1.144434646883225604e-01
2.600000000000000089e-01
7.667228113859891891e-03
1.000000000000000000e+00
9.632809906742700878e-01
1.000000000000000000e+00
1.000000000000000000e+00
1.000000000000000000e+00
1.000000000000000000e+00
1.000000000000000000e+00
1.000000000000000000e+00
1.000000000000000000e+00
9.709655535946112304e-01
1.000000000000000000e+00
9.980726089557384606e-01
9.877519827616862980e-01
1.000000000000000000e+00
1.000000000000000000e+00
9.995042397230710085e-01
9.926786370025888484e-01
9.392082203423720577e-01
1.000000000000000000e+00
1.000000000000000000e+00
9.380704235252680379e-01
9.384386184162344380e-01
1.000000000000000000e+00
1.000000000000000000e+00
2.349280931756702717e+00
1.121918391879730414e-01
2.600000000000000089e-01
6.374791264533996582e-02
9.407199468638475226e-01
1.000000000000000000e+00
9.775166964144937909e-01
1.000000000000000000e+00
1.000000000000000000e+00
9.785280012592345589e-01
1.000000000000000000e+00
1.000000000000000000e+00
9.462492222633666072e-01
9.743897150752732772e-01
9.415371911409770034e-01
9.398136823071778778e-01
9.859490587692085750e-01
9.830032610373756752e-01
1.000000000000000000e+00
9.692991688732945921e-01
9.825515654514596076e-01
9.464473538023865373e-01
1.000000000000000000e+00
1.000000000000000000e+00
1.000000000000000000e+00
9.442975658160955854e-01
1.000000000000000000e+00
9.516713146014117441e-01
2.314768041611639404e+00
1.040715515327357288e-01
2.600000000000000089e-01
7.040948420763015747e-02
1.000000000000000000e+00
1.000000000000000000e+00
9.703566419361343565e-01
1.000000000000000000e+00
1.000000000000000000e+00
9.832564741790154050e-01
9.883218602207265446e-01
9.612936766673970679e-01
1.000000000000000000e+00
1.000000000000000000e+00
1.000000000000000000e+00
1.000000000000000000e+00
9.846316389824461002e-01
1.000000000000000000e+00
1.000000000000000000e+00
1.000000000000000000e+00
9.717763679717650316e-01
1.000000000000000000e+00
9.667311792761358324e-01
1.000000000000000000e+00
9.563750044137391271e-01
1.000000000000000000e+00
9.813400042581100768e-01
9.398934502631509647e-01
2.280432202211121417e+00
9.799642943898900782e-02
2.600000000000000089e-01
4.633422568440437317e-02
1.000000000000000000e+00
1.000000000000000000e+00
1.000000000000000000e+00
9.762133579222924684e-01
9.777032817369855078e-01
1.000000000000000000e+00
1.000000000000000000e+00
9.946659884652984118e-01
9.672079132579144423e-01
1.000000000000000000e+00
9.899524770092004156e-01
1.000000000000000000e+00
1.000000000000000000e+00
1.000000000000000000e+00
9.409146578293056118e-01
9.843944816700195277e-01
1.000000000000000000e+00
1.000000000000000000e+00
9.457910535519600259e-01
1.000000000000000000e+00
9.545165730324954856e-01
9.949635901674228622e-01
9.825683300319413283e-01
1.000000000000000000e+00
2.246034193427214110e+00
9.814359119206095272e-02
2.600000000000000089e-01
-2.247474901378154755e-02
9.645684759502162198e-01
9.436335387249416007e-01
9.459521451112381518e-01
9.670343655213470280e-01
1.000000000000000000e+00
9.442947786421934664e-01
9.430296651635590166e-01
9.549863281348945909e-01
1.000000000000000000e+00
1.000000000000000000e+00
1.000000000000000000e+00
1.000000000000000000e+00
1.000000000000000000e+00
1.000000000000000000e+00
1.000000000000000000e+00
9.400100913806649361e-01
1.000000000000000000e+00
1.000000000000000000e+00
1.000000000000000000e+00
1.000000000000000000e+00
1.000000000000000000e+00
1.000000000000000000e+00
1.000000000000000000e+00
9.932225566138342954e-01
2.220228298113570364e+00
9.816089122241944409e-02
2.600000000000000089e-01
1.748930290341377258e-02
1.000000000000000000e+00
9.444960376510281863e-01
1.000000000000000000e+00
9.375358656184877848e-01
9.444544066415445638e-01
1.000000000000000000e+00
1.000000000000000000e+00
1.000000000000000000e+00
1.000000000000000000e+00
9.691534840314496302e-01
9.642083077592459306e-01
1.000000000000000000e+00
9.564327511735870591e-01
9.413198129782269774e-01
1.000000000000000000e+00
1.000000000000000000e+00
9.884204839151528033e-01
9.975083613211440658e-01
9.957928259471906518e-01
1.000000000000000000e+00
1.000000000000000000e+00
9.609853618355075344e-01
1.000000000000000000e+00
1.000000000000000000e+00
2.185740582215596195e+00
9.464678565879758310e-02
2.600000000000000089e-01
7.150481641292572021e-02
1.000000000000000000e+00
1.000000000000000000e+00
1.000000000000000000e+00
1.000000000000000000e+00
1.000000000000000000e+00
1.000000000000000000e+00
9.858320949590702043e-01
1.000000000000000000e+00
9.586158216778440933e-01
9.379764327777716515e-01
9.627105874556077802e-01
9.961328041182249127e-01
9.575384816872400950e-01
9.491521503544612104e-01
1.000000000000000000e+00
1.000000000000000000e+00
1.000000000000000000e+00
9.534581422627860237e-01
9.750708734958284385e-01
9.693065607599518074e-01
1.000000000000000000e+00
9.997493566000220655e-01
1.000000000000000000e+00
9.557982631270108831e-01
2.151372824541077033e+00
8.610550532576288774e-02
2.600000000000000089e-01
9.231492131948471069e-02
1.000000000000000000e+00
1.000000000000000000e+00
1.000000000000000000e+00
1.000000000000000000e+00
1.000000000000000000e+00
9.852473531381387151e-01
9.465964734114092893e-01
9.499077625158272031e-01
9.619222382740557631e-01
9.427988574010012224e-01
1.000000000000000000e+00
9.523456006252987160e-01
1.000000000000000000e+00
1.000000000000000000e+00
1.000000000000000000e+00
1.000000000000000000e+00
1.000000000000000000e+00
1.000000000000000000e+00
1.000000000000000000e+00
9.933958853873693373e-01
9.766661094536143173e-01
1.000000000000000000e+00
9.640521839081381827e-01
1.000000000000000000e+00
2.125662375446342178e+00
7.972406242602358972e-02
2.600000000000000089e-01
4.357106238603591919e-02
9.637840938129013102e-01
9.741606978997744415e-01
1.000000000000000000e+00
9.541952711146107768e-01
1.000000000000000000e+00
1.000000000000000000e+00
9.514313225170808463e-01
1.000000000000000000e+00
9.661584452824335534e-01
9.805824305913933836e-01
9.446810942199397321e-01
1.000000000000000000e+00
1.000000000000000000e+00
9.795922935243455143e-01
1.000000000000000000e+00
9.506263318622096836e-01
1.000000000000000000e+00
1.000000000000000000e+00
9.766794327826914257e-01
1.000000000000000000e+00
1.000000000000000000e+00
1.000000000000000000e+00
1.000000000000000000e+00
1.000000000000000000e+00
2.091270380607066937e+00
7.510008981604299194e-02
2.600000000000000089e-01
3.989721089601516724e-02
1.000000000000000000e+00
9.615371031265336210e-01
1.000000000000000000e+00
1.000000000000000000e+00
9.409337637251110609e-01
1.000000000000000000e+00
9.625953834711479251e-01
9.559860471440433383e-01
9.960869327275782004e-01
9.402559560965910723e-01
1.000000000000000000e+00
1.000000000000000000e+00
1.000000000000000000e+00
1.000000000000000000e+00
1.000000000000000000e+00
9.881178918998241301e-01
9.822905341013107305e-01
1.000000000000000000e+00
1.000000000000000000e+00
1.000000000000000000e+00
1.000000000000000000e+00
9.413025524506146713e-01
1.000000000000000000e+00
1.000000000000000000e+00
2.065430191590013287e+00
6.953598147986594924e-02
2.600000000000000089e-01
8.870372176170349121e-02
9.514445389256164232e-01
1.000000000000000000e+00
1.000000000000000000e+00
1.000000000000000000e+00
1.000000000000000000e+00
9.393080615761327801e-01
1.000000000000000000e+00
1.000000000000000000e+00
1.000000000000000000e+00
9.418974854510243633e-01
9.621139786250213488e-01
9.819922706605781482e-01
1.000000000000000000e+00
9.605011385231666532e-01
9.409640630973806763e-01
9.791159751378673004e-01
9.859492491633153888e-01
1.000000000000000000e+00
1.000000000000000000e+00
1.000000000000000000e+00
9.579192152765594326e-01
9.764405438655003877e-01
9.570979824290759552e-01
9.682160659912569800e-01
2.039502391035386886e+00
6.243596525074890380e-02
2.600000000000000089e-01
7.399611175060272217e-02
9.649359495200210413e-01
9.587851909381549520e-01
9.684447766442415562e-01
9.965831877025576047e-01
9.376285476165386878e-01
1.000000000000000000e+00
9.697720646241336784e-01
9.625700058012905957e-01
9.870560017854199675e-01
9.709396017240780052e-01
1.000000000000000000e+00
9.621458424348992011e-01
9.555640181649384113e-01
1.000000000000000000e+00
9.955326039230685264e-01
9.934971368432806704e-01
1.000000000000000000e+00
9.975067742496950274e-01
1.000000000000000000e+00
9.629298553682524853e-01
9.745689902315558539e-01
1.000000000000000000e+00
1.000000000000000000e+00
9.974179031160435027e-01
2.004824374590468139e+00
5.449574395378853353e-02
2.600000000000000089e-01
4.282078146934509277e-02
9.481697738691742261e-01
1.000000000000000000e+00
9.924365922372205828e-01
1.000000000000000000e+00
1.000000000000000000e+00
1.000000000000000000e+00
9.833074389937438431e-01
1.000000000000000000e+00
1.000000000000000000e+00
1.000000000000000000e+00
9.424166256002068920e-01
1.000000000000000000e+00
9.539099411872503653e-01
9.820547857772192746e-01
1.000000000000000000e+00
1.000000000000000000e+00
9.597980910287926548e-01
1.000000000000000000e+00
1.000000000000000000e+00
1.000000000000000000e+00
9.949492036108891213e-01
9.946770043739371348e-01
9.404580500142056820e-01
9.760983475845563806e-01
1.978960958132697234e+00
5.214469242390062931e-02
2.600000000000000089e-01
1.375055685639381409e-02
9.827856166502454416e-01
9.679677606825262126e-01
1.000000000000000000e+00
1.000000000000000000e+00
9.826210344465263757e-01
1.000000000000000000e+00
1.000000000000000000e+00
9.591339611914114771e-01
9.771834241442830526e-01
1.000000000000000000e+00
1.000000000000000000e+00
1.000000000000000000e+00
1.000000000000000000e+00
9.444427064179689024e-01
1.000000000000000000e+00
9.489780509939860220e-01
1.000000000000000000e+00
1.000000000000000000e+00
1.000000000000000000e+00
1.000000000000000000e+00
9.478979417809385577e-01
9.537352032774203403e-01
1.000000000000000000e+00
1.000000000000000000e+00
1.944413768467587955e+00
5.420031461121688210e-02
2.600000000000000089e-01
-2.346644550561904907e-02
9.755381361755433023e-01
1.000000000000000000e+00
1.000000000000000000e+00
9.692107119447551655e-01
9.661873616899885331e-01
1.000000000000000000e+00
1.000000000000000000e+00
1.000000000000000000e+00
1.000000000000000000e+00
9.497221350563913589e-01
9.757187072547185425e-01
1.000000000000000000e+00
1.000000000000000000e+00
1.000000000000000000e+00
9.801323320293524599e-01
1.000000000000000000e+00
9.756171901115349154e-01
1.000000000000000000e+00
1.000000000000000000e+00
1.000000000000000000e+00
9.475503533692971603e-01
1.000000000000000000e+00
1.000000000000000000e+00
1.000000000000000000e+00
1.909929393849303603e+00
5.919198296344596599e-02
2.600000000000000089e-01
-5.480232462286949158e-02
9.536128058375797911e-01
1.000000000000000000e+00
1.000000000000000000e+00
1.000000000000000000e+00
1.000000000000000000e+00
9.505295342655021296e-01
1.000000000000000000e+00
1.000000000000000000e+00
1.000000000000000000e+00
1.000000000000000000e+00
1.000000000000000000e+00
9.804033607385621574e-01
9.512463120756685653e-01
9.441173702667561285e-01
1.000000000000000000e+00
9.390730683436975257e-01
1.000000000000000000e+00
9.598034287116413710e-01
1.000000000000000000e+00
9.817627331649797506e-01
9.430338375012847774e-01
9.798519766523229313e-01
1.000000000000000000e+00
9.412031549711395995e-01
1.883998620645201294e+00
6.558181401026441648e-02
2.600000000000000089e-01
-5.802498012781143188e-02
1.000000000000000000e+00
1.000000000000000000e+00
9.491573509299350286e-01
1.000000000000000000e+00
9.782379961195694085e-01
9.753048839191135189e-01
9.493744236533865344e-01
1.000000000000000000e+00
9.729858283956229759e-01
1.000000000000000000e+00
1.000000000000000000e+00
1.000000000000000000e+00
9.518238248051217321e-01
1.000000000000000000e+00
1.000000000000000000e+00
1.000000000000000000e+00
1.000000000000000000e+00
1.000000000000000000e+00
9.939580735623708696e-01
9.955182030768752188e-01
9.592296784771255913e-01
1.000000000000000000e+00
9.706789459711125945e-01
1.000000000000000000e+00
1.849176702247170123e+00
7.929568865362446317e-02
2.600000000000000089e-01
-1.212407797574996948e-01
1.000000000000000000e+00
1.000000000000000000e+00
9.511618737619533803e-01
9.592685913176947077e-01
9.427748240152650228e-01
9.799159727283536236e-01
1.000000000000000000e+00
1.000000000000000000e+00
9.701321433321882237e-01
1.000000000000000000e+00
1.000000000000000000e+00
1.000000000000000000e+00
1.000000000000000000e+00
1.000000000000000000e+00
9.981085204840469682e-01
9.522674694967179221e-01
9.984364324037214855e-01
9.780478427273076036e-01
1.000000000000000000e+00
1.000000000000000000e+00
1.000000000000000000e+00
9.952211975132811972e-01
1.000000000000000000e+00
1.000000000000000000e+00
1.823169854619943742e+00
9.350905614051363557e-02
2.600000000000000089e-01
-1.372267752885818481e-01
1.000000000000000000e+00
9.474101868896874779e-01
9.420528231319913459e-01
9.954950653285402629e-01
1.000000000000000000e+00
9.655713315806053743e-01
9.599706250480503078e-01
9.952749591343286184e-01
1.000000000000000000e+00
1.000000000000000000e+00
9.543503865633992111e-01
9.943646786242265057e-01
9.672358522896075117e-01
9.407656587643870028e-01
9.567263183324975495e-01
9.631411584251774460e-01
9.804457119713548829e-01
1.000000000000000000e+00
1.000000000000000000e+00
9.401886352364441368e-01
1.000000000000000000e+00
9.692696490808870857e-01
9.423209436830305430e-01
1.000000000000000000e+00
1.788666715557530429e+00
1.112757944872559968e-01
2.600000000000000089e-01
-1.150322183966636658e-01
1.000000000000000000e+00
9.715186671766448123e-01
1.000000000000000000e+00
9.924469670779967334e-01
9.838347846542851993e-01
9.925045471124847030e-01
1.000000000000000000e+00
9.942105212381291413e-01
1.000000000000000000e+00
9.511319032468087409e-01
9.501334633212443759e-01
1.000000000000000000e+00
1.000000000000000000e+00
9.798490522552512072e-01
9.584113345042789556e-01
9.815991476229167789e-01
9.673268077565116974e-01
1.000000000000000000e+00
9.701029047858981125e-01
1.000000000000000000e+00
9.911783583003115350e-01
9.771065023806808636e-01
1.000000000000000000e+00
9.792220460615802535e-01
1.762795481729195091e+00
1.260613331153890293e-01
2.600000000000000089e-01
-1.317327022552490234e-01
9.945690693587841968e-01
9.660446839326848334e-01
1.000000000000000000e+00
9.983552936064388206e-01
1.000000000000000000e+00
9.681311365884501807e-01
1.000000000000000000e+00
1.000000000000000000e+00
9.783432799589319995e-01
9.867875883856562780e-01
9.781120725300338492e-01
1.000000000000000000e+00
1.000000000000000000e+00
1.000000000000000000e+00
9.483377089271964877e-01
9.380341458932818233e-01
9.577937581952628010e-01
9.391106652523234510e-01
9.792679624122662130e-01
9.949403127773145394e-01
1.000000000000000000e+00
9.589706286051529194e-01
9.401352548141070908e-01
1.000000000000000000e+00
1.728430521066728121e+00
1.449032476156624227e-01
2.600000000000000089e-01
-1.069145426154136658e-01
9.911428265583311914e-01
1.000000000000000000e+00
9.581565952897401761e-01
9.892166984254220363e-01
1.000000000000000000e+00
9.989812969399433085e-01
1.000000000000000000e+00
1.000000000000000000e+00
1.000000000000000000e+00
1.000000000000000000e+00
1.000000000000000000e+00
9.576833356258350749e-01
1.000000000000000000e+00
9.410540330017717059e-01
1.000000000000000000e+00
1.000000000000000000e+00
1.000000000000000000e+00
1.000000000000000000e+00
1.000000000000000000e+00
1.000000000000000000e+00
9.448372500103844329e-01
9.627225293429054753e-01
1.000000000000000000e+00
9.403106878208893349e-01
1.693956636690421291e+00
1.594708272119937931e-01
2.600000000000000089e-01
-7.826731353998184204e-02
9.666616661907250219e-01
1.000000000000000000e+00
1.000000000000000000e+00
1.000000000000000000e+00
9.567799251506852176e-01
1.000000000000000000e+00
9.718797718401791519e-01
1.000000000000000000e+00
1.000000000000000000e+00
1.000000000000000000e+00
1.000000000000000000e+00
1.000000000000000000e+00
1.000000000000000000e+00
9.767184884544475310e-01
9.823338773947212221e-01
9.552774010943553273e-01
9.419512903992075525e-01
1.000000000000000000e+00
9.468431020106200524e-01
9.545289556215342808e-01
1.000000000000000000e+00
1.000000000000000000e+00
9.957802500602263018e-01
1.000000000000000000e+00
1.668190643055112110e+00
1.736099528912040668e-01
2.600000000000000089e-01
-1.392535269260406494e-01
9.720810158927349898e-01
1.000000000000000000e+00
9.771868275470182441e-01
1.000000000000000000e+00
1.000000000000000000e+00
1.000000000000000000e+00
1.000000000000000000e+00
1.000000000000000000e+00
9.521908435093685563e-01
9.820388120746660343e-01
9.406190628505355367e-01
1.000000000000000000e+00
9.933417109469421247e-01
9.937704419219414165e-01
9.698778178555759188e-01
1.000000000000000000e+00
1.000000000000000000e+00
9.907221657383954438e-01
1.000000000000000000e+00
9.884713199890916568e-01
9.473429276463117832e-01
1.000000000000000000e+00
1.000000000000000000e+00
9.563525784752382464e-01
1.634010004549565132e+00
1.892297241242872907e-01
2.600000000000000089e-01
-4.303310066461563110e-02
9.831324557544222076e-01
9.508101443997546420e-01
1.000000000000000000e+00
9.519836919829531841e-01
1.000000000000000000e+00
1.000000000000000000e+00
9.649488988851467886e-01
9.619852315129462372e-01
1.000000000000000000e+00
9.914472087896342156e-01
1.000000000000000000e+00
1.000000000000000000e+00
9.710995430704094655e-01
9.898331468816896628e-01
9.570102197447851733e-01
9.825872184177607549e-01
9.515132892187084801e-01
9.641426216589813469e-01
9.862595130506029983e-01
9.726591531987711647e-01
1.000000000000000000e+00
9.383545766303057478e-01
9.469126209166207619e-01
9.920360983826638224e-01
1.608578927359579414e+00
1.967650948562238433e-01
2.600000000000000089e-01
-5.921075493097305298e-02
9.975937734360815767e-01
1.000000000000000000e+00
9.408174305814483995e-01
9.882900496341379126e-01
1.000000000000000000e+00
9.808386505561844659e-01
1.000000000000000000e+00
9.464491999694718549e-01
1.000000000000000000e+00
1.000000000000000000e+00
1.000000000000000000e+00
9.584803362480034394e-01
9.444792731736706415e-01
1.000000000000000000e+00
1.000000000000000000e+00
9.766581925203546843e-01
1.000000000000000000e+00
9.740873574795697598e-01
1.000000000000000000e+00
9.766059641215626419e-01
9.493119159741485458e-01
9.470898749083357382e-01
1.000000000000000000e+00
9.541052350499992230e-01
1.574620319608177832e+00
2.082076205257910040e-01
2.600000000000000089e-01
-5.497262999415397644e-02
1.000000000000000000e+00
9.574082215986975397e-01
1.000000000000000000e+00
9.617314187301938544e-01
9.453360417626337497e-01
1.000000000000000000e+00
9.791669786659678021e-01
1.000000000000000000e+00
9.766432745595848841e-01
9.469396009590184127e-01
1.000000000000000000e+00
9.930914227616678414e-01
9.480987884841588498e-01
9.652860558095950338e-01
1.000000000000000000e+00
1.000000000000000000e+00
1.000000000000000000e+00
9.696833926906288648e-01
1.000000000000000000e+00
9.603939139639917633e-01
1.000000000000000000e+00
1.000000000000000000e+00
1.000000000000000000e+00
1.000000000000000000e+00
1.549147739256028222e+00
2.204049891441242082e-01
2.600000000000000089e-01
-9.506823122501373291e-02
1.000000000000000000e+00
9.529072955515083265e-01
9.551078600607878499e-01
9.927112779527191844e-01
1.000000000000000000e+00
1.000000000000000000e+00
9.849049272130808719e-01
1.000000000000000000e+00
9.754244403417361431e-01
1.000000000000000000e+00
1.000000000000000000e+00
9.493537321646888794e-01
1.000000000000000000e+00
9.664559726462993439e-01
1.000000000000000000e+00
9.676691513465768280e-01
9.646337363898356276e-01
1.000000000000000000e+00
9.494209889801606961e-01
9.712705408476999258e-01
9.638116164903564043e-01
9.677649048369069140e-01
1.000000000000000000e+00
9.711835682036713546e-01
1.498559032481743047e+00
2.441142731693144441e-01
2.600000000000000089e-01
-5.519437044858932495e-02
9.754187877856658195e-01
1.000000000000000000e+00
1.000000000000000000e+00
1.000000000000000000e+00
1.000000000000000000e+00
1.000000000000000000e+00
9.806440411594575801e-01
1.000000000000000000e+00
9.746098672564882381e-01
1.000000000000000000e+00
1.000000000000000000e+00
9.702958568328116096e-01
1.000000000000000000e+00
9.661539160762883105e-01
1.000000000000000000e+00
1.000000000000000000e+00
9.577938606280573808e-01
9.863359174961890963e-01
1.000000000000000000e+00
1.000000000000000000e+00
1.000000000000000000e+00
9.696778841902150559e-01
9.903512640322851279e-01
1.000000000000000000e+00
1.473280493419943493e+00
2.519661754350388527e-01
2.600000000000000089e-01
-2.963325940072536469e-02
1.000000000000000000e+00
1.000000000000000000e+00
1.000000000000000000e+00
1.000000000000000000e+00
1.000000000000000000e+00
9.572891271133211477e-01
9.441216817029719488e-01
9.895546055925316109e-01
1.000000000000000000e+00
9.437232386189099431e-01
1.000000000000000000e+00
1.000000000000000000e+00
1.000000000000000000e+00
1.000000000000000000e+00
9.613984887785258504e-01
9.980458175587748615e-01
9.453910523562116808e-01
9.977347119263563213e-01
9.795888984957408230e-01
9.475740833142999309e-01
9.756640016131697957e-01
9.922884533795055528e-01
9.643349363598435753e-01
1.000000000000000000e+00
1.448079581050724984e+00
2.604388395706829229e-01
2.600000000000000089e-01
-3.700384125113487244e-02
1.000000000000000000e+00
1.000000000000000000e+00
1.000000000000000000e+00
1.000000000000000000e+00
9.843156561907858704e-01
1.000000000000000000e+00
9.851119569083367500e-01
1.000000000000000000e+00
9.913277037655554569e-01
1.000000000000000000e+00
1.000000000000000000e+00
1.000000000000000000e+00
1.000000000000000000e+00
1.000000000000000000e+00
9.535777927261900322e-01
9.456264227453841098e-01
9.977108313930899142e-01
1.000000000000000000e+00
9.951750737378560752e-01
9.853010506816722858e-01
9.467569849599710707e-01
1.000000000000000000e+00
9.400015739302164386e-01
1.000000000000000000e+00
1.414566958059453761e+00
2.722054305448793343e-01
2.600000000000000089e-01
-5.000120401382446289e-02
9.867811779777128089e-01
9.502538361159701408e-01
9.524172425331526304e-01
1.000000000000000000e+00
1.000000000000000000e+00
1.000000000000000000e+00
1.000000000000000000e+00
9.626508324350459000e-01
9.871438690721489051e-01
1.000000000000000000e+00
9.624638200836476143e-01
1.000000000000000000e+00
9.399300834793092863e-01
1.000000000000000000e+00
1.000000000000000000e+00
9.737831828998190220e-01
1.000000000000000000e+00
9.470947863679948231e-01
1.000000000000000000e+00
1.000000000000000000e+00
1.000000000000000000e+00
1.000000000000000000e+00
1.000000000000000000e+00
9.891087801215944220e-01
1.381200213710544800e+00
2.901658799991406745e-01
2.600000000000000089e-01
-1.362887769937515259e-01
1.000000000000000000e+00
9.614237700176632151e-01
9.591050478556493175e-01
1.000000000000000000e+00
1.000000000000000000e+00
9.390176547338721091e-01
9.598426411097722433e-01
1.000000000000000000e+00
9.931558123197475885e-01
1.000000000000000000e+00
1.000000000000000000e+00
1.000000000000000000e+00
9.659378885571062723e-01
1.000000000000000000e+00
1.000000000000000000e+00
9.722646283929333721e-01
9.811022152329266222e-01
9.459393657883926609e-01
9.963560011916021697e-01
9.673088408303056607e-01
1.000000000000000000e+00
1.000000000000000000e+00
1.000000000000000000e+00
9.650341810340327120e-01
1.356200263290132657e+00
3.066669986231049805e-01
2.600000000000000089e-01
-9.203701466321945190e-02
1.000000000000000000e+00
9.965636422567197839e-01
9.684267474450000135e-01
9.904378651594002436e-01
9.436159302781428337e-01
1.000000000000000000e+00
9.762116063367539676e-01
1.000000000000000000e+00
9.407790034011470626e-01
9.832077494826160224e-01
9.541906117029786971e-01
1.000000000000000000e+00
1.000000000000000000e+00
1.000000000000000000e+00
9.593078475636290792e-01
1.000000000000000000e+00
1.000000000000000000e+00
9.752799542800684174e-01
9.717859402832906834e-01
1.000000000000000000e+00
1.000000000000000000e+00
9.669252147069462566e-01
9.923234664335387478e-01
9.707682682725525813e-01
1.323383523648449245e+00
3.272210389004266418e-01
2.600000000000000089e-01
-9.702455252408981323e-02
1.000000000000000000e+00
1.000000000000000000e+00
9.664818212937678066e-01
1.000000000000000000e+00
9.744000048875430808e-01
1.000000000000000000e+00
9.774971025481721254e-01
1.000000000000000000e+00
9.650752732529228606e-01
9.935642241078758152e-01
1.000000000000000000e+00
9.913407865256733675e-01
9.823561527281476913e-01
1.000000000000000000e+00
1.000000000000000000e+00
9.379924429118327023e-01
1.000000000000000000e+00
9.551451447712185905e-01
1.000000000000000000e+00
1.000000000000000000e+00
1.000000000000000000e+00
9.940302183951982284e-01
1.000000000000000000e+00
9.583405009694105914e-01
1.298787811815735216e+00
3.456652102736272880e-01
2.600000000000000089e-01
-1.360546350479125977e-01
1.000000000000000000e+00
1.000000000000000000e+00
1.000000000000000000e+00
9.872941748200018131e-01
9.974513477326013566e-01
1.000000000000000000e+00
9.602839791232874456e-01
1.000000000000000000e+00
9.517331678092417757e-01
1.000000000000000000e+00
9.533153384576739109e-01
9.836255283930454008e-01
9.885127356565267531e-01
1.000000000000000000e+00
9.492106201546419708e-01
9.634905659746010320e-01
9.818906386022637767e-01
1.000000000000000000e+00
1.000000000000000000e+00
9.650241125625628191e-01
9.617956182063087667e-01
1.000000000000000000e+00
9.714495442625096233e-01
1.000000000000000000e+00
1.265934630174146314e+00
3.739588545706760137e-01
2.600000000000000089e-01
-1.454545855522155762e-01
1.000000000000000000e+00
1.000000000000000000e+00
1.000000000000000000e+00
9.638179383339692263e-01
9.795179490144232393e-01
9.794533597080831155e-01
1.000000000000000000e+00
1.000000000000000000e+00
1.000000000000000000e+00
9.872796018152412145e-01
9.428543604155669167e-01
9.909528793763657806e-01
1.000000000000000000e+00
1.000000000000000000e+00
1.000000000000000000e+00
9.628502164427480414e-01
1.000000000000000000e+00
1.000000000000000000e+00
9.613753867132219799e-01
1.000000000000000000e+00
9.788227811387698596e-01
9.610290678624447969e-01
1.000000000000000000e+00
9.689902732823323372e-01
1.233876523208882636e+00
4.014024429107982961e-01
2.600000000000000089e-01
-1.073506325483322144e-01
1.000000000000000000e+00
1.000000000000000000e+00
1.000000000000000000e+00
9.756457040853111495e-01
1.000000000000000000e+00
1.000000000000000000e+00
1.000000000000000000e+00
1.000000000000000000e+00
1.000000000000000000e+00
1.000000000000000000e+00
1.000000000000000000e+00
1.000000000000000000e+00
9.823427635046810824e-01
1.000000000000000000e+00
1.000000000000000000e+00
9.567674294276052871e-01
9.512880833040584516e-01
1.000000000000000000e+00
1.000000000000000000e+00
9.795478060803117781e-01
1.000000000000000000e+00
1.000000000000000000e+00
1.000000000000000000e+00
9.499451048042074630e-01
1.202180977385713057e+00
4.271521272995664198e-01
2.600000000000000089e-01
-1.101174429059028625e-01
9.441577356798437348e-01
9.625517877154170510e-01
9.428322453121001923e-01
1.000000000000000000e+00
1.000000000000000000e+00
9.425425968353792205e-01
1.000000000000000000e+00
1.000000000000000000e+00
1.000000000000000000e+00
9.995080151029345217e-01
1.000000000000000000e+00
1.000000000000000000e+00
9.826199949628157126e-01
9.627512490988369143e-01
9.545131956978284427e-01
9.874671241589612070e-01
9.973432429044905012e-01
1.000000000000000000e+00
9.838568639840706842e-01
9.687663115817671811e-01
1.000000000000000000e+00
9.542165207856051490e-01
9.899409834067232072e-01
1.000000000000000000e+00
1.178488564701700492e+00
4.460553665476805207e-01
2.600000000000000089e-01
-8.893686532974243164e-02
1.000000000000000000e+00
9.444693549860091464e-01
9.959685726125019345e-01
9.989403429346407348e-01
9.993692095466392145e-01
9.525417287197933680e-01
9.474225130364740677e-01
1.000000000000000000e+00
9.399759791323107905e-01
1.000000000000000000e+00
9.885192772772953829e-01
9.558246420099737461e-01
1.000000000000000000e+00
9.755354234405114733e-01
1.000000000000000000e+00
9.479458217666829611e-01
1.000000000000000000e+00
9.718631638376862281e-01
1.000000000000000000e+00
1.000000000000000000e+00
9.597672591478046966e-01
1.000000000000000000e+00
9.489192920985584090e-01
1.000000000000000000e+00
1.147152423723111214e+00
4.706265752784841716e-01
2.600000000000000089e-01
-8.842495828866958618e-02
1.000000000000000000e+00
1.000000000000000000e+00
9.922718737622059360e-01
1.000000000000000000e+00
1.000000000000000000e+00
1.000000000000000000e+00
9.807692929592090048e-01
9.550214900196111190e-01
1.000000000000000000e+00
1.000000000000000000e+00
1.000000000000000000e+00
9.615382808983693463e-01
9.776946290123433858e-01
1.000000000000000000e+00
1.000000000000000000e+00
1.000000000000000000e+00
1.000000000000000000e+00
9.682126536238142567e-01
1.000000000000000000e+00
9.507875868467691172e-01
9.449163125844608491e-01
1.000000000000000000e+00
9.719787310964430604e-01
1.000000000000000000e+00
1.116515306217061854e+00
4.927919454708211688e-01
2.600000000000000089e-01
-1.238160859793424606e-02
9.889629617819745144e-01
9.670664793299413864e-01
1.000000000000000000e+00
9.669388484055623234e-01
1.000000000000000000e+00
1.000000000000000000e+00
9.786772660865997731e-01
9.762543074949011634e-01
1.000000000000000000e+00
1.000000000000000000e+00
1.000000000000000000e+00
9.940843224927081723e-01
9.582837202190930270e-01
9.945511762732861527e-01
9.588980206127203365e-01
1.000000000000000000e+00
9.502660907663734724e-01
9.869627126593460975e-01
1.000000000000000000e+00
9.815471377479098036e-01
9.394622903423925919e-01
1.000000000000000000e+00
1.000000000000000000e+00
9.472962121154047122e-01
1.093648803002114089e+00
5.023971535912061803e-01
2.600000000000000089e-01
3.390181064605712891e-02
1.000000000000000000e+00
9.947765722631034535e-01
9.427909019188798201e-01
1.000000000000000000e+00
9.527193868070698013e-01
1.000000000000000000e+00
1.000000000000000000e+00
9.972079613269096976e-01
1.000000000000000000e+00
1.000000000000000000e+00
9.429130783916800373e-01
9.849905041662661009e-01
1.000000000000000000e+00
1.000000000000000000e+00
1.000000000000000000e+00
9.600995997925325653e-01
9.834834145271519334e-01
9.949303703800908005e-01
1.000000000000000000e+00
9.852646820723187648e-01
9.399329831833902471e-01
9.739948728121163857e-01
1.000000000000000000e+00
9.429229082110323068e-01
1.063419809809682981e+00
5.124375733821970869e-01
2.600000000000000089e-01
4.245986789464950562e-02
9.963500753726137749e-01
9.587736572816437652e-01
1.000000000000000000e+00
1.000000000000000000e+00
1.000000000000000000e+00
9.524247354374970609e-01
1.000000000000000000e+00
1.000000000000000000e+00
1.000000000000000000e+00
9.387547659356638707e-01
9.429903844041228611e-01
9.526359990566631852e-01
1.000000000000000000e+00
9.865470870034867001e-01
9.802025908068409121e-01
9.734319475862610593e-01
1.000000000000000000e+00
1.000000000000000000e+00
1.000000000000000000e+00
1.000000000000000000e+00
9.447603437081059097e-01
1.000000000000000000e+00
9.603478728610974624e-01
9.459512381541477222e-01
1.040909858776650543e+00
5.208741685641951058e-01
2.600000000000000089e-01
3.298705816268920898e-02
9.879165080177079172e-01
9.414073273809269171e-01
1.000000000000000000e+00
1.000000000000000000e+00
1.000000000000000000e+00
9.901216491125036656e-01
9.927067853323867652e-01
9.790627695381529660e-01
9.682793201715057529e-01
9.690120897981598924e-01
1.000000000000000000e+00
1.000000000000000000e+00
9.789920673262958450e-01
1.000000000000000000e+00
1.000000000000000000e+00
9.938594418907289452e-01
9.618479893262560365e-01
9.909256091074195583e-01
9.479059434506653670e-01
1.000000000000000000e+00
9.557273728776696231e-01
9.522923669130501922e-01
9.772867690236290983e-01
1.000000000000000000e+00
1.010832635899886478e+00
5.335707040506449950e-01
2.600000000000000089e-01
3.446372970938682556e-02
