1.000000000000000000e+00
1.000000000000000000e+00
1.000000000000000000e+00
1.000000000000000000e+00
1.000000000000000000e+00
1.000000000000000000e+00
1.000000000000000000e+00
1.000000000000000000e+00
1.000000000000000000e+00
1.000000000000000000e+00
1.000000000000000000e+00
1.000000000000000000e+00
1.000000000000000000e+00
1.000000000000000000e+00
1.000000000000000000e+00
1.000000000000000000e+00
1.000000000000000000e+00
1.000000000000000000e+00
1.000000000000000000e+00
1.000000000000000000e+00
1.000000000000000000e+00
1.000000000000000000e+00
1.000000000000000000e+00
1.000000000000000000e+00
0.000000000000000000e+00
0.000000000000000000e+00
0.000000000000000000e+00
0.000000000000000000e+00
9.727519523270358182e-01
1.000000000000000000e+00
9.482394976915383689e-01
1.000000000000000000e+00
1.000000000000000000e+00
9.362798913626629860e-01
9.796644056405113821e-01
1.000000000000000000e+00
1.000000000000000000e+00
1.000000000000000000e+00
9.474403469804242306e-01
1.000000000000000000e+00
1.000000000000000000e+00
9.916495881909684895e-01
9.938219608969166563e-01
1.000000000000000000e+00
1.000000000000000000e+00
1.000000000000000000e+00
9.559563960471945121e-01
1.000000000000000000e+00
6.911116681052977828e-01
7.184085869916267963e-01
1.000000000000000000e+00
1.000000000000000000e+00
1.832290984712777515e+01
-2.296776467622382079e+00
7.419325351715087835e-02
-3.726845979690551758e-02
9.516516496639688683e-01
1.000000000000000000e+00
1.000000000000000000e+00
1.000000000000000000e+00
9.890250773778971327e-01
9.483685935454381211e-01
9.670955217933572268e-01
9.405975081326761744e-01
1.000000000000000000e+00
9.577950713755817302e-01
1.000000000000000000e+00
1.000000000000000000e+00
9.855255597297345460e-01
1.000000000000000000e+00
1.000000000000000000e+00
9.626241008379936570e-01
1.000000000000000000e+00
1.000000000000000000e+00
9.909906050284378320e-01
9.800595093228456900e-01
6.398226474173762668e-01
6.432880276712040768e-01
9.744806799664130770e-01
1.000000000000000000e+00
1.832578920223486563e+01
-2.309922768209000221e+00
7.147133946418762762e-02
-9.999995231628417969e-01
9.956691365035253982e-01
1.000000000000000000e+00
1.000000000000000000e+00
1.000000000000000000e+00
1.000000000000000000e+00
8.516744051792093373e-01
9.564974614246495310e-01
1.000000000000000000e+00
9.800693607496919757e-01
9.724023876748500994e-01
1.000000000000000000e+00
9.617939647001202408e-01
9.574500088510667917e-01
1.000000000000000000e+00
9.761413046980873531e-01
9.472636967253480478e-01
9.949929647008378675e-01
9.806602803899944210e-01
9.768962093416394543e-01
1.000000000000000000e+00
6.310048531163415797e-01
7.186864445050560324e-01
9.438491668608443019e-01
9.913917249240397078e-01
1.832606637399242899e+01
-2.262219240281685195e+00
5.535121768712997908e-02
-9.999997019767761230e-01
9.450467731278401340e-01
9.953838020013661136e-01
9.678378192614829345e-01
9.985833679582045708e-01
1.000000000000000000e+00
8.503901892083566283e-01
9.899164597916281227e-01
1.000000000000000000e+00
9.753209220506728894e-01
9.675616157009692131e-01
9.867077917410967958e-01
9.423382925543721811e-01
1.000000000000000000e+00
9.440150874763281186e-01
9.994532757288485669e-01
1.000000000000000000e+00
9.883451523143433892e-01
1.000000000000000000e+00
1.000000000000000000e+00
1.000000000000000000e+00
7.328139644728886015e-01
6.945609716205314310e-01
9.378240038385217137e-01
9.378420202571451370e-01
1.832805943997519194e+01
-2.182677514209026004e+00
5.537692368030548012e-02
-9.999992251396179199e-01
9.834566488217335589e-01
1.000000000000000000e+00
9.819326112994278821e-01
9.854225349952044910e-01
9.456572497564768032e-01
9.588474715129918780e-01
9.257541872155121698e-01
9.864861320728295357e-01
9.548613018534565233e-01
9.597691174753337773e-01
1.000000000000000000e+00
1.000000000000000000e+00
9.862207958311824951e-01
1.000000000000000000e+00
9.620473791889815329e-01
1.000000000000000000e+00
9.876973692997425003e-01
9.510753524590287444e-01
9.791060510062872257e-01
1.000000000000000000e+00
1.000000000000000000e+00
6.744395518009869139e-01
7.057588626985790148e-01
9.642557618048620549e-01
1.833221842363667164e+01
-2.049318986878274629e+00
4.605241656303406261e-02
-9.999981522560119629e-01
9.450236757657556330e-01
1.000000000000000000e+00
1.000000000000000000e+00
1.000000000000000000e+00
1.000000000000000000e+00
1.000000000000000000e+00
9.724720651634717328e-01
9.365522277001634421e-01
1.000000000000000000e+00
1.000000000000000000e+00
9.504171077332711493e-01
1.000000000000000000e+00
1.000000000000000000e+00
1.000000000000000000e+00
9.992805359663919917e-01
1.000000000000000000e+00
9.800343252156863416e-01
1.000000000000000000e+00
1.000000000000000000e+00
1.000000000000000000e+00
9.513826937559498598e-01
1.000000000000000000e+00
6.432804182899737322e-01
7.134164969600036432e-01
1.833427334348543880e+01
-1.949210767637570729e+00
3.594113945960998591e-02
-9.999745488166809082e-01
1.000000000000000000e+00
9.678247069020592397e-01
1.000000000000000000e+00
9.592710501290667713e-01
1.000000000000000000e+00
1.000000000000000000e+00
1.000000000000000000e+00
9.897610893816578548e-01
9.643991748343362369e-01
9.394181331971003246e-01
9.489073006597682491e-01
9.470898802600056232e-01
1.000000000000000000e+00
1.000000000000000000e+00
9.738646691448946680e-01
9.651906236445242371e-01
1.000000000000000000e+00
1.000000000000000000e+00
1.000000000000000000e+00
9.728654425545253392e-01
9.849692413257863377e-01
9.497748839729093229e-01
7.359257885658890830e-01
6.234687221276002944e-01
1.833567831164035056e+01
-1.849501444500003533e+00
2.773778364062309473e-02
-9.997304677963256836e-01
1.000000000000000000e+00
1.000000000000000000e+00
1.000000000000000000e+00
9.468355136833345176e-01
1.000000000000000000e+00
9.663643305348800228e-01
9.497670423432172937e-01
9.930792417661109539e-01
9.423063737041242893e-01
9.441586280231716310e-01
1.000000000000000000e+00
9.590343694402369001e-01
9.754362927184422327e-01
1.000000000000000000e+00
9.862625178219662780e-01
1.000000000000000000e+00
9.698835822059168610e-01
9.565814226517298513e-01
1.000000000000000000e+00
1.000000000000000000e+00
9.743632328751934413e-01
1.000000000000000000e+00
1.000000000000000000e+00
1.000000000000000000e+00
1.833673880219889796e+01
-1.718995479115785319e+00
2.775230452418327512e-02
-9.980859756469726562e-01
9.628351917793640524e-01
9.533991947705995340e-01
1.000000000000000000e+00
9.949078371831837631e-01
1.000000000000000000e+00
9.681046124264558461e-01
1.000000000000000000e+00
1.000000000000000000e+00
1.000000000000000000e+00
9.239425476224871758e-01
1.000000000000000000e+00
1.000000000000000000e+00
9.911003954298808205e-01
9.676224671320456938e-01
1.000000000000000000e+00
1.000000000000000000e+00
9.891821242580435269e-01
9.450483499530574205e-01
9.791431142078060867e-01
9.464029957911910262e-01
1.000000000000000000e+00
1.000000000000000000e+00
9.971241633540646188e-01
9.661650382694180195e-01
1.833716203885308005e+01
-1.621174655895796901e+00
3.789154052734375333e-02
-9.835174679756164551e-01
1.000000000000000000e+00
9.526809904324803346e-01
9.544803033078741450e-01
9.562188944101800425e-01
1.000000000000000000e+00
1.000000000000000000e+00
9.533033439208561388e-01
1.000000000000000000e+00
9.377213884512842768e-01
1.000000000000000000e+00
8.816105973603072243e-01
9.552801972622279036e-01
9.546290388754721246e-01
1.000000000000000000e+00
9.739104578955778413e-01
1.000000000000000000e+00
1.000000000000000000e+00
9.822268295451831444e-01
9.927852433739551286e-01
9.886858998965138978e-01
9.577764566755921916e-01
9.433032583851517217e-01
9.443173319695680190e-01
1.000000000000000000e+00
1.833713294022431484e+01
-1.522934183458344748e+00
2.526961350440979359e-01
-8.945229649543762207e-01
9.434401388351173479e-01
9.604438867084749143e-01
1.000000000000000000e+00
9.939138481145696202e-01
1.000000000000000000e+00
1.000000000000000000e+00
9.583268009599074100e-01
1.000000000000000000e+00
1.000000000000000000e+00
9.818928814106543390e-01
9.581140074600726919e-01
9.344356607386185010e-01
1.000000000000000000e+00
9.977914721517684438e-01
1.000000000000000000e+00
9.844620866934736814e-01
1.000000000000000000e+00
1.000000000000000000e+00
1.000000000000000000e+00
9.593398490464311035e-01
1.000000000000000000e+00
1.000000000000000000e+00
9.980743214018353848e-01
1.000000000000000000e+00
1.833579787156827479e+01
-1.428362574502321181e+00
2.599998760223388716e-01
-8.377649784088134766e-01
9.836301716573324638e-01
9.893600276513857539e-01
9.697456310134552337e-01
1.000000000000000000e+00
1.000000000000000000e+00
9.951273363844675979e-01
9.989307296413081350e-01
9.981356769566565035e-01
9.533885742513857897e-01
1.000000000000000000e+00
9.458952499584396545e-01
9.131078113078645586e-01
9.544349750458884785e-01
9.471415236640406965e-01
9.764353645363840206e-01
1.000000000000000000e+00
9.427889144602803473e-01
1.000000000000000000e+00
9.921210633333080731e-01
9.927065881716287121e-01
9.643568616858305687e-01
9.984549808559103345e-01
1.000000000000000000e+00
1.000000000000000000e+00
1.833261566315445990e+01
-1.353021051016877419e+00
2.600000000000000089e-01
-7.445729374885559082e-01
9.430833018813998825e-01
1.000000000000000000e+00
1.000000000000000000e+00
9.588504113046748545e-01
1.000000000000000000e+00
9.380480770489267872e-01
9.374144315592728427e-01
1.000000000000000000e+00
1.000000000000000000e+00
9.729254266737973333e-01
1.000000000000000000e+00
1.000000000000000000e+00
8.956900983695803564e-01
9.552023383817781488e-01
1.000000000000000000e+00
9.651533287973794728e-01
9.903357847980636119e-01
9.811853098369691661e-01
9.525287681005473184e-01
1.000000000000000000e+00
1.000000000000000000e+00
9.880603038650901393e-01
1.000000000000000000e+00
1.000000000000000000e+00
1.832453866408344823e+01
-1.225677352030541289e+00
2.600000000000000089e-01
-7.085711956024169922e-01
1.000000000000000000e+00
9.657617484187138723e-01
1.000000000000000000e+00
9.982635720340872210e-01
9.517646026468096210e-01
1.000000000000000000e+00
1.000000000000000000e+00
9.898446175787583012e-01
9.557376957583179067e-01
9.386787999272977467e-01
1.000000000000000000e+00
9.387799193832805367e-01
9.576356022404858281e-01
8.859291128142247063e-01
1.000000000000000000e+00
1.000000000000000000e+00
9.952804128570381659e-01
1.000000000000000000e+00
1.000000000000000000e+00
9.661046459290225652e-01
1.000000000000000000e+00
1.000000000000000000e+00
9.882562218505992480e-01
9.377649092979634116e-01
1.831545979463669482e+01
-1.140135384885110348e+00
2.600000000000000089e-01
-6.769205331802368164e-01
1.000000000000000000e+00
1.000000000000000000e+00
1.000000000000000000e+00
9.984526240265897412e-01
1.000000000000000000e+00
9.690780863319620186e-01
9.708007541705244714e-01
1.000000000000000000e+00
1.000000000000000000e+00
9.516972690232553544e-01
9.826229518378613026e-01
9.431967833499047549e-01
9.720055437884449479e-01
9.348089626069506775e-01
9.502953921086702005e-01
9.853377916534471481e-01
1.000000000000000000e+00
1.000000000000000000e+00
1.000000000000000000e+00
9.550199230831332153e-01
1.000000000000000000e+00
1.000000000000000000e+00
1.000000000000000000e+00
1.000000000000000000e+00
1.830367261295938874e+01
-1.072961937739435934e+00
2.600000000000000089e-01
-6.832900643348693848e-01
9.716325367136968705e-01
1.000000000000000000e+00
1.000000000000000000e+00
1.000000000000000000e+00
9.974121512742427642e-01
1.000000000000000000e+00
9.581516048897491533e-01
9.906856598420297200e-01
1.000000000000000000e+00
1.000000000000000000e+00
9.982802724475826617e-01
1.000000000000000000e+00
1.000000000000000000e+00
1.000000000000000000e+00
8.340936859046228502e-01
9.787535633183547246e-01
9.711152590263595341e-01
1.000000000000000000e+00
1.000000000000000000e+00
1.000000000000000000e+00
9.416007623894447898e-01
1.000000000000000000e+00
1.000000000000000000e+00
1.000000000000000000e+00
1.828527485783613571e+01
-9.848177936815613043e-01
2.600000000000000089e-01
-6.581243276596069336e-01
9.872447970478626100e-01
1.000000000000000000e+00
9.598194700560519488e-01
9.853958920360158524e-01
9.622799587517011366e-01
9.658606708711489075e-01
9.940176577571973038e-01
1.000000000000000000e+00
9.993549155689315233e-01
1.000000000000000000e+00
1.000000000000000000e+00
1.000000000000000000e+00
1.000000000000000000e+00
1.000000000000000000e+00
9.403510734153525119e-01
9.066782102258413856e-01
8.922305029733018644e-01
9.487932039054963740e-01
1.000000000000000000e+00
1.000000000000000000e+00
9.451100631841605759e-01
1.000000000000000000e+00
1.000000000000000000e+00
1.000000000000000000e+00
1.826455494379435507e+01
-9.001733477555887708e-01
2.600000000000000089e-01
-6.545675992965698242e-01
1.000000000000000000e+00
1.000000000000000000e+00
9.782478157894114457e-01
9.903820980266592189e-01
9.890708289394110064e-01
9.946225113241898841e-01
9.863464966355987018e-01
9.761015276505266014e-01
1.000000000000000000e+00
1.000000000000000000e+00
1.000000000000000000e+00
1.000000000000000000e+00
1.000000000000000000e+00
1.000000000000000000e+00
9.566885838775164297e-01
8.334768977287154712e-01
9.301716601440656040e-01
1.000000000000000000e+00
9.630336280642525226e-01
9.743026563433121456e-01
9.931943217184018291e-01
9.540442564596202102e-01
9.434356823023455352e-01
1.000000000000000000e+00
1.824737898919699219e+01
-8.364309100537804520e-01
2.600000000000000089e-01
-6.497230529785156250e-01
1.000000000000000000e+00
1.000000000000000000e+00
9.629812027629455207e-01
1.000000000000000000e+00
1.000000000000000000e+00
9.380249839119880750e-01
1.000000000000000000e+00
9.657897867724133389e-01
9.882895655765810972e-01
9.469543264868768295e-01
1.000000000000000000e+00
1.000000000000000000e+00
9.951611621953613263e-01
1.000000000000000000e+00
1.000000000000000000e+00
9.375716613072399008e-01
7.840071532697086010e-01
9.385565943128210131e-01
1.000000000000000000e+00
1.000000000000000000e+00
9.528311208338262617e-01
1.000000000000000000e+00
9.643827870030274863e-01
1.000000000000000000e+00
1.822901352601875047e+01
-7.725202773145433133e-01
2.600000000000000089e-01
-6.489633321762084961e-01
9.418281045201271073e-01
1.000000000000000000e+00
9.619826512273617070e-01
9.529743517944408993e-01
1.000000000000000000e+00
9.956143388749534306e-01
9.800219041727998848e-01
1.000000000000000000e+00
9.673868299426120476e-01
9.798851440396010304e-01
1.000000000000000000e+00
9.428852916220061831e-01
9.927185870115512456e-01
1.000000000000000000e+00
1.000000000000000000e+00
9.430698530520774669e-01
7.757739368685703241e-01
9.061499810792970067e-01
1.000000000000000000e+00
1.000000000000000000e+00
1.000000000000000000e+00
9.921934718708990131e-01
9.549191652287911669e-01
1.000000000000000000e+00
1.820949667816661588e+01
-7.097426316376460598e-01
2.600000000000000089e-01
-6.365500092506408691e-01
1.000000000000000000e+00
1.000000000000000000e+00
1.000000000000000000e+00
9.942732609882242167e-01
9.462088521781220063e-01
1.000000000000000000e+00
1.000000000000000000e+00
9.893279674129964452e-01
9.887992527302246204e-01
1.000000000000000000e+00
9.758425976710324301e-01
9.445918260377788034e-01
9.735435047019241894e-01
9.711435733777848966e-01
1.000000000000000000e+00
9.881771793504672274e-01
9.495065147675706418e-01
8.592692862665494147e-01
9.333808332984780964e-01
9.791719721812360833e-01
1.000000000000000000e+00
9.959536120210435994e-01
9.792679901802904263e-01
1.000000000000000000e+00
1.818882740304807299e+01
-6.473702888405139522e-01
2.600000000000000089e-01
-6.244942545890808105e-01
1.000000000000000000e+00
9.661150989742827155e-01
1.000000000000000000e+00
9.611537996367356396e-01
9.515238354382183905e-01
1.000000000000000000e+00
1.000000000000000000e+00
9.870825774803849706e-01
9.429632497777733491e-01
9.962027020063094485e-01
1.000000000000000000e+00
1.000000000000000000e+00
1.000000000000000000e+00
1.000000000000000000e+00
1.000000000000000000e+00
1.000000000000000000e+00
9.506939246663757004e-01
8.493749881956240699e-01
8.842740136903239900e-01
1.000000000000000000e+00
9.678500965643019871e-01
9.728530681566304184e-01
9.741417074027366452e-01
1.000000000000000000e+00
1.815985829537767415e+01
-5.664182898736505045e-01
2.600000000000000089e-01
-6.209086179733276367e-01
9.613720114984076748e-01
1.000000000000000000e+00
1.000000000000000000e+00
1.000000000000000000e+00
1.000000000000000000e+00
1.000000000000000000e+00
9.850702089437609610e-01
1.000000000000000000e+00
9.623403514764736766e-01
1.000000000000000000e+00
1.000000000000000000e+00
9.646555399039521417e-01
9.842628699192959019e-01
9.614811161245485627e-01
9.641167264826527861e-01
9.406376146955145456e-01
9.958523527777813911e-01
9.111732617681136404e-01
7.597734056174447748e-01
9.006407330235054465e-01
9.556444043620501150e-01
1.000000000000000000e+00
9.764192689280642989e-01
1.000000000000000000e+00
1.813705523665800001e+01
-5.075294431687338292e-01
2.600000000000000089e-01
-5.938973426818847656e-01
1.000000000000000000e+00
9.685522261494367013e-01
1.000000000000000000e+00
1.000000000000000000e+00
1.000000000000000000e+00
1.000000000000000000e+00
1.000000000000000000e+00
9.698974308528883759e-01
1.000000000000000000e+00
9.552870800948140007e-01
1.000000000000000000e+00
1.000000000000000000e+00
9.669268351878318457e-01
9.655904247491106096e-01
9.967898320311473492e-01
9.842764581276962632e-01
9.836107523074960612e-01
9.527308635524385227e-01
7.526172205497996259e-01
9.186660448315180361e-01
1.000000000000000000e+00
1.000000000000000000e+00
9.970727951172789760e-01
9.622026219658338375e-01
1.811346648699912265e+01
-4.498336774870501653e-01
2.600000000000000089e-01
-5.811210274696350098e-01
1.000000000000000000e+00
1.000000000000000000e+00
9.718605773923794100e-01
9.910533623419032212e-01
9.652051382079951392e-01
9.919795148142561692e-01
1.000000000000000000e+00
9.480594526715248049e-01
1.000000000000000000e+00
9.729548735727838737e-01
1.000000000000000000e+00
9.843526679845659988e-01
9.384536642259488914e-01
1.000000000000000000e+00
9.662621610569230857e-01
1.000000000000000000e+00
9.853819649158860328e-01
9.576507681501997826e-01
9.227215462474838148e-01
8.063475811625940848e-01
8.840734984389028162e-01
1.000000000000000000e+00
9.752343714925553186e-01
1.000000000000000000e+00
1.808106555613271027e+01
-3.740883111220937307e-01
2.600000000000000089e-01
-5.651333332061767578e-01
1.000000000000000000e+00
9.806659937272005356e-01
1.000000000000000000e+00
1.000000000000000000e+00
9.545905285835382115e-01
9.849631197099322222e-01
1.000000000000000000e+00
9.775937185162107967e-01
1.000000000000000000e+00
9.712592667629068588e-01
1.000000000000000000e+00
9.395030298386580769e-01
9.460446584646960977e-01
9.665914804221659162e-01
9.642715675318325186e-01
9.473753743382192782e-01
9.783825909037769941e-01
1.000000000000000000e+00
9.494526835636961648e-01
9.174423500150201694e-01
7.436983069822847847e-01
8.615707795395943780e-01
9.436324365302765083e-01
1.000000000000000000e+00
1.805620734349570355e+01
-3.206086205700213743e-01
2.600000000000000089e-01
-5.265673398971557617e-01
9.818723358400275325e-01
9.379581775464194138e-01
1.000000000000000000e+00
1.000000000000000000e+00
1.000000000000000000e+00
9.773022045651656997e-01
9.674001486489168800e-01
1.000000000000000000e+00
9.450853091145917650e-01
1.000000000000000000e+00
1.000000000000000000e+00
9.603440199885928674e-01
9.836309548515700385e-01
1.000000000000000000e+00
9.638952791164016043e-01
1.000000000000000000e+00
9.535432063027547978e-01
9.855439854131529120e-01
1.000000000000000000e+00
8.475109986547517682e-01
7.710404308703269205e-01
8.928032516016333187e-01
9.566250940450122808e-01
1.000000000000000000e+00
1.803084946170129399e+01
-2.687556822212029406e-01
2.600000000000000089e-01
-5.134780406951904297e-01
9.478757174082019787e-01
9.634065321854362596e-01
1.000000000000000000e+00
9.865519143780010491e-01
9.492451278356188737e-01
9.463137754276201852e-01
1.000000000000000000e+00
9.785680018504203659e-01
1.000000000000000000e+00
1.000000000000000000e+00
1.000000000000000000e+00
9.837125202942667013e-01
1.000000000000000000e+00
9.915488078632106461e-01
1.000000000000000000e+00
1.000000000000000000e+00
9.934659732294518486e-01
1.000000000000000000e+00
9.522409500173362185e-01
9.409717275185510710e-01
8.504540747017331759e-01
7.995924156645756176e-01
9.732513126840494078e-01
1.000000000000000000e+00
1.799673385443284701e+01
-2.053256352218281178e-01
2.600000000000000089e-01
-4.612039625644683838e-01
9.480688793098762668e-01
9.552532235248109016e-01
1.000000000000000000e+00
1.000000000000000000e+00
9.659764610436368804e-01
1.000000000000000000e+00
9.455993927249177755e-01
1.000000000000000000e+00
9.865091899236837492e-01
9.411343869716486399e-01
9.634948321122880355e-01
1.000000000000000000e+00
9.381173786635521594e-01
9.986086506470145396e-01
9.843333743851042650e-01
9.512782976457812012e-01
1.000000000000000000e+00
9.998413625505566671e-01
1.000000000000000000e+00
1.000000000000000000e+00
8.321075572740195270e-01
7.443664420209780141e-01
9.767715577233405666e-01
1.000000000000000000e+00
1.797098995511974806e+01
-1.619536299009296521e-01
2.600000000000000089e-01
-4.019224643707275391e-01
1.000000000000000000e+00
9.512189219283618824e-01
9.946367322991006565e-01
9.913896772713614025e-01
1.000000000000000000e+00
1.000000000000000000e+00
9.746802348081884393e-01
1.000000000000000000e+00
1.000000000000000000e+00
1.000000000000000000e+00
1.000000000000000000e+00
9.955326375472859368e-01
1.000000000000000000e+00
9.839717258978236680e-01
9.978923054754201827e-01
1.000000000000000000e+00
1.000000000000000000e+00
9.742501210517323651e-01
1.000000000000000000e+00
9.421303970844340236e-01
1.000000000000000000e+00
8.760648858593126365e-01
7.727433070608361598e-01
9.345829645637176997e-01
1.793641587542438032e+01
-1.098654938877776654e-01
2.600000000000000089e-01
-3.731250464916229248e-01
9.997356388071615418e-01
9.745762159673534430e-01
9.685331403906746184e-01
1.000000000000000000e+00
9.395545252496904087e-01
9.625583173751278698e-01
1.000000000000000000e+00
9.872021687078360586e-01
9.406174752242473236e-01
9.536566220218821721e-01
9.683114494466121824e-01
9.629539120622288007e-01
1.000000000000000000e+00
1.000000000000000000e+00
1.000000000000000000e+00
1.000000000000000000e+00
9.664461923201630444e-01
1.000000000000000000e+00
9.825588300029057809e-01
1.000000000000000000e+00
9.486125968802093800e-01
8.363181425981343065e-01
7.994373752464556393e-01
9.872448541406904088e-01
1.791026986729607273e+01
-7.278676089413227412e-02
2.600000000000000089e-01
-3.773018717765808105e-01
9.678663983676640825e-01
1.000000000000000000e+00
9.839679892518908844e-01
1.000000000000000000e+00
1.000000000000000000e+00
1.000000000000000000e+00
9.740182764074133415e-01
9.408544644831839943e-01
9.965292728574244308e-01
9.493336201442696964e-01
1.000000000000000000e+00
1.000000000000000000e+00
9.999168743379976965e-01
9.584949620256357772e-01
9.540787805889436868e-01
9.513416944895612959e-01
1.000000000000000000e+00
9.753624570010429595e-01
9.745525594223087840e-01
1.000000000000000000e+00
1.000000000000000000e+00
9.383895871765542962e-01
8.052155452317691919e-01
9.109598799944276237e-01
1.787499782295686046e+01
-2.578922118160320576e-02
2.600000000000000089e-01
-3.277778327465057373e-01
9.810389911441743660e-01
9.885655191515176909e-01
1.000000000000000000e+00
9.533285388167106467e-01
9.406102539353666803e-01
9.540618097624614657e-01
9.471053964996439811e-01
1.000000000000000000e+00
1.000000000000000000e+00
9.958503870237455091e-01
1.000000000000000000e+00
1.000000000000000000e+00
9.347306079205459639e-01
1.000000000000000000e+00
9.912870992461769726e-01
9.723547019574300121e-01
9.900780411396917779e-01
9.675030535133896104e-01
9.637669382700105869e-01
9.752262904277474442e-01
9.493630325192562447e-01
9.938475408530876853e-01
8.238311501770686496e-01
7.968457842704318450e-01
1.784871770867123786e+01
6.260769905811147673e-03
2.600000000000000089e-01
-3.248764276504516602e-01
9.947257554646485866e-01
1.000000000000000000e+00
9.718905599591591837e-01
9.919094413615584527e-01
1.000000000000000000e+00
1.000000000000000000e+00
1.000000000000000000e+00
9.882224130897007131e-01
9.403479555206802898e-01
1.000000000000000000e+00
9.730649117091755285e-01
1.000000000000000000e+00
9.232558615775950939e-01
1.000000000000000000e+00
1.000000000000000000e+00
1.000000000000000000e+00
1.000000000000000000e+00
1.000000000000000000e+00
1.000000000000000000e+00
1.000000000000000000e+00
1.000000000000000000e+00
1.000000000000000000e+00
8.379100151191837265e-01
8.224931467579799094e-01
1.782259160867744896e+01
3.842594392147269389e-02
2.600000000000000089e-01
-3.162077963352203369e-01
1.000000000000000000e+00
1.000000000000000000e+00
9.534999247339868145e-01
1.000000000000000000e+00
1.000000000000000000e+00
9.394020509261247209e-01
9.729769852649783335e-01
1.000000000000000000e+00
9.721748304405188890e-01
1.000000000000000000e+00
1.000000000000000000e+00
1.000000000000000000e+00
9.910183218108078451e-01
9.393078602586426573e-01
9.576282661184515321e-01
1.000000000000000000e+00
9.612272931080431126e-01
9.682566815071910193e-01
1.000000000000000000e+00
1.000000000000000000e+00
9.946320901298627559e-01
1.000000000000000000e+00
1.000000000000000000e+00
7.706602011762349047e-01
1.778774665429222779e+01
7.835680916284581965e-02
2.600000000000000089e-01
-2.773525714874267578e-01
1.000000000000000000e+00
9.472355316700724615e-01
9.494565098607026243e-01
9.848530638512990043e-01
1.000000000000000000e+00
9.375034962249370052e-01
1.000000000000000000e+00
9.650511323891594051e-01
1.000000000000000000e+00
9.456726913079844810e-01
9.670731028727892475e-01
9.896986807801847474e-01
1.000000000000000000e+00
9.752202961759628419e-01
9.787870681599303291e-01
9.498846683545741909e-01
1.000000000000000000e+00
9.836164214347634660e-01
1.000000000000000000e+00
1.000000000000000000e+00
9.603606559456027147e-01
9.584016304603156788e-01
1.000000000000000000e+00
8.288065818051321143e-01
1.776163650038049724e+01
1.048872135724587817e-01
2.600000000000000089e-01
-2.631277143955230713e-01
9.536397528003082158e-01
9.758170579586208371e-01
1.000000000000000000e+00
1.000000000000000000e+00
1.000000000000000000e+00
1.000000000000000000e+00
9.886842427984342541e-01
9.431804128573021417e-01
1.000000000000000000e+00
9.942935324622262927e-01
9.903118260463638078e-01
1.000000000000000000e+00
9.540324371762716194e-01
9.572735949069247630e-01
9.501559590824905088e-01
9.409255236226413688e-01
1.000000000000000000e+00
1.000000000000000000e+00
1.000000000000000000e+00
1.000000000000000000e+00
1.000000000000000000e+00
1.000000000000000000e+00
1.000000000000000000e+00
9.252396423381551438e-01
1.770988518374854337e+01
1.548150420529836868e-01
2.600000000000000089e-01
-2.073550522327423096e-01
9.655531211428741711e-01
9.613131450947741685e-01
9.579588195856014732e-01
9.882979826665369005e-01
9.398523442259346661e-01
1.000000000000000000e+00
1.000000000000000000e+00
1.000000000000000000e+00
9.390824247161891902e-01
1.000000000000000000e+00
1.000000000000000000e+00
1.000000000000000000e+00
9.426670177124802930e-01
8.675692824782127444e-01
9.411752459024097517e-01
1.000000000000000000e+00
9.967331980384805945e-01
9.531885479156041452e-01
1.000000000000000000e+00
9.890250228898357365e-01
9.860704637434032360e-01
1.000000000000000000e+00
1.000000000000000000e+00
9.629951232839474295e-01
1.767546730700320978e+01
1.936886174206186029e-01
2.600000000000000089e-01
2.585063688457012177e-02
1.000000000000000000e+00
1.000000000000000000e+00
9.690235264785965752e-01
9.427853074770690123e-01
9.446540267392637968e-01
1.000000000000000000e+00
1.000000000000000000e+00
1.000000000000000000e+00
1.000000000000000000e+00
9.574970542020587727e-01
1.000000000000000000e+00
9.879265716676367548e-01
9.782300034448626613e-01
8.346084412043019984e-01
9.579769770243137250e-01
1.000000000000000000e+00
9.663983637430348939e-01
1.000000000000000000e+00
1.000000000000000000e+00
1.000000000000000000e+00
1.000000000000000000e+00
1.000000000000000000e+00
1.000000000000000000e+00
9.723535292247776907e-01
1.765768004083445319e+01
1.947108214113036917e-01
2.600000000000000089e-01
2.360167354345321655e-01
1.000000000000000000e+00
1.000000000000000000e+00
1.000000000000000000e+00
1.000000000000000000e+00
1.000000000000000000e+00
9.633959965004103010e-01
1.000000000000000000e+00
9.373150429734053990e-01
9.861879563753284117e-01
9.455243647372800764e-01
9.416614527804324508e-01
9.522734339118583691e-01
9.872402332718843709e-01
8.443406989722027634e-01
1.000000000000000000e+00
9.743564587086858131e-01
9.971384017633642127e-01
9.818969019698816636e-01
1.000000000000000000e+00
1.000000000000000000e+00
9.949721897695963380e-01
1.000000000000000000e+00
9.603606961153695609e-01
9.317554937285856820e-01
1.762381134557389828e+01
1.651634175515652725e-01
2.600000000000000089e-01
2.221831828355789185e-01
1.000000000000000000e+00
9.663799011478724221e-01
9.544987846412061883e-01
9.440388449538359428e-01
1.000000000000000000e+00
1.000000000000000000e+00
1.000000000000000000e+00
9.932751553520889898e-01
9.457645932038696301e-01
9.784359732147015487e-01
9.674274905476153430e-01
1.000000000000000000e+00
1.000000000000000000e+00
8.233175741893405952e-01
1.000000000000000000e+00
9.766204430438516493e-01
1.000000000000000000e+00
1.000000000000000000e+00
9.902441486313432462e-01
9.459951823053588393e-01
9.873538603819334014e-01
1.000000000000000000e+00
1.000000000000000000e+00
9.464094967750671383e-01
1.759831736371248567e+01
1.464662187882780353e-01
2.600000000000000089e-01
1.818702667951583862e-01
1.000000000000000000e+00
9.706858736357805162e-01
9.871358090573844057e-01
9.467065812509812828e-01
9.511865963563067572e-01
9.541584253637591662e-01
9.824579880792940756e-01
9.572654213718306826e-01
1.000000000000000000e+00
9.798450062754537893e-01
1.000000000000000000e+00
9.653978236488898190e-01
1.000000000000000000e+00
8.782996023354173731e-01
9.783949990967800714e-01
1.000000000000000000e+00
9.697421999060354958e-01
1.000000000000000000e+00
1.000000000000000000e+00
9.539477814264516464e-01
9.499821088607003361e-01
1.000000000000000000e+00
1.000000000000000000e+00
1.000000000000000000e+00
1.756395090016370020e+01
1.224521667146648563e-01
2.600000000000000089e-01
1.904663592576980591e-01
1.000000000000000000e+00
9.888014550797923352e-01
1.000000000000000000e+00
9.650559271312457721e-01
1.000000000000000000e+00
9.553335304115229132e-01
9.605845814148906703e-01
9.688195282054083979e-01
1.000000000000000000e+00
9.520725626039394651e-01
1.000000000000000000e+00
1.000000000000000000e+00
9.203717422524049230e-01
9.372711721290950537e-01
1.000000000000000000e+00
1.000000000000000000e+00
9.477345708855127171e-01
1.000000000000000000e+00
9.826949504994775264e-01
9.978478543148591173e-01
9.982952417050887650e-01
1.000000000000000000e+00
1.000000000000000000e+00
9.702436843418160706e-01
1.753831495446299726e+01
1.038893061912514737e-01
2.600000000000000089e-01
1.727372258901596069e-01
1.000000000000000000e+00
9.608656355069300492e-01
9.959161121795631066e-01
9.819619883595044341e-01
9.438671547519451588e-01
1.000000000000000000e+00
9.963347367704364910e-01
1.000000000000000000e+00
9.752497754786568773e-01
9.829336272048401213e-01
1.000000000000000000e+00
1.000000000000000000e+00
8.547463692305061755e-01
8.163048492340029272e-01
9.901096905746198384e-01
9.980480106082056935e-01
1.000000000000000000e+00
9.717474774688700245e-01
1.000000000000000000e+00
1.000000000000000000e+00
1.000000000000000000e+00
9.404863843033541837e-01
1.000000000000000000e+00
9.124615352916222166e-01
1.750410363208688835e+01
8.428117899923437406e-02
2.600000000000000089e-01
1.411566287279129028e-01
1.000000000000000000e+00
1.000000000000000000e+00
1.000000000000000000e+00
1.000000000000000000e+00
1.000000000000000000e+00
9.864325046755375581e-01
9.903347098845952656e-01
1.000000000000000000e+00
9.905824989828646565e-01
1.000000000000000000e+00
9.759459801520964373e-01
1.000000000000000000e+00
8.441250649521200300e-01
8.199509002648032174e-01
9.915754761862108912e-01
1.000000000000000000e+00
9.943295363718335222e-01
1.000000000000000000e+00
1.000000000000000000e+00
1.000000000000000000e+00
1.000000000000000000e+00
1.000000000000000000e+00
1.000000000000000000e+00
9.034434806634495940e-01
1.747829594059481195e+01
7.930773484647468674e-02
2.600000000000000089e-01
-6.436150055378675461e-03
9.421136168875491324e-01
1.000000000000000000e+00
9.482915978740882323e-01
1.000000000000000000e+00
1.000000000000000000e+00
9.723735944756358718e-01
1.000000000000000000e+00
1.000000000000000000e+00
1.000000000000000000e+00
1.000000000000000000e+00
1.000000000000000000e+00
1.000000000000000000e+00
8.662148852749921302e-01
9.382880582188590779e-01
9.977360123087517518e-01
9.850695280601661219e-01
9.719753214719654144e-01
9.431995269397687176e-01
1.000000000000000000e+00
1.000000000000000000e+00
1.000000000000000000e+00
9.597318263851205566e-01
9.523794901666927659e-01
9.248051116850950493e-01
1.745268537196434977e+01
8.914561279714816600e-02
2.600000000000000089e-01
-2.216936200857162476e-01
1.000000000000000000e+00
1.000000000000000000e+00
9.378809876458195083e-01
9.797962290317920875e-01
9.786935522684260258e-01
1.000000000000000000e+00
1.000000000000000000e+00
9.519730691865454508e-01
1.000000000000000000e+00
9.600743414249427454e-01
9.697387265967415404e-01
1.000000000000000000e+00
8.324202061837996380e-01
7.735201214630634814e-01
1.000000000000000000e+00
1.000000000000000000e+00
9.910054309142592999e-01
9.614752629157885533e-01
1.000000000000000000e+00
9.744345382709657111e-01
9.372694285558479388e-01
9.417055648230278075e-01
1.000000000000000000e+00
1.000000000000000000e+00
1.742686918856573186e+01
1.097914626277108896e-01
2.600000000000000089e-01
-2.282925546169281006e-01
1.000000000000000000e+00
9.472731374327437726e-01
1.000000000000000000e+00
9.388256682382564167e-01
1.000000000000000000e+00
9.576407045194612611e-01
9.792174798304368322e-01
9.982119630603619731e-01
9.440492416034764744e-01
9.792422141215955111e-01
9.626494979719889544e-01
9.887130156683774374e-01
8.864860842146869979e-01
8.256811140204867172e-01
1.000000000000000000e+00
1.000000000000000000e+00
9.534423050304077218e-01
1.000000000000000000e+00
1.000000000000000000e+00
1.000000000000000000e+00
1.000000000000000000e+00
9.465400733942449518e-01
9.932913958728020187e-01
9.819545823836971499e-01
1.739263939802088643e+01
1.340925906273634505e-01
2.600000000000000089e-01
-1.545602530241012573e-01
1.000000000000000000e+00
9.664887732582577717e-01
1.000000000000000000e+00
1.000000000000000000e+00
9.476654101153917376e-01
1.000000000000000000e+00
1.000000000000000000e+00
9.981974694918642754e-01
1.000000000000000000e+00
1.000000000000000000e+00
1.000000000000000000e+00
1.000000000000000000e+00
9.566904655540303670e-01
7.307138935155309545e-01
1.000000000000000000e+00
1.000000000000000000e+00
9.613097087798732066e-01
9.501999312651600027e-01
1.000000000000000000e+00
1.000000000000000000e+00
9.436675408958690170e-01
9.585534271356941360e-01
9.703854334466567311e-01
9.994753290200198981e-01
1.736675293426247535e+01
1.394908781010146814e-01
2.600000000000000089e-01
5.089756846427917480e-02
1.000000000000000000e+00
1.000000000000000000e+00
1.000000000000000000e+00
1.000000000000000000e+00
9.991939121411798075e-01
1.000000000000000000e+00
9.912034470009695175e-01
1.000000000000000000e+00
9.926491252234477258e-01
1.000000000000000000e+00
1.000000000000000000e+00
1.000000000000000000e+00
9.471373581421700383e-01
7.389172041385586587e-01
9.908415474674401313e-01
1.000000000000000000e+00
9.767370173068418149e-01
9.963050985864578823e-01
9.629531898549499314e-01
1.000000000000000000e+00
1.000000000000000000e+00
9.836563146699163207e-01
1.000000000000000000e+00
9.650850532370558454e-01
1.734100479613729817e+01
1.260544264455196739e-01
2.600000000000000089e-01
2.028062790632247925e-01
9.962585761655066152e-01
1.000000000000000000e+00
1.000000000000000000e+00
1.000000000000000000e+00
9.396782700526266074e-01
1.000000000000000000e+00
1.000000000000000000e+00
9.518532717830635592e-01
9.896415596574046347e-01
9.600063028682841448e-01
1.000000000000000000e+00
1.000000000000000000e+00
9.171908336424561270e-01
7.627755651187103636e-01
1.000000000000000000e+00
9.631392456712679628e-01
1.000000000000000000e+00
1.000000000000000000e+00
9.760361839097984049e-01
9.455536361815316537e-01
1.000000000000000000e+00
9.430866585324257922e-01
9.825029521971734292e-01
1.000000000000000000e+00
1.730664369073850040e+01
1.001418778021403444e-01
2.600000000000000089e-01
1.824515461921691895e-01
1.000000000000000000e+00
9.806494505629164138e-01
1.000000000000000000e+00
9.486018200847677884e-01
9.415061549829797372e-01
9.527176661172976901e-01
1.000000000000000000e+00
1.000000000000000000e+00
1.000000000000000000e+00
1.000000000000000000e+00
9.733642392683510280e-01
9.448640320011243432e-01
7.887546294580234374e-01
7.428617650624540492e-01
9.631385991469505470e-01
9.838714583557978122e-01
1.000000000000000000e+00
1.000000000000000000e+00
1.000000000000000000e+00
9.756325743958781382e-01
1.000000000000000000e+00
9.705436987475806188e-01
1.000000000000000000e+00
1.000000000000000000e+00
1.728090073434395535e+01
8.482972430385005147e-02
2.600000000000000089e-01
1.482715308666229248e-01
9.501459071430223835e-01
1.000000000000000000e+00
1.000000000000000000e+00
9.372439031347008509e-01
1.000000000000000000e+00
1.000000000000000000e+00
1.000000000000000000e+00
1.000000000000000000e+00
9.699840732089465289e-01
1.000000000000000000e+00
1.000000000000000000e+00
1.000000000000000000e+00
8.055329405216437033e-01
7.635721662470293936e-01
1.000000000000000000e+00
9.758444872713143425e-01
9.709801600462417692e-01
9.764425123456181854e-01
1.000000000000000000e+00
9.522791872113478551e-01
9.956284252859275430e-01
1.000000000000000000e+00
1.000000000000000000e+00
1.000000000000000000e+00
1.725514962291015664e+01
7.069684731389291876e-02
2.600000000000000089e-01
6.412138789892196655e-02
9.761197774015063500e-01
9.452289074875734887e-01
1.000000000000000000e+00
9.764099791582275811e-01
1.000000000000000000e+00
1.000000000000000000e+00
1.000000000000000000e+00
9.971160133729586317e-01
9.987351797053116709e-01
1.000000000000000000e+00
1.000000000000000000e+00
8.604101217142146041e-01
7.394813351196718454e-01
7.823633165822989621e-01
9.660623397566444615e-01
9.796654300954645844e-01
9.651257221153295429e-01
9.798911858435864763e-01
9.476020321267984992e-01
1.000000000000000000e+00
1.000000000000000000e+00
1.000000000000000000e+00
1.000000000000000000e+00
9.265180785530644503e-01
1.722121905430386590e+01
6.515601087329081498e-02
2.600000000000000089e-01
-1.156296357512474060e-01
9.447054909424820179e-01
9.617860034661790403e-01
9.906163132533907234e-01
1.000000000000000000e+00
1.000000000000000000e+00
1.000000000000000000e+00
9.739055953425032053e-01
9.792835642138991714e-01
1.000000000000000000e+00
1.000000000000000000e+00
9.954493233237652339e-01
8.659940887383228425e-01
8.223089630567363972e-01
8.450090660080998850e-01
9.606002603279922836e-01
1.000000000000000000e+00
1.000000000000000000e+00
1.000000000000000000e+00
9.761669789618293569e-01
9.601989106097171822e-01
9.998772334167241871e-01
1.000000000000000000e+00
1.000000000000000000e+00
9.283479096056338475e-01
1.719534947745708209e+01
8.202121523781302770e-02
2.600000000000000089e-01
-2.375343292951583862e-01
9.747092470195699576e-01
1.000000000000000000e+00
9.751996562322196027e-01
9.467109428304087970e-01
1.000000000000000000e+00
1.000000000000000000e+00
1.000000000000000000e+00
9.527444328097774973e-01
9.837303254011832143e-01
1.000000000000000000e+00
1.000000000000000000e+00
1.000000000000000000e+00
7.852318446486742376e-01
7.584459920045293346e-01
9.940347620301678289e-01
9.579967097410044818e-01
9.379757813121837318e-01
9.952617887367611882e-01
1.000000000000000000e+00
9.882053358793976283e-01
1.000000000000000000e+00
9.554616334014978118e-01
9.558246399546720395e-01
9.790087754335747849e-01
1.716927671819468415e+01
1.031156946788633899e-01
2.600000000000000089e-01
-1.886511594057083130e-01
9.671045966606965916e-01
9.911252323626239535e-01
9.750139089810341275e-01
9.927284516901098144e-01
9.564522730923110672e-01
9.495353074981299768e-01
1.000000000000000000e+00
9.874943422558610795e-01
9.624606493399600060e-01
9.548282376559170670e-01
1.000000000000000000e+00
1.000000000000000000e+00
8.009029108135286013e-01
7.296376296513914506e-01
9.394543463880168366e-01
1.000000000000000000e+00
9.764067199624693050e-01
1.000000000000000000e+00
1.000000000000000000e+00
9.532261411227507253e-01
9.628214659010464471e-01
9.856941654303789102e-01
1.000000000000000000e+00
9.947871131406819112e-01
1.713474945232861657e+01
1.282308583875132468e-01
2.600000000000000089e-01
-1.938286870718002319e-01
9.845900057442115161e-01
9.508473849457718119e-01
9.994412547377157230e-01
9.569009234115727347e-01
1.000000000000000000e+00
1.000000000000000000e+00
9.522674060820793818e-01
9.942610315784782271e-01
1.000000000000000000e+00
1.000000000000000000e+00
1.000000000000000000e+00
1.000000000000000000e+00
8.712049358331563909e-01
7.400243322682032998e-01
8.459018508301952011e-01
1.000000000000000000e+00
9.795289065942528461e-01
1.000000000000000000e+00
9.958951500267054779e-01
1.000000000000000000e+00
9.944730768030712875e-01
1.000000000000000000e+00
1.000000000000000000e+00
9.409325800779601012e-01
1.710900739100520696e+01
1.401937357747954360e-01
2.600000000000000089e-01
-8.010467141866683960e-02
9.936489957509035964e-01
1.000000000000000000e+00
1.000000000000000000e+00
1.000000000000000000e+00
9.515802887875282057e-01
9.584189048551318146e-01
9.862281617845456427e-01
9.456315188628259261e-01
1.000000000000000000e+00
9.886663873641057254e-01
1.000000000000000000e+00
1.000000000000000000e+00
8.585706522868408186e-01
7.051580036777892468e-01
8.114977316265503671e-01
1.000000000000000000e+00
1.000000000000000000e+00
9.804867675720811970e-01
9.808686382441175189e-01
1.000000000000000000e+00
1.000000000000000000e+00
1.000000000000000000e+00
9.913775291440198867e-01
9.608139098639758569e-01
1.708330038333345158e+01
1.477697481003905633e-01
2.600000000000000089e-01
-3.565941751003265381e-02
1.000000000000000000e+00
1.000000000000000000e+00
9.932599528781781428e-01
1.000000000000000000e+00
9.904558892294291761e-01
1.000000000000000000e+00
1.000000000000000000e+00
9.768953370136198577e-01
1.000000000000000000e+00
1.000000000000000000e+00
9.428840736832928560e-01
1.000000000000000000e+00
8.778533509890756870e-01
6.916691658392595254e-01
7.841084661588666460e-01
1.000000000000000000e+00
1.000000000000000000e+00
1.000000000000000000e+00
1.000000000000000000e+00
1.000000000000000000e+00
1.000000000000000000e+00
9.481653986549013480e-01
9.479884729936067789e-01
1.000000000000000000e+00
1.706604345808045764e+01
1.506704405948434689e-01
2.600000000000000089e-01
-1.296972669661045074e-02
1.000000000000000000e+00
1.000000000000000000e+00
9.501205516652176941e-01
1.000000000000000000e+00
1.000000000000000000e+00
1.000000000000000000e+00
9.684785858446609552e-01
1.000000000000000000e+00
9.560098890145869444e-01
9.598182047846524068e-01
9.988251984585201360e-01
9.386854145156455775e-01
8.166672148400702103e-01
7.294344508111734182e-01
7.501793995047884023e-01
9.449131314704046769e-01
9.542054661173012819e-01
1.000000000000000000e+00
1.000000000000000000e+00
1.000000000000000000e+00
1.000000000000000000e+00
9.502101640984196296e-01
9.718444463061165495e-01
9.566344118862517565e-01
1.702330421696220242e+01
1.487799734033919963e-01
2.600000000000000089e-01
6.669281423091888428e-02
9.911883780518071507e-01
1.000000000000000000e+00
1.000000000000000000e+00
9.817423098028450479e-01
9.541509484759813642e-01
1.000000000000000000e+00
9.471592804133502908e-01
9.982153385487144703e-01
1.000000000000000000e+00
9.861315241005843557e-01
1.000000000000000000e+00
1.000000000000000000e+00
8.186632458384272004e-01
6.614799299564481094e-01
8.209035936526412058e-01
1.000000000000000000e+00
9.485045411033052876e-01
1.000000000000000000e+00
9.442914882311367331e-01
1.000000000000000000e+00
1.000000000000000000e+00
9.923614273982460654e-01
9.995979533623003954e-01
1.000000000000000000e+00
1.699774212168335197e+01
1.392812708675733591e-01
2.600000000000000089e-01
1.213365197181701660e-01
1.000000000000000000e+00
9.634518247299302951e-01
9.628706740337443781e-01
1.000000000000000000e+00
1.000000000000000000e+00
1.000000000000000000e+00
1.000000000000000000e+00
9.603551777790609867e-01
9.552325355210230517e-01
9.421766742864307043e-01
1.000000000000000000e+00
1.000000000000000000e+00
7.173373951545806149e-01
6.755966379306732605e-01
7.932123759937157459e-01
1.000000000000000000e+00
9.559731571704913611e-01
9.821526898837057429e-01
9.527246690280903874e-01
1.000000000000000000e+00
1.000000000000000000e+00
1.000000000000000000e+00
1.000000000000000000e+00
1.000000000000000000e+00
1.696373687001822717e+01
1.232230892620712615e-01
2.600000000000000089e-01
1.910431534051895142e-01
9.869867336927623525e-01
9.625563548673785608e-01
1.000000000000000000e+00
9.735975808629083739e-01
1.000000000000000000e+00
9.454875267463895838e-01
1.000000000000000000e+00
1.000000000000000000e+00
9.545271531331812609e-01
9.548885323780628154e-01
9.858674365178170529e-01
9.616932051018058925e-01
8.045435705293361162e-01
7.167155841844193853e-01
8.317557571985032538e-01
9.890089506809845998e-01
9.589496915136519473e-01
1.000000000000000000e+00
9.711714631850185686e-01
9.954750900304878414e-01
1.000000000000000000e+00
1.000000000000000000e+00
1.000000000000000000e+00
1.000000000000000000e+00
1.693807823323092876e+01
1.059123357831464052e-01
2.600000000000000089e-01
1.602858155965805054e-01
1.000000000000000000e+00
1.000000000000000000e+00
1.000000000000000000e+00
1.000000000000000000e+00
9.383195634036913813e-01
1.000000000000000000e+00
9.467635528122789745e-01
9.558044243945330587e-01
1.000000000000000000e+00
9.437932333991366773e-01
9.468269732205069067e-01
8.893818575506123869e-01
6.767124624737459460e-01
6.283183573227422158e-01
8.560752546325717249e-01
1.000000000000000000e+00
9.412589968278374242e-01
9.895034046704223041e-01
9.836749113801083189e-01
9.515045050103344559e-01
1.000000000000000000e+00
1.000000000000000000e+00
9.842955077878673409e-01
9.455511789187139859e-01
1.691236108213825418e+01
8.971341579781710873e-02
2.600000000000000089e-01
1.549369245767593384e-01
9.499321210464007903e-01
1.000000000000000000e+00
9.536962840228134786e-01
1.000000000000000000e+00
1.000000000000000000e+00
1.000000000000000000e+00
9.725056671477291248e-01
1.000000000000000000e+00
9.956434508617463264e-01
9.768641284018582116e-01
1.000000000000000000e+00
8.866970384031995778e-01
7.224600783028934936e-01
6.143484998591121071e-01
8.744378556810989966e-01
1.000000000000000000e+00
1.000000000000000000e+00
1.000000000000000000e+00
9.713463074837342948e-01
9.834999285824045367e-01
1.000000000000000000e+00
9.855395883267984436e-01
1.000000000000000000e+00
1.000000000000000000e+00
1.688664200010925853e+01
7.683196782677548242e-02
2.600000000000000089e-01
8.811233937740325928e-02
9.406068630678028342e-01
9.897478507846065865e-01
9.951748274482200562e-01
9.695298135772741910e-01
1.000000000000000000e+00
1.000000000000000000e+00
9.778171012665229922e-01
9.492317249783077671e-01
9.997706206905297988e-01
9.410786554382388758e-01
1.000000000000000000e+00
8.368605064026503060e-01
6.518395522519986329e-01
6.992274827161554240e-01
8.183573954361232916e-01
9.808836097024463685e-01
9.903950773872080005e-01
9.576811787685579613e-01
9.591381845043266408e-01
9.955506638402994435e-01
9.395139079559468032e-01
1.000000000000000000e+00
1.000000000000000000e+00
1.000000000000000000e+00
1.685220064755084479e+01
7.365048473051982736e-02
2.600000000000000089e-01
-1.034965589642524719e-01
1.000000000000000000e+00
1.000000000000000000e+00
1.000000000000000000e+00
1.000000000000000000e+00
9.926870920001821252e-01
9.915280686642305996e-01
9.417835215864157616e-01
1.000000000000000000e+00
9.947548586964656270e-01
9.902051557385742608e-01
9.415336889937261367e-01
8.064336273393869492e-01
6.950232797927198281e-01
6.380133388588778987e-01
8.674153329710891924e-01
9.854400550372705014e-01
1.000000000000000000e+00
1.000000000000000000e+00
1.000000000000000000e+00
9.768561207687529446e-01
1.000000000000000000e+00
1.000000000000000000e+00
1.000000000000000000e+00
1.000000000000000000e+00
1.682650057066336657e+01
8.896438538914241967e-02
2.600000000000000089e-01
-2.390182614326477051e-01
1.000000000000000000e+00
9.803614096911438258e-01
1.000000000000000000e+00
1.000000000000000000e+00
9.812763757531096642e-01
9.389891642408914052e-01
9.992336252376289307e-01
1.000000000000000000e+00
9.651857614675382058e-01
9.915926974915950654e-01
1.000000000000000000e+00
7.750963002274406932e-01
6.560209893779561652e-01
5.865139544304022179e-01
8.330351932478937682e-01
9.483946919588939206e-01
9.639492352415162113e-01
1.000000000000000000e+00
1.000000000000000000e+00
1.000000000000000000e+00
1.000000000000000000e+00
9.784714136935087625e-01
1.000000000000000000e+00
1.000000000000000000e+00
1.679158296788412486e+01
1.243078791027881769e-01
2.600000000000000089e-01
-3.042591512203216553e-01
9.919391862079217637e-01
9.768255001453287623e-01
9.707388419915204958e-01
1.000000000000000000e+00
9.718839152684204397e-01
9.606165062853280201e-01
9.716129205115082712e-01
1.000000000000000000e+00
9.406329774623553019e-01
1.000000000000000000e+00
9.773742263230325023e-01
9.715137718774663478e-01
6.875541135741535248e-01
6.350050214575666541e-01
6.240723409567905389e-01
9.528536422212550150e-01
1.000000000000000000e+00
1.000000000000000000e+00
9.518806659675034254e-01
9.711324524743424336e-01
9.650990979347789933e-01
1.000000000000000000e+00
1.000000000000000000e+00
9.814060048645144585e-01
1.676556425981369713e+01
1.591320410821623899e-01
2.600000000000000089e-01
-3.629912137985229492e-01
1.000000000000000000e+00
1.000000000000000000e+00
1.000000000000000000e+00
9.994482841669463102e-01
9.618539039276260416e-01
1.000000000000000000e+00
1.000000000000000000e+00
9.784930642040902127e-01
1.000000000000000000e+00
9.898425801896099108e-01
9.457021580754724210e-01
9.890015559519512722e-01
7.278808830037055699e-01
6.901956675572612498e-01
6.771224352465806673e-01
1.000000000000000000e+00
1.000000000000000000e+00
9.777788762732931849e-01
9.899449844736195603e-01
1.000000000000000000e+00
1.000000000000000000e+00
1.000000000000000000e+00
1.000000000000000000e+00
1.000000000000000000e+00
1.673964549497286924e+01
1.920249874420787428e-01
2.600000000000000089e-01
-2.984884679317474365e-01
1.000000000000000000e+00
9.477960557766632599e-01
1.000000000000000000e+00
9.818210289687624437e-01
1.000000000000000000e+00
9.811942671822475592e-01
9.712130117165117538e-01
1.000000000000000000e+00
9.871124695710548069e-01
1.000000000000000000e+00
1.000000000000000000e+00
1.000000000000000000e+00
8.122695151579225614e-01
7.195536777562042685e-01
5.907938044029108493e-01
7.334550918201703240e-01
9.664421758926422523e-01
1.000000000000000000e+00
1.000000000000000000e+00
1.000000000000000000e+00
9.649955232344483713e-01
9.855474923211711147e-01
1.000000000000000000e+00
1.000000000000000000e+00
1.670564010306888747e+01
2.177936064874972377e-01
2.600000000000000089e-01
-6.611073762178421021e-02
9.669774817766360053e-01
9.527933851116653363e-01
9.383238346250630801e-01
1.000000000000000000e+00
9.490132085798897998e-01
1.000000000000000000e+00
1.000000000000000000e+00
1.000000000000000000e+00
9.448508244110065402e-01
1.000000000000000000e+00
9.996909542022153206e-01
1.000000000000000000e+00
7.677344179290287451e-01
7.062580661212937150e-01
5.517732732448171751e-01
6.934896763326749980e-01
9.813287453886203604e-01
9.648049867028894999e-01
9.810708824434831721e-01
1.000000000000000000e+00
1.000000000000000000e+00
9.845473697861641948e-01
9.886429170724557736e-01
9.588081503366611136e-01
1.668025505842068412e+01
2.215225398328579676e-01
2.600000000000000089e-01
-9.736628271639347076e-03
1.000000000000000000e+00
1.000000000000000000e+00
9.583721790849901723e-01
1.000000000000000000e+00
9.675304996467388730e-01
1.000000000000000000e+00
9.461416263393556125e-01
9.943218515262935986e-01
9.845580441768376767e-01
9.642502309813535399e-01
1.000000000000000000e+00
1.000000000000000000e+00
7.568087603674857888e-01
7.024752897721764366e-01
6.390550313732515919e-01
6.928870335519542456e-01
1.000000000000000000e+00
9.827280328592078451e-01
9.912635779956546767e-01
9.586275728918906003e-01
1.000000000000000000e+00
9.715405818961945217e-01
1.000000000000000000e+00
9.760030467491969119e-01
1.665489700665645501e+01
2.266708077988517367e-01
2.600000000000000089e-01
-6.115753203630447388e-02
1.000000000000000000e+00
9.778262129052703866e-01
1.000000000000000000e+00
9.774572288135753295e-01
1.000000000000000000e+00
9.522160608558463135e-01
1.000000000000000000e+00
1.000000000000000000e+00
9.485540747260514660e-01
1.000000000000000000e+00
9.556313543342558336e-01
1.000000000000000000e+00
7.035973840189244655e-01
7.196788238966720375e-01
6.417279429408339064e-01
7.589809575910217987e-01
9.456594830455025136e-01
1.000000000000000000e+00
9.719554264947509736e-01
1.000000000000000000e+00
9.926650985817799810e-01
9.749372040048271959e-01
9.809788189893745569e-01
1.000000000000000000e+00
1.662130150320800936e+01
2.282471011229803004e-01
2.600000000000000089e-01
2.320358902215957642e-02
9.645575458839260596e-01
1.000000000000000000e+00
9.629325004533182408e-01
9.625534353168108126e-01
9.427536633063144933e-01
9.794830197409624128e-01
1.000000000000000000e+00
9.761506102592939493e-01
1.000000000000000000e+00
1.000000000000000000e+00
9.399788614099721107e-01
1.000000000000000000e+00
7.141149227563919899e-01
6.185263627027890454e-01
5.867933069335254936e-01
7.225136637823305064e-01
1.000000000000000000e+00
1.000000000000000000e+00
9.978440000787270892e-01
9.431308024002040824e-01
9.770983858194292049e-01
9.589285925804718058e-01
9.704817521082088616e-01
9.943127735552709234e-01
1.659596577976417109e+01
2.227449779266874597e-01
2.600000000000000089e-01
7.292667776346206665e-02
1.000000000000000000e+00
1.000000000000000000e+00
9.514586491524913425e-01
1.000000000000000000e+00
1.000000000000000000e+00
1.000000000000000000e+00
9.421263724150215069e-01
9.527829071480268253e-01
9.847113294287374030e-01
1.000000000000000000e+00
9.799028431969610820e-01
1.000000000000000000e+00
7.791015212318530558e-01
6.135994926569804386e-01
5.758731267698816714e-01
7.183670123867453849e-01
9.872603238245576396e-01
1.000000000000000000e+00
9.420812762441339583e-01
9.377383106006013103e-01
1.000000000000000000e+00
1.000000000000000000e+00
9.648052464517871130e-01
1.000000000000000000e+00
1.657062824497425169e+01
2.182818404914509403e-01
2.600000000000000089e-01
1.048971712589263916e-02
1.000000000000000000e+00
9.496281193604571014e-01
9.424256667465257253e-01
9.521603798090421122e-01
1.000000000000000000e+00
9.914266387893221344e-01
1.000000000000000000e+00
1.000000000000000000e+00
1.000000000000000000e+00
9.771966116891188658e-01
1.000000000000000000e+00
1.000000000000000000e+00
7.972372658343424012e-01
6.609847956415741965e-01
6.243289081888491188e-01
7.083665402247475429e-01
9.748651149688102313e-01
9.578848056850871595e-01
9.884703889752534112e-01
9.526447361722288898e-01
1.000000000000000000e+00
1.000000000000000000e+00
1.000000000000000000e+00
1.000000000000000000e+00
1.653685494347275409e+01
2.204492517171019461e-01
2.600000000000000089e-01
-5.773520097136497498e-02
1.000000000000000000e+00
9.444958032879473553e-01
9.785320932209362610e-01
1.000000000000000000e+00
1.000000000000000000e+00
1.000000000000000000e+00
1.000000000000000000e+00
9.941202339253428777e-01
9.886323560840678537e-01
1.000000000000000000e+00
9.673660832712307478e-01
1.000000000000000000e+00
7.231914374674646151e-01
6.620513803051569779e-01
5.983724720625781535e-01
6.921052505978391167e-01
1.000000000000000000e+00
9.817747599242295786e-01
9.553804019774806422e-01
1.000000000000000000e+00
1.000000000000000000e+00
9.624521043907473539e-01
1.000000000000000000e+00
9.683699999790542634e-01
1.651148959955368767e+01
2.248635501014841775e-01
2.600000000000000089e-01
-3.890603408217430115e-02
1.000000000000000000e+00
9.900954988905100729e-01
1.000000000000000000e+00
9.845536866115226493e-01
1.000000000000000000e+00
1.000000000000000000e+00
9.960251840097340548e-01
9.656569119661987388e-01
9.557785010347530363e-01
9.440887943863917053e-01
1.000000000000000000e+00
1.000000000000000000e+00
6.702170835394214432e-01
5.960725480382544905e-01
5.203829412292468870e-01
5.856796016052535636e-01
1.000000000000000000e+00
9.998803906329547520e-01
9.881224108310268095e-01
1.000000000000000000e+00
9.853802160668151400e-01
9.437993040169512238e-01
1.000000000000000000e+00
9.826236869470893476e-01
1.648601394011914678e+01
2.308431396431068761e-01
2.600000000000000089e-01
-1.373003274202346802e-01
9.381529668639357888e-01
9.673565648492686853e-01
1.000000000000000000e+00
9.612198581412103593e-01
9.598193745554290945e-01
9.962018951317939131e-01
1.000000000000000000e+00
9.570477119095788243e-01
9.929732251759757489e-01
1.000000000000000000e+00
1.000000000000000000e+00
1.000000000000000000e+00
9.489347306462063703e-01
6.810938746284082024e-01
5.234344218594199072e-01
5.481836798719222914e-01
1.000000000000000000e+00
9.526667009968422528e-01
1.000000000000000000e+00
1.000000000000000000e+00
9.456235671167668722e-01
9.761440419868333551e-01
9.974017843576179487e-01
9.829272847360062126e-01
1.646066355245690715e+01
2.481999314481652119e-01
2.600000000000000089e-01
-3.151887655258178711e-01
1.000000000000000000e+00
1.000000000000000000e+00
1.000000000000000000e+00
9.582085496564284322e-01
9.917666129694910904e-01
1.000000000000000000e+00
1.000000000000000000e+00
1.000000000000000000e+00
1.000000000000000000e+00
1.000000000000000000e+00
1.000000000000000000e+00
9.659560004731793104e-01
1.000000000000000000e+00
6.617837359400526864e-01
6.045730946691597607e-01
5.522190735398637695e-01
9.842745363734488606e-01
1.000000000000000000e+00
1.000000000000000000e+00
9.474748526786259673e-01
1.000000000000000000e+00
9.384863382335779658e-01
1.000000000000000000e+00
1.000000000000000000e+00
1.642734481751658393e+01
2.864436510891753551e-01
2.600000000000000089e-01
-2.807749807834625244e-01
1.000000000000000000e+00
9.859138872090901229e-01
1.000000000000000000e+00
9.585765069710993069e-01
1.000000000000000000e+00
1.000000000000000000e+00
1.000000000000000000e+00
9.730664269194261307e-01
1.000000000000000000e+00
1.000000000000000000e+00
9.909212932052193779e-01
1.000000000000000000e+00
9.587927186043698757e-01
6.687138432685166833e-01
5.726558509643038253e-01
5.494820912412893277e-01
6.187425168200706427e-01
1.000000000000000000e+00
1.000000000000000000e+00
1.000000000000000000e+00
1.000000000000000000e+00
1.000000000000000000e+00
9.802020949982782616e-01
1.000000000000000000e+00
1.640233827073408079e+01
3.048145449862366130e-01
2.600000000000000089e-01
-1.021851077675819397e-01
1.000000000000000000e+00
1.000000000000000000e+00
9.668505405087105542e-01
9.760882015486823660e-01
9.568731602561463268e-01
9.897363519177426738e-01
1.000000000000000000e+00
9.395953022361190898e-01
9.788415132421849352e-01
1.000000000000000000e+00
9.565751628339096424e-01
1.000000000000000000e+00
1.000000000000000000e+00
5.844669186918248771e-01
5.854144424748622955e-01
4.725282603495823963e-01
6.908030032566224721e-01
9.768232655057145220e-01
1.000000000000000000e+00
9.373959922151283708e-01
1.000000000000000000e+00
9.973240798124720641e-01
1.000000000000000000e+00
9.791235890358631622e-01
1.636921257509426653e+01
3.201044172609383009e-01
2.600000000000000089e-01
-1.176462322473526001e-01
1.000000000000000000e+00
1.000000000000000000e+00
9.821715281758232052e-01
9.973616885712557334e-01
9.670548610961516856e-01
9.499912341998186793e-01
1.000000000000000000e+00
1.000000000000000000e+00
1.000000000000000000e+00
1.000000000000000000e+00
9.872210198033579687e-01
1.000000000000000000e+00
9.673442317398733836e-01
6.097903286295264236e-01
6.311501277543830613e-01
5.304746908091527713e-01
5.982622781297042280e-01
1.000000000000000000e+00
1.000000000000000000e+00
1.000000000000000000e+00
1.000000000000000000e+00
9.646538788892428107e-01
1.000000000000000000e+00
9.909774998325123763e-01
1.634462000713685015e+01
3.325518123946861193e-01
2.600000000000000089e-01
-1.221672296524047852e-01
9.415761160270037511e-01
1.000000000000000000e+00
9.906436368724176322e-01
1.000000000000000000e+00
1.000000000000000000e+00
1.000000000000000000e+00
1.000000000000000000e+00
1.000000000000000000e+00
1.000000000000000000e+00
1.000000000000000000e+00
1.000000000000000000e+00
1.000000000000000000e+00
1.000000000000000000e+00
6.302793380814810664e-01
5.793104277707008531e-01
4.558091049029147079e-01
5.800855287170388896e-01
1.000000000000000000e+00
9.645851228384357823e-01
1.000000000000000000e+00
9.871690190343728188e-01
9.418259941871544028e-01
9.904177470665069816e-01
1.000000000000000000e+00
1.631173434610873585e+01
3.432659018580458410e-01
2.600000000000000089e-01
-5.786526203155517578e-02
1.000000000000000000e+00
1.000000000000000000e+00
9.667615345401402438e-01
1.000000000000000000e+00
9.928839295272255949e-01
9.778093847603338551e-01
9.656409687493862082e-01
9.573953203587877159e-01
1.000000000000000000e+00
9.540614768416649794e-01
1.000000000000000000e+00
9.636903036956516733e-01
1.000000000000000000e+00
6.847719851187540341e-01
5.731918328358157622e-01
5.210180638128056874e-01
5.188782548322230515e-01
1.000000000000000000e+00
1.000000000000000000e+00
9.441518931395586067e-01
1.000000000000000000e+00
9.705197247238963598e-01
1.000000000000000000e+00
9.873055991662839093e-01
1.628716746453681807e+01
3.566671750246785400e-01
2.600000000000000089e-01
-1.423996686935424805e-01
9.401591418871758643e-01
1.000000000000000000e+00
1.000000000000000000e+00
1.000000000000000000e+00
9.797288709455195255e-01
9.429870867789488242e-01
9.777660206358838035e-01
9.393800539014397488e-01
1.000000000000000000e+00
1.000000000000000000e+00
1.000000000000000000e+00
1.000000000000000000e+00
9.762932070119368921e-01
6.449420398240681696e-01
5.554615497935811996e-01
4.565106009994120972e-01
5.257702296942297071e-01
6.725510104226730679e-01
9.715081531382390168e-01
1.000000000000000000e+00
1.000000000000000000e+00
9.750679629904983603e-01
1.000000000000000000e+00
1.000000000000000000e+00
1.624691321902567864e+01
3.745501404765403386e-01
2.600000000000000089e-01
-1.814158819615840912e-02
1.000000000000000000e+00
1.000000000000000000e+00
1.000000000000000000e+00
9.586998292611337291e-01
1.000000000000000000e+00
9.856161710083818361e-01
1.000000000000000000e+00
1.000000000000000000e+00
9.565428993448172879e-01
1.000000000000000000e+00
9.473800982688268535e-01
1.000000000000000000e+00
9.800490613461194656e-01
6.191952045343828148e-01
5.456786198181492464e-01
5.616944617736191470e-01
4.501931850312817507e-01
6.185897232229928822e-01
9.789845795026123065e-01
9.544415519499903633e-01
9.821251075387517071e-01
9.517620799675033938e-01
1.000000000000000000e+00
1.000000000000000000e+00
1.622274899242910351e+01
3.819484919029740855e-01
2.600000000000000089e-01
-2.286671400070190430e-01
1.000000000000000000e+00
9.772845336162038210e-01
9.847210763023366287e-01
9.904178525827436186e-01
9.727459791388110011e-01
1.000000000000000000e+00
9.819694659439149875e-01
9.608023835794391454e-01
1.000000000000000000e+00
1.000000000000000000e+00
1.000000000000000000e+00
1.000000000000000000e+00
9.897460325473141918e-01
1.000000000000000000e+00
5.467003077297489799e-01
5.091735457606826332e-01
4.609667163366782394e-01
6.741709756433198475e-01
1.000000000000000000e+00
1.000000000000000000e+00
1.000000000000000000e+00
9.561019379701108933e-01
1.000000000000000000e+00
1.000000000000000000e+00
1.619033408771111482e+01
4.090346141773333333e-01
2.600000000000000089e-01
-1.594593226909637451e-01
1.000000000000000000e+00
1.000000000000000000e+00
9.874872218187757955e-01
9.673385412889795587e-01
1.000000000000000000e+00
1.000000000000000000e+00
9.619646446199529022e-01
9.645275471220028374e-01
9.792834723271857111e-01
9.939901926785801312e-01
9.732684389900905231e-01
1.000000000000000000e+00
1.000000000000000000e+00
9.450354497948508792e-01
6.140483341323602628e-01
5.685495860718507988e-01
5.298683357175509867e-01
5.747959027031294132e-01
9.697636121277405374e-01
9.939257325424823986e-01
9.569856003093084595e-01
1.000000000000000000e+00
9.817249470515377885e-01
9.894391625264654655e-01
1.616651698328209008e+01
4.194740979597073038e-01
2.600000000000000089e-01
-2.638399600982666016e-02
1.000000000000000000e+00
1.000000000000000000e+00
1.000000000000000000e+00
9.569362394906326674e-01
1.000000000000000000e+00
9.740789099095347181e-01
9.412719144357125645e-01
1.000000000000000000e+00
9.683318116932380093e-01
9.513631486020948103e-01
1.000000000000000000e+00
1.000000000000000000e+00
9.883235873710851660e-01
1.000000000000000000e+00
6.256827087601870563e-01
4.947286278285877303e-01
4.622592369113767141e-01
4.847001070220134378e-01
9.988487582727714198e-01
9.560038533971387809e-01
9.556633505530053307e-01
9.405247334836112083e-01
9.408881490173290896e-01
9.762394170362806989e-01
1.614291056257259172e+01
4.204409599321326518e-01
2.600000000000000089e-01
1.836718060076236725e-02
9.552385650270889261e-01
9.820811491138152771e-01
1.000000000000000000e+00
1.000000000000000000e+00
1.000000000000000000e+00
9.990279937998600701e-01
1.000000000000000000e+00
1.000000000000000000e+00
9.527910407082925692e-01
1.000000000000000000e+00
9.842882693596992638e-01
1.000000000000000000e+00
9.531530738762906685e-01
1.000000000000000000e+00
6.220966711458946197e-01
5.511523724006741620e-01
4.565581348186004140e-01
4.925102008386258445e-01
9.850991154227229929e-01
1.000000000000000000e+00
9.870693314553724562e-01
1.000000000000000000e+00
9.688963612044654283e-01
1.000000000000000000e+00
1.611133136996299697e+01
4.339684807324131199e-01
2.600000000000000089e-01
-1.141346767544746399e-01
9.828540347689136425e-01
9.891129901720391304e-01
9.461839559273804712e-01
9.568683592415522243e-01
1.000000000000000000e+00
1.000000000000000000e+00
9.998965011236734535e-01
1.000000000000000000e+00
1.000000000000000000e+00
9.961174693284665649e-01
9.594780911152333003e-01
1.000000000000000000e+00
1.000000000000000000e+00
1.000000000000000000e+00
6.250605644240583292e-01
4.722614434529111560e-01
5.128213803872921916e-01
5.368683036563576261e-01
9.784742688616885342e-01
9.392141036107372054e-01
1.000000000000000000e+00
1.000000000000000000e+00
9.965592054602826488e-01
1.000000000000000000e+00
1.608769439393853062e+01
4.413392463067135063e-01
2.600000000000000089e-01
-4.277613386511802673e-02
9.916585837527296388e-01
9.849193782326848279e-01
1.000000000000000000e+00
9.865352379860384824e-01
9.489808891812321345e-01
9.988912636080461427e-01
9.603164703526033685e-01
1.000000000000000000e+00
1.000000000000000000e+00
9.784624775088166526e-01
1.000000000000000000e+00
1.000000000000000000e+00
1.000000000000000000e+00
9.811127531478486263e-01
6.158942435267442672e-01
4.799552338150033237e-01
3.932492242777117508e-01
4.762162027494856731e-01
6.972094962055279677e-01
9.781099488715370160e-01
1.000000000000000000e+00
9.889083006675332133e-01
9.483440623182742835e-01
9.863339925278549192e-01
1.606422097714602870e+01
4.445611232709273386e-01
2.600000000000000089e-01
-2.421523630619049072e-02
9.871916881243704145e-01
9.605914148554630660e-01
9.868172655396459936e-01
9.626759743700935568e-01
9.854867040795778355e-01
1.000000000000000000e+00
9.376250280792486347e-01
9.850599249254946566e-01
9.975268037893965101e-01
1.000000000000000000e+00
1.000000000000000000e+00
9.799978760416975243e-01
1.000000000000000000e+00
1.000000000000000000e+00
5.683439577616941074e-01
5.613544817856573887e-01
4.685844435903568916e-01
4.141672841559023155e-01
6.516316096402360314e-01
9.933173511895146968e-01
9.383702066467325409e-01
1.000000000000000000e+00
1.000000000000000000e+00
9.490188561029526682e-01
1.604062881006935015e+01
4.620492214629438599e-01
2.600000000000000089e-01
-3.217025697231292725e-01
9.832207263286043553e-01
1.000000000000000000e+00
1.000000000000000000e+00
1.000000000000000000e+00
1.000000000000000000e+00
1.000000000000000000e+00
9.880694810887611368e-01
9.571119840329919137e-01
1.000000000000000000e+00
9.805872933211005060e-01
1.000000000000000000e+00
9.877672433516823114e-01
9.955626314786159003e-01
1.000000000000000000e+00
5.618724763957556601e-01
5.529650725112714715e-01
4.671313382447063733e-01
3.702666810615933835e-01
5.153360770299227900e-01
1.000000000000000000e+00
1.000000000000000000e+00
9.800146803965378295e-01
9.939353833842740071e-01
1.000000000000000000e+00
1.601731494585012072e+01
4.875953063896322215e-01
2.600000000000000089e-01
-1.860976517200469971e-01
9.473279540114931674e-01
1.000000000000000000e+00
9.495496157473338750e-01
1.000000000000000000e+00
9.489781362132402309e-01
1.000000000000000000e+00
9.975448015920259648e-01
9.810027726521584057e-01
1.000000000000000000e+00
9.519731386891715497e-01
9.809256064335925007e-01
9.832435240500883022e-01
9.917605464958018091e-01
9.415333355786902336e-01
6.413959035734827507e-01
5.437177594614343024e-01
4.797105746987784802e-01
4.230265226782360388e-01
5.512096099688196249e-01
9.972062177165929020e-01
1.000000000000000000e+00
9.739691615067124220e-01
1.000000000000000000e+00
1.000000000000000000e+00
1.598695075648744179e+01
5.181730529891080961e-01
2.600000000000000089e-01
-2.925080060958862305e-01
1.000000000000000000e+00
9.969102018754860683e-01
9.443673613491042618e-01
9.751908950287082600e-01
1.000000000000000000e+00
1.000000000000000000e+00
9.800422981478760232e-01
9.900465033052896491e-01
9.439440782570948096e-01
9.428720722155955469e-01
1.000000000000000000e+00
1.000000000000000000e+00
1.000000000000000000e+00
9.568966417442700267e-01
9.392949304609538030e-01
4.945946676576106760e-01
4.198129413006367883e-01
4.182381827907232230e-01
3.872178974234900539e-01
9.687971920033673356e-01
9.388048269760572717e-01
1.000000000000000000e+00
9.620152028320525517e-01
1.000000000000000000e+00
1.596437531390545317e+01
5.401366784159483680e-01
2.600000000000000089e-01
-1.503249406814575195e-01
9.948386572507371683e-01
9.711011500225943394e-01
9.414582095603040157e-01
9.654270675391772860e-01
1.000000000000000000e+00
9.933797164504427624e-01
9.885844532470622337e-01
1.000000000000000000e+00
9.597720147920231204e-01
9.906757500488573287e-01
9.952629322285365676e-01
1.000000000000000000e+00
1.000000000000000000e+00
9.848402278305200541e-01
9.394185526379646989e-01
4.930825237425059404e-01
4.964132911675629423e-01
4.747468811946681244e-01
4.785809099737315941e-01
1.000000000000000000e+00
1.000000000000000000e+00
9.865905824649987554e-01
9.923568657104651081e-01
1.000000000000000000e+00
1.594206838274681282e+01
5.605316745826278702e-01
2.600000000000000089e-01
-2.152917087078094482e-01
1.000000000000000000e+00
9.982498266426800271e-01
1.000000000000000000e+00
1.000000000000000000e+00
9.594686838733813561e-01
9.792363301541492371e-01
1.000000000000000000e+00
1.000000000000000000e+00
9.996894674267170489e-01
1.000000000000000000e+00
1.000000000000000000e+00
9.962628289882073940e-01
9.704381128100630916e-01
1.000000000000000000e+00
1.000000000000000000e+00
5.688078885527493300e-01
4.601884928594895396e-01
4.137703531902109932e-01
4.300607565601176629e-01
5.427675839056808060e-01
9.400457944535204335e-01
1.000000000000000000e+00
1.000000000000000000e+00
1.000000000000000000e+00
1.591995805834339350e+01
5.800108827070606932e-01
2.600000000000000089e-01
-6.772860884666442871e-02
1.000000000000000000e+00
1.000000000000000000e+00
1.000000000000000000e+00
1.000000000000000000e+00
9.895075868013971654e-01
1.000000000000000000e+00
9.910775198462680180e-01
1.000000000000000000e+00
9.595958439481105939e-01
1.000000000000000000e+00
1.000000000000000000e+00
1.000000000000000000e+00
1.000000000000000000e+00
1.000000000000000000e+00
9.638392575277399121e-01
5.220500656240116832e-01
4.633280452114113546e-01
3.724584522402094033e-01
4.231181457982899352e-01
4.976908766955155383e-01
1.000000000000000000e+00
9.610378297304374984e-01
1.000000000000000000e+00
9.430114781994091144e-01
1.589084053796079665e+01
5.979116185397712613e-01
2.600000000000000089e-01
-2.229226082563400269e-01
1.000000000000000000e+00
9.382884519136263091e-01
1.000000000000000000e+00
9.745732744206200282e-01
1.000000000000000000e+00
9.513771907398752559e-01
9.693722459036795414e-01
9.394024790738013664e-01
1.000000000000000000e+00
9.557646786693548835e-01
1.000000000000000000e+00
1.000000000000000000e+00
9.421171857490259205e-01
9.969589317126511530e-01
9.904038442367044670e-01
5.159025185064533003e-01
4.674010438836800341e-01
4.469382929112233893e-01
4.154652133817862691e-01
4.011709328278325049e-01
1.000000000000000000e+00
1.000000000000000000e+00
9.569996314297484208e-01
9.618713784610760653e-01
1.586930146511050133e+01
6.244877124217157460e-01
2.600000000000000089e-01
-2.791897356510162354e-01
9.735550855708180462e-01
1.000000000000000000e+00
9.933272743174834662e-01
9.457733383408231109e-01
9.616386332929058867e-01
1.000000000000000000e+00
1.000000000000000000e+00
1.000000000000000000e+00
9.534751576913020887e-01
1.000000000000000000e+00
9.561747793383842398e-01
9.773089085588021474e-01
1.000000000000000000e+00
1.000000000000000000e+00
1.000000000000000000e+00
1.000000000000000000e+00
4.380945156017614361e-01
4.955306530626756301e-01
3.666221769759053228e-01
3.781562239507791356e-01
5.134996507616593764e-01
1.000000000000000000e+00
1.000000000000000000e+00
1.000000000000000000e+00
1.584144506172722622e+01
6.604961902409671737e-01
2.600000000000000089e-01
-2.275164872407913208e-01
9.562249980150082651e-01
1.000000000000000000e+00
1.000000000000000000e+00
1.000000000000000000e+00
9.751815523282930664e-01
1.000000000000000000e+00
1.000000000000000000e+00
1.000000000000000000e+00
9.945856430473142273e-01
9.482239687290080488e-01
9.739243080693500421e-01
9.529237191494813741e-01
1.000000000000000000e+00
9.498331579900798349e-01
9.743910726581713755e-01
9.546644877620161784e-01
5.323949939101866313e-01
4.110423804806194181e-01
4.306297554337593647e-01
3.420112049971746893e-01
5.527394360494990444e-01
9.405302471141296916e-01
9.674929442358815024e-01
1.000000000000000000e+00
1.582098270022459552e+01
6.775825139008553322e-01
2.600000000000000089e-01
-1.402523815631866455e-01
1.000000000000000000e+00
9.579260495404523512e-01
9.865411690977793358e-01
9.903026107932120237e-01
1.000000000000000000e+00
9.662080410115428952e-01
9.773376565706757280e-01
1.000000000000000000e+00
9.501880673639420127e-01
1.000000000000000000e+00
9.410962184836003663e-01
1.000000000000000000e+00
9.567875086351025349e-01
1.000000000000000000e+00
1.000000000000000000e+00
9.547881047132509291e-01
5.718133418874835616e-01
4.444552464758567134e-01
3.715383543966578328e-01
4.159292873917265765e-01
4.480556538703155955e-01
9.908864963406124327e-01
9.714959491141736958e-01
9.742421511130137102e-01
1.580073918023297708e+01
6.917524084574342425e-01
2.600000000000000089e-01
-1.302169263362884521e-01
9.918226890445909216e-01
9.419399530034844314e-01
1.000000000000000000e+00
9.944439083770254539e-01
9.822858769431979109e-01
9.656975628703566850e-01
9.891637528187431361e-01
1.000000000000000000e+00
9.604481221771076216e-01
9.649576517016885679e-01
9.805669306149763509e-01
1.000000000000000000e+00
9.951327330417552020e-01
1.000000000000000000e+00
9.768410930649428225e-01
9.835397071910525479e-01
4.885097491159781646e-01
4.328312881703842430e-01
3.907975457274054376e-01
3.439444077856879112e-01
3.719766794838358370e-01
1.000000000000000000e+00
1.000000000000000000e+00
1.000000000000000000e+00
1.577412831961146544e+01
7.090889152796204797e-01
2.600000000000000089e-01
-1.120378598570823669e-01
9.948248414395963746e-01
1.000000000000000000e+00
1.000000000000000000e+00
9.920484288104590709e-01
9.548094806981686222e-01
9.853779995740630238e-01
1.000000000000000000e+00
1.000000000000000000e+00
1.000000000000000000e+00
9.394578941596376520e-01
1.000000000000000000e+00
9.494772759591741940e-01
9.605815328009257303e-01
1.000000000000000000e+00
1.000000000000000000e+00
9.787449207521243810e-01
9.636324716483833930e-01
3.946040576283413315e-01
4.198224704488561776e-01
3.995426636956072586e-01
3.292201823287659868e-01
6.359543520138268846e-01
9.682820014603005232e-01
1.000000000000000000e+00
1.575453081914539055e+01
7.213969146106925523e-01
2.600000000000000089e-01
-1.164884120225906372e-01
1.000000000000000000e+00
9.665269324049028388e-01
1.000000000000000000e+00
9.495959246512991614e-01
1.000000000000000000e+00
1.000000000000000000e+00
1.000000000000000000e+00
9.647811778464702170e-01
9.965679673531264715e-01
1.000000000000000000e+00
9.700996331130818939e-01
9.672202322890725013e-01
1.000000000000000000e+00
1.000000000000000000e+00
1.000000000000000000e+00
1.000000000000000000e+00
9.741551212170248553e-01
4.456507286244794641e-01
4.403830511622017774e-01
3.565840261640184083e-01
3.083511033329563444e-01
6.526959549309594433e-01
9.974412597945724324e-01
9.416615222740315483e-01
1.573508265426474040e+01
7.331785060951957478e-01
2.600000000000000089e-01
-8.812745660543441772e-02
1.000000000000000000e+00
1.000000000000000000e+00
9.424131723295104957e-01
9.633529941792122742e-01
1.000000000000000000e+00
9.773706680996666618e-01
9.949833859133427882e-01
1.000000000000000000e+00
9.800955962310416991e-01
1.000000000000000000e+00
9.773995655670819627e-01
9.436442110399114735e-01
1.000000000000000000e+00
9.772741327728563521e-01
1.000000000000000000e+00
1.000000000000000000e+00
1.000000000000000000e+00
4.262052797986775055e-01
3.977579239120898613e-01
3.563260474410512857e-01
3.846865950064852213e-01
5.046528156872850390e-01
1.000000000000000000e+00
1.000000000000000000e+00
1.570920860901421534e+01
7.460596215202743853e-01
2.600000000000000089e-01
-8.235519379377365112e-02
1.000000000000000000e+00
9.385249295229102229e-01
1.000000000000000000e+00
1.000000000000000000e+00
9.827093702315428114e-01
9.773373697160269158e-01
1.000000000000000000e+00
9.577777116642741673e-01
9.733761325556875565e-01
1.000000000000000000e+00
9.719251129454755667e-01
1.000000000000000000e+00
1.000000000000000000e+00
9.500311777318887207e-01
9.673344354255547506e-01
9.527921461567058214e-01
1.000000000000000000e+00
4.355464064852725414e-01
4.099178034030963036e-01
4.362161839632753835e-01
4.301292049166995923e-01
3.703649609718541180e-01
9.737398150295560884e-01
1.000000000000000000e+00
1.568388995535792318e+01
7.560607510453853930e-01
2.600000000000000089e-01
-6.387066841125488281e-02
1.000000000000000000e+00
9.746227214144528306e-01
9.769388316665372773e-01
9.789086365161251413e-01
9.655117624336263527e-01
1.000000000000000000e+00
9.440832755532213572e-01
1.000000000000000000e+00
1.000000000000000000e+00
9.688488537858949146e-01
9.521414402461696458e-01
9.585475658469028160e-01
9.652013616519271588e-01
1.000000000000000000e+00
9.711081715259268776e-01
1.000000000000000000e+00
1.000000000000000000e+00
4.141348493591591740e-01
3.716457996218556770e-01
3.767671002516639889e-01
3.297709598998257441e-01
3.062112832535467399e-01
9.770877310051153675e-01
9.785747067597539983e-01
1.566506227178632926e+01
7.613435106673686059e-01
2.600000000000000089e-01
-2.854841202497482300e-02
9.612820413556096844e-01
1.000000000000000000e+00
9.430094260978266751e-01
1.000000000000000000e+00
9.699185061225726878e-01
1.000000000000000000e+00
1.000000000000000000e+00
9.928197856319113113e-01
9.933351004901004311e-01
1.000000000000000000e+00
9.790372029351362970e-01
1.000000000000000000e+00
1.000000000000000000e+00
9.629954293659706011e-01
9.424430684578402051e-01
1.000000000000000000e+00
9.473943223451888329e-01
4.462102493461941877e-01
4.604848561179482602e-01
3.961991466511761706e-01
3.308870303293029447e-01
3.168249545259699818e-01
1.000000000000000000e+00
9.837484397399585134e-01
1.565245112315327702e+01
7.642664360488226061e-01
2.600000000000000089e-01
-3.344319015741348267e-02
9.460340268807604369e-01
1.000000000000000000e+00
9.921720064981081055e-01
9.399045699528036923e-01
9.621794537942079950e-01
9.469474433811185810e-01
1.000000000000000000e+00
9.792251968101254311e-01
9.694175873492500983e-01
9.504665479542576678e-01
9.794789936392002128e-01
9.484243265105055665e-01
9.653558322471653685e-01
1.000000000000000000e+00
1.000000000000000000e+00
9.475097771492653198e-01
9.816723637576508787e-01
4.814508256329633196e-01
4.690296123401065942e-01
3.975830709011938802e-01
3.470582124015070824e-01
3.560784769266146510e-01
1.000000000000000000e+00
9.840915199422781701e-01
1.562132735871840516e+01
7.708359997907145988e-01
2.600000000000000089e-01
-2.703642286360263824e-02
1.000000000000000000e+00
1.000000000000000000e+00
9.641888571869533520e-01
9.382665182709324370e-01
1.000000000000000000e+00
1.000000000000000000e+00
1.000000000000000000e+00
1.000000000000000000e+00
9.440360532132151539e-01
9.803628594627358250e-01
1.000000000000000000e+00
9.784927402383167827e-01
9.954475298706428887e-01
1.000000000000000000e+00
1.000000000000000000e+00
1.000000000000000000e+00
1.000000000000000000e+00
1.000000000000000000e+00
4.037346025548192441e-01
3.842214491925172726e-01
3.101631883178982974e-01
3.077732071289832061e-01
5.004272342529439976e-01
9.877677181583531807e-01
1.560274551604627113e+01
7.727986070087071724e-01
2.600000000000000089e-01
1.332322251982986927e-03
1.000000000000000000e+00
9.728547030348566604e-01
9.702802453759781232e-01
9.627688550802343537e-01
1.000000000000000000e+00
1.000000000000000000e+00
9.469326354568605719e-01
9.984845671066481243e-01
9.683030181774624490e-01
1.000000000000000000e+00
9.818644269241388889e-01
1.000000000000000000e+00
9.920793249784273238e-01
1.000000000000000000e+00
9.645558667295149879e-01
9.510661714186762206e-01
1.000000000000000000e+00
1.000000000000000000e+00
4.013500819918395801e-01
4.236149359872419251e-01
4.294403287302923089e-01
3.850036366164832358e-01
5.003054798960110405e-01
1.000000000000000000e+00
1.558409645042419100e+01
7.729688695005146881e-01
2.600000000000000089e-01
7.314172387123107910e-02
9.797956265790015440e-01
9.954761888983020279e-01
1.000000000000000000e+00
1.000000000000000000e+00
1.000000000000000000e+00
9.856175894112676472e-01
1.000000000000000000e+00
9.852684552958043129e-01
9.781337561664725788e-01
9.421201838894184277e-01
9.835969007735730907e-01
1.000000000000000000e+00
1.000000000000000000e+00
9.668263420851349599e-01
9.701928000710733357e-01
1.000000000000000000e+00
9.811207092855708245e-01
9.490157308396273139e-01
4.258006877808654944e-01
4.523610132482501767e-01
3.899047468175972919e-01
3.920111387071508191e-01
3.317811203124532149e-01
9.529842032051519807e-01
1.556542153331048084e+01
7.631534800269548224e-01
2.600000000000000089e-01
1.340261846780776978e-01
1.000000000000000000e+00
1.000000000000000000e+00
1.000000000000000000e+00
1.000000000000000000e+00
9.786850291078695863e-01
9.376369574914058536e-01
1.000000000000000000e+00
9.741548713908497747e-01
9.574473557293510240e-01
9.766770225228997848e-01
1.000000000000000000e+00
9.862112680795468433e-01
1.000000000000000000e+00
1.000000000000000000e+00
9.574996836828794100e-01
9.595022271562102523e-01
9.863306870542590810e-01
9.401786187663315753e-01
4.266785510419677796e-01
4.050350941242526481e-01
3.026782598341510311e-01
2.943225060152441785e-01
3.368620480859331745e-01
9.739710075483344331e-01
1.554012649617480513e+01
7.468777941477237059e-01
2.600000000000000089e-01
1.211311146616935730e-01
1.000000000000000000e+00
1.000000000000000000e+00
9.917570005124363153e-01
1.000000000000000000e+00
9.862094996765032873e-01
1.000000000000000000e+00
1.000000000000000000e+00
1.000000000000000000e+00
1.000000000000000000e+00
9.455529765421660793e-01
1.000000000000000000e+00
1.000000000000000000e+00
9.529146677762115880e-01
9.642993179971958151e-01
9.403382179733903445e-01
9.831886653217358774e-01
1.000000000000000000e+00
9.471888731577549070e-01
3.984732492811710047e-01
4.304286705454846151e-01
3.332906441150509935e-01
3.368360607391574502e-01
3.810888773506620475e-01
1.000000000000000000e+00
1.552109606747549186e+01
7.405947375416637168e-01
2.600000000000000089e-01
4.502940177917480469e-02
1.000000000000000000e+00
1.000000000000000000e+00
1.000000000000000000e+00
9.819827115923321914e-01
9.707780743419630598e-01
9.739553456153728916e-01
9.680958128260513940e-01
1.000000000000000000e+00
9.672325644672945533e-01
1.000000000000000000e+00
9.419301329356667418e-01
9.524004419962984747e-01
1.000000000000000000e+00
1.000000000000000000e+00
9.649128527646428921e-01
9.750486402609960246e-01
9.723420483305618145e-01
1.000000000000000000e+00
3.663845589860004748e-01
3.793173395108080936e-01
4.053380079924418511e-01
2.863508670434050107e-01
3.211008654454176603e-01
1.000000000000000000e+00
1.550189729480389467e+01
7.357388692587787382e-01
2.600000000000000089e-01
6.853809952735900879e-02
1.000000000000000000e+00
1.000000000000000000e+00
1.000000000000000000e+00
9.888773847642964299e-01
9.449195063118596138e-01
9.658239274837916444e-01
1.000000000000000000e+00
9.562344617223207388e-01
9.622199192765528153e-01
1.000000000000000000e+00
9.968080614612359058e-01
1.000000000000000000e+00
9.531682594110483242e-01
1.000000000000000000e+00
9.446844225804928996e-01
9.642583070196956152e-01
1.000000000000000000e+00
9.823286561545436779e-01
4.126569153571656989e-01
3.494464185640090426e-01
3.236296647209014887e-01
3.639335145119564352e-01
3.999154525990645803e-01
9.465597635876713545e-01
1.547613279309126177e+01
7.283222168106701089e-01
2.600000000000000089e-01
6.591800600290298462e-02
1.000000000000000000e+00
9.704604992578902412e-01
1.000000000000000000e+00
9.422852160698685919e-01
9.546325113476374913e-01
9.949558456729631351e-01
9.414295400461919483e-01
9.569171855135637506e-01
1.000000000000000000e+00
1.000000000000000000e+00
1.000000000000000000e+00
9.884818892347305708e-01
9.760492878938870076e-01
1.000000000000000000e+00
9.767031353003571281e-01
9.444149824169221219e-01
1.000000000000000000e+00
1.000000000000000000e+00
3.891943887548385272e-01
3.617880280139174620e-01
3.374559796484050134e-01
3.252171205173809421e-01
2.975755865255936827e-01
9.707985288866906037e-01
1.545677535855545948e+01
7.232829994434376575e-01
2.600000000000000089e-01
5.044201761484146118e-02
9.522748092334946124e-01
9.678348492592917518e-01
9.952469549623039757e-01
9.629122277920798556e-01
1.000000000000000000e+00
1.000000000000000000e+00
1.000000000000000000e+00
1.000000000000000000e+00
9.597379846965523598e-01
9.853505271061490101e-01
1.000000000000000000e+00
9.721513280700169179e-01
1.000000000000000000e+00
9.962876599918731868e-01
1.000000000000000000e+00
1.000000000000000000e+00
9.639664608643381261e-01
1.000000000000000000e+00
3.713229599192729435e-01
4.261422708247767366e-01
3.537756636889835549e-01
3.687538597059657475e-01
3.246339786813511874e-01
9.990759005774846324e-01
1.543732865204753324e+01
7.196212559337104020e-01
2.600000000000000089e-01
4.585388302803039551e-02
1.000000000000000000e+00
1.000000000000000000e+00
9.557649435230317625e-01
1.000000000000000000e+00
9.611938737441410030e-01
9.657602259466540051e-01
1.000000000000000000e+00
9.770254237202559144e-01
1.000000000000000000e+00
1.000000000000000000e+00
9.915792721356799788e-01
1.000000000000000000e+00
9.582631555284752967e-01
1.000000000000000000e+00
9.460517161428834143e-01
1.000000000000000000e+00
9.665026127541541667e-01
1.000000000000000000e+00
4.337432389733185678e-01
3.780380543138413540e-01
3.055917875413021734e-01
3.495796516877116566e-01
2.956981446302878735e-01
1.000000000000000000e+00
1.541125057001726617e+01
7.113351028869656645e-01
2.600000000000000089e-01
1.032701283693313599e-01
9.390720626806002835e-01
1.000000000000000000e+00
9.974166012293179673e-01
1.000000000000000000e+00
1.000000000000000000e+00
9.590127076110092075e-01
1.000000000000000000e+00
1.000000000000000000e+00
1.000000000000000000e+00
9.628221045584265392e-01
1.000000000000000000e+00
1.000000000000000000e+00
9.395941742991824608e-01
1.000000000000000000e+00
9.862413929421338654e-01
9.389869339758238898e-01
1.000000000000000000e+00
1.000000000000000000e+00
4.369695835566574371e-01
3.435498377647406842e-01
3.597559767417359278e-01
3.963653780571937402e-01
3.918130434655794359e-01
1.000000000000000000e+00
1.539148002046457542e+01
7.045251835579076083e-01
2.600000000000000089e-01
6.731824576854705811e-02
9.781742675724912628e-01
1.000000000000000000e+00
1.000000000000000000e+00
9.686374971724635019e-01
1.000000000000000000e+00
1.000000000000000000e+00
1.000000000000000000e+00
9.799160834092195405e-01
9.668647838550457063e-01
1.000000000000000000e+00
9.914395021990244361e-01
1.000000000000000000e+00
1.000000000000000000e+00
1.000000000000000000e+00
9.779347063908708781e-01
1.000000000000000000e+00
1.000000000000000000e+00
1.000000000000000000e+00
4.370819266855669460e-01
4.042527602649420015e-01
3.417753989177859109e-01
3.638008555916301678e-01
3.453775148247178461e-01
3.135278118121006541e-01
1.537175103436871204e+01
6.974416185494674014e-01
2.600000000000000089e-01
8.726955950260162354e-02
1.000000000000000000e+00
1.000000000000000000e+00
9.424526307397361746e-01
9.669524011806492902e-01
1.000000000000000000e+00
9.867562287909165120e-01
1.000000000000000000e+00
1.000000000000000000e+00
9.514225856113042168e-01
9.628360330435395964e-01
1.000000000000000000e+00
1.000000000000000000e+00
9.637610200426098839e-01
9.792394757468809718e-01
1.000000000000000000e+00
1.000000000000000000e+00
1.000000000000000000e+00
1.000000000000000000e+00
4.012272274240811787e-01
3.867340653713746690e-01
3.470901579869844489e-01
3.437460428633311582e-01
3.793491384096432384e-01
3.642714136055784091e-01
1.535183203639756400e+01
6.910215343600411009e-01
2.599999690055847523e-01
4.274653270840644836e-02
1.000000000000000000e+00
1.000000000000000000e+00
9.670997873855595728e-01
1.000000000000000000e+00
9.503146069113839189e-01
9.828421670790451481e-01
1.000000000000000000e+00
9.981552095348231735e-01
1.000000000000000000e+00
9.744910718727117782e-01
1.000000000000000000e+00
9.401352582336618413e-01
9.983149452052243467e-01
9.419385165972432583e-01
9.406010158939039911e-01
9.376086033887337523e-01
9.504975454671528157e-01
9.557377198431885601e-01
3.895364577386878913e-01
3.104005856042392764e-01
3.689823652921156438e-01
3.513598323937942580e-01
3.646544304712548423e-01
2.996821913753932032e-01
1.532489387374762302e+01
6.874719515806436698e-01
2.600000000000000089e-01
3.066196665167808533e-02
1.000000000000000000e+00
9.436909532612804963e-01
9.655716146576367453e-01
1.000000000000000000e+00
1.000000000000000000e+00
9.524551640964719068e-01
1.000000000000000000e+00
9.944929488505239723e-01
1.000000000000000000e+00
1.000000000000000000e+00
1.000000000000000000e+00
1.000000000000000000e+00
9.884324178942890393e-01
1.000000000000000000e+00
1.000000000000000000e+00
9.516900187785694021e-01
9.993658535671897658e-01
1.000000000000000000e+00
4.181954195035296196e-01
3.183334618371019276e-01
2.970560143537517850e-01
3.842331156796305325e-01
3.702648646012108302e-01
3.260867600146449274e-01
1.530478231111161769e+01
6.882297386945441797e-01
2.600000000000000089e-01
-1.056265737861394882e-02
9.975526791914152147e-01
9.576160503710416938e-01
1.000000000000000000e+00
1.000000000000000000e+00
9.657077751507545660e-01
9.432699464960928593e-01
1.000000000000000000e+00
9.957291114216676453e-01
9.723362973869501547e-01
1.000000000000000000e+00
1.000000000000000000e+00
1.000000000000000000e+00
9.127013512843674681e-01
9.783346503309467979e-01
1.000000000000000000e+00
9.620791948723956821e-01
1.000000000000000000e+00
9.481691172847300786e-01
4.306950012850689347e-01
3.760006869794220163e-01
3.503638921453752220e-01
3.475658806924445954e-01
3.730457576697693844e-01
3.266220535332530206e-01
1.527817166972221230e+01
6.916314343514702312e-01
2.600000000000000089e-01
-2.320763096213340759e-02
9.657569535341130607e-01
9.670488330070758920e-01
1.000000000000000000e+00
9.694086221530622272e-01
9.638440156628341748e-01
9.677964403705292540e-01
1.000000000000000000e+00
9.956238849676523062e-01
9.941508356586558071e-01
1.000000000000000000e+00
9.387866498548451677e-01
9.181990513659510356e-01
9.432175273165908091e-01
1.000000000000000000e+00
9.448269420327896073e-01
1.000000000000000000e+00
1.000000000000000000e+00
1.000000000000000000e+00
9.781123041164050402e-01
3.741991151487265022e-01
3.111910766170677967e-01
3.451945850464701038e-01
3.194976055349152411e-01
3.149385167187702672e-01
1.525813401591847551e+01
6.932739156148067794e-01
2.600000000000000089e-01
9.046064224094152451e-04
1.000000000000000000e+00
9.994563915452536751e-01
1.000000000000000000e+00
9.749666901225629845e-01
1.000000000000000000e+00
9.572960885790304797e-01
1.000000000000000000e+00
9.506065937676350108e-01
1.000000000000000000e+00
1.000000000000000000e+00
9.829223527375641201e-01
9.321868275472472432e-01
9.543592513466634397e-01
1.000000000000000000e+00
9.923273498289792993e-01
1.000000000000000000e+00
1.000000000000000000e+00
9.480039670310022037e-01
9.715005557511980916e-01
3.810014344831331168e-01
3.372264532225873745e-01
3.154795337278863410e-01
3.659444750397807811e-01
3.925778606749638078e-01
1.523808257190148119e+01
6.908491248941146523e-01
2.599999690055847523e-01
5.626716464757919312e-02
1.000000000000000000e+00
9.915909853980755528e-01
1.000000000000000000e+00
9.995327189491530762e-01
1.000000000000000000e+00
1.000000000000000000e+00
9.804794451157456958e-01
1.000000000000000000e+00
1.000000000000000000e+00
1.000000000000000000e+00
1.000000000000000000e+00
9.054546209121311362e-01
9.076826468172126683e-01
1.000000000000000000e+00
9.821479781887502147e-01
1.000000000000000000e+00
9.767338529440596773e-01
9.897404704460862623e-01
1.000000000000000000e+00
4.112416212575158991e-01
3.897610920993883066e-01
3.722863484639858944e-01
3.407143570250730780e-01
3.903253937138635998e-01
1.521810609084625554e+01
6.858493502057485536e-01
2.599999690055847523e-01
7.388544082641601562e-02
1.000000000000000000e+00
1.000000000000000000e+00
1.000000000000000000e+00
1.000000000000000000e+00
9.981709890899861382e-01
1.000000000000000000e+00
9.758937509910945440e-01
1.000000000000000000e+00
1.000000000000000000e+00
1.000000000000000000e+00
9.654076842147304438e-01
9.481353368658702596e-01
9.568609677940242975e-01
9.452313455327588931e-01
1.000000000000000000e+00
9.853107659895459225e-01
1.000000000000000000e+00
1.000000000000000000e+00
9.757144746183957773e-01
3.590579428544375951e-01
2.814901885885198740e-01
3.430649786479836316e-01
3.769800720417232909e-01
2.868726629626291436e-01
1.519136347677395271e+01
6.749365851883799561e-01
2.599999690055847523e-01
1.074334308505058289e-01
9.840821864030876442e-01
1.000000000000000000e+00
9.704244366704913860e-01
1.000000000000000000e+00
1.000000000000000000e+00
1.000000000000000000e+00
1.000000000000000000e+00
9.387782402702899986e-01
9.501270600173769010e-01
9.495905226319952819e-01
1.000000000000000000e+00
8.988972219413792208e-01
9.738938412250787158e-01
1.000000000000000000e+00
1.000000000000000000e+00
1.000000000000000000e+00
1.000000000000000000e+00
9.469452341220835345e-01
1.000000000000000000e+00
2.969738593405936156e-01
2.741948798841000179e-01
3.149004346404246091e-01
3.479364357082078141e-01
3.929689037019502007e-01
1.517099831913434826e+01
6.713550375115756585e-01
2.599998450279236151e-01
1.786674745380878448e-02
9.791076637242338565e-01
9.967086140694256802e-01
9.520130947999290161e-01
9.658672270073301869e-01
1.000000000000000000e+00
9.395002905359095546e-01
9.377729954899992615e-01
1.000000000000000000e+00
1.000000000000000000e+00
9.867542893207055243e-01
1.000000000000000000e+00
8.681128946548473113e-01
9.866973580499107666e-01
1.000000000000000000e+00
1.000000000000000000e+00
9.927849350675516105e-01
9.452438781865797335e-01
9.656767656835097968e-01
9.495718975085573055e-01
3.137048363957677388e-01
2.992174090676056886e-01
3.250313052982500284e-01
3.750311656138514693e-01
3.110340567066946504e-01
1.515062341487535136e+01
6.710267850336768536e-01
2.599999380111694403e-01
1.883593201637268066e-02
9.459535723465571921e-01
9.595332113234651406e-01
1.000000000000000000e+00
9.773718498593355619e-01
9.510302274180205684e-01
1.000000000000000000e+00
1.000000000000000000e+00
9.474895486771272024e-01
1.000000000000000000e+00
1.000000000000000000e+00
1.000000000000000000e+00
8.417102219659493567e-01
9.605786193040618537e-01
1.000000000000000000e+00
9.984208931200432291e-01
1.000000000000000000e+00
1.000000000000000000e+00
1.000000000000000000e+00
1.000000000000000000e+00
3.457932106094264157e-01
2.996693870653221459e-01
2.701220079484690784e-01
3.604207432422169011e-01
3.398789115023174712e-01
1.512343620081980866e+01
6.698511848862047646e-01
2.599999690055847523e-01
1.450169924646615982e-02
1.000000000000000000e+00
9.818808844171539318e-01
9.971928917893118083e-01
1.000000000000000000e+00
9.869799946680103409e-01
9.428928039048836141e-01
1.000000000000000000e+00
1.000000000000000000e+00
9.763854557226394615e-01
1.000000000000000000e+00
9.771018049707743680e-01
9.148985313652245877e-01
9.192521349592793767e-01
9.636971249565623454e-01
9.557663758242789243e-01
1.000000000000000000e+00
1.000000000000000000e+00
9.808392360270724586e-01
9.984324155518714550e-01
3.948727139657247087e-01
2.723023542429053312e-01
3.556037532642215560e-01
3.626825315136920636e-01
3.527114308771757689e-01
1.510305486665983210e+01
6.685379374298355826e-01
2.599999380111694403e-01
2.413229644298553467e-02
9.837292950933419489e-01
9.933535228657026650e-01
9.590986795435892942e-01
1.000000000000000000e+00
1.000000000000000000e+00
9.677589987217356526e-01
1.000000000000000000e+00
9.499208613566079151e-01
1.000000000000000000e+00
9.708145096069366042e-01
9.669022099728518116e-01
9.047235727577239706e-01
8.740443968607235492e-01
1.000000000000000000e+00
1.000000000000000000e+00
9.525137506026570833e-01
1.000000000000000000e+00
9.497850726566315904e-01
9.487014155971909002e-01
3.405888018856719768e-01
3.031788015113902057e-01
2.846403354772883421e-01
3.232855455562175240e-01
3.314579381966020200e-01
1.508259601760627966e+01
6.648510612748883553e-01
2.599999690055847523e-01
5.959374457597732544e-02
1.000000000000000000e+00
1.000000000000000000e+00
1.000000000000000000e+00
9.791738173046675708e-01
9.519436877408083975e-01
1.000000000000000000e+00
1.000000000000000000e+00
1.000000000000000000e+00
1.000000000000000000e+00
9.853566678645394594e-01
1.000000000000000000e+00
8.136347590055706958e-01
8.617480253694187464e-01
1.000000000000000000e+00
9.691612261800356398e-01
9.819669094699039480e-01
9.677139031965460436e-01
1.000000000000000000e+00
1.000000000000000000e+00
3.136727394659322710e-01
2.804381977211191646e-01
2.630217979899646674e-01
3.107521058454175145e-01
2.707184303503687994e-01
1.505549601958916917e+01
6.618522443646536191e-01
2.599998760223388716e-01
-1.865230151452124119e-03
1.000000000000000000e+00
9.419761052794840550e-01
9.797144641188466618e-01
1.000000000000000000e+00
9.453511751506201710e-01
1.000000000000000000e+00
1.000000000000000000e+00
9.669040727971914828e-01
9.919485593444005156e-01
1.000000000000000000e+00
1.000000000000000000e+00
8.524799505694353741e-01
8.624665218710557690e-01
1.000000000000000000e+00
1.000000000000000000e+00
1.000000000000000000e+00
1.000000000000000000e+00
9.417096235054636111e-01
9.649087660241452147e-01
3.730136783154675006e-01
2.953702034371780694e-01
2.980966056099073058e-01
3.427107330855281297e-01
3.675685988437117357e-01
1.503508810705431387e+01
6.701468044952375580e-01
2.599998760223388716e-01
-1.251240372657775879e-01
1.000000000000000000e+00
1.000000000000000000e+00
1.000000000000000000e+00
9.827601652368522789e-01
1.000000000000000000e+00
1.000000000000000000e+00
9.928575928676740547e-01
9.915234539884699716e-01
1.000000000000000000e+00
1.000000000000000000e+00
9.652399164961179556e-01
8.045395710837673908e-01
8.575561195041873086e-01
9.621595756867602489e-01
1.000000000000000000e+00
9.415334742402974300e-01
1.000000000000000000e+00
9.875832554590063816e-01
9.678795118435775668e-01
1.000000000000000000e+00
3.722294909772828619e-01
2.896857998702642156e-01
3.069312448071949140e-01
3.393175016140141942e-01
1.502144009201072805e+01
6.748387085983222899e-01
2.600000000000000089e-01
5.043747276067733765e-02
9.592693417124646960e-01
1.000000000000000000e+00
1.000000000000000000e+00
1.000000000000000000e+00
1.000000000000000000e+00
9.452705972199024753e-01
1.000000000000000000e+00
1.000000000000000000e+00
9.530601433855455662e-01
1.000000000000000000e+00
9.915530392311683316e-01
7.847729597082605535e-01
8.398146202491041379e-01
9.701702035112916844e-01
9.587367279010836629e-01
9.879574724713785505e-01
9.744399681024914495e-01
1.000000000000000000e+00
9.936466621385660059e-01
9.457633223053479865e-01
3.265439400842958251e-01
3.687276909151302462e-01
3.608854230463749424e-01
2.940747158426913477e-01
1.498072564426819753e+01
6.640437757237371841e-01
2.599997830390930464e-01
1.180035844445228577e-01
9.619573131784701081e-01
1.000000000000000000e+00
1.000000000000000000e+00
1.000000000000000000e+00
9.587778179340540330e-01
1.000000000000000000e+00
1.000000000000000000e+00
1.000000000000000000e+00
1.000000000000000000e+00
1.000000000000000000e+00
9.523427348706657858e-01
7.989827166218866905e-01
8.181229465379952215e-01
9.583216426512618513e-01
9.661397711893567886e-01
1.000000000000000000e+00
1.000000000000000000e+00
9.764441922832813869e-01
1.000000000000000000e+00
9.583099114727641199e-01
3.078151638265875789e-01
3.685287028999937320e-01
3.207790040421464317e-01
2.660008640448487394e-01
1.496031288466317122e+01
6.535577982499782834e-01
2.599997520446777344e-01
1.091732382774353027e-01
9.474559769417474353e-01
1.000000000000000000e+00
9.928084975473597806e-01
9.853821811693768140e-01
1.000000000000000000e+00
1.000000000000000000e+00
9.553459990206408792e-01
9.837275142430047525e-01
9.479835284452015065e-01
9.796580868703373968e-01
9.253589487696898264e-01
8.498505826721094447e-01
8.770716672905541911e-01
9.734266638638120472e-01
9.913180611588605640e-01
9.805462951834241769e-01
1.000000000000000000e+00
9.623541656038548942e-01
9.911666956496693048e-01
9.786643667267341806e-01
3.281865620728048882e-01
2.934698773124090332e-01
2.520856634118366357e-01
3.633163642936457771e-01
1.493965651584239929e+01
6.437969820888180816e-01
2.599996590614319092e-01
1.019151806831359863e-01
9.985480725883345565e-01
9.725573529909817827e-01
9.723780899423797308e-01
1.000000000000000000e+00
1.000000000000000000e+00
1.000000000000000000e+00
1.000000000000000000e+00
9.448776978614528144e-01
1.000000000000000000e+00
1.000000000000000000e+00
9.044745028869173309e-01
7.930050868659234142e-01
9.308408813495745449e-01
9.564410813294333957e-01
9.743829460892609040e-01
9.672904881344459582e-01
9.507605833933000516e-01
9.722085249512454341e-01
9.389904708606230388e-01
9.832026253230977675e-01
2.738021627688729254e-01
2.635576438895718687e-01
2.548534291292443021e-01
3.029165462003540754e-01
1.491880362642401359e+01
6.361784074334464467e-01
2.599994730949402033e-01
7.862306386232376099e-02
1.000000000000000000e+00
9.441689667670075670e-01
1.000000000000000000e+00
9.777411110836922159e-01
9.669366436804975873e-01
9.866781486617882679e-01
1.000000000000000000e+00
9.908343914634789584e-01
1.000000000000000000e+00
1.000000000000000000e+00
8.866326622695861470e-01
7.540079797607702750e-01
9.483045419780592455e-01
1.000000000000000000e+00
1.000000000000000000e+00
1.000000000000000000e+00
1.000000000000000000e+00
1.000000000000000000e+00
1.000000000000000000e+00
9.801778101506624097e-01
2.874596231911893951e-01
2.987419029082685751e-01
2.698250966164605913e-01
2.704114460390186769e-01
1.489099339591754934e+01
6.295732095314721111e-01
2.599993491172790661e-01
5.185185372829437256e-02
1.000000000000000000e+00
9.919030749775198386e-01
1.000000000000000000e+00
9.491737286177096555e-01
1.000000000000000000e+00
1.000000000000000000e+00
1.000000000000000000e+00
9.508321775712532675e-01
1.000000000000000000e+00
1.000000000000000000e+00
8.247982107035273236e-01
8.106823306893238268e-01
1.000000000000000000e+00
1.000000000000000000e+00
9.730903073993634189e-01
1.000000000000000000e+00
9.912929465962794229e-01
1.000000000000000000e+00
9.502648712617723925e-01
1.000000000000000000e+00
3.488528325517617490e-01
3.139158716415791917e-01
3.078393526153314075e-01
3.365219344602534690e-01
1.487002879981364600e+01
6.250527380142821832e-01
2.599995350837707719e-01
4.870586842298507690e-02
9.789273322571407920e-01
1.000000000000000000e+00
9.582499183029925538e-01
9.376847588845612647e-01
1.000000000000000000e+00
9.513147409476635508e-01
9.624066781359938982e-01
1.000000000000000000e+00
9.807143892137997199e-01
9.902924090700914173e-01
7.643399006971713927e-01
8.038188388060787393e-01
1.000000000000000000e+00
9.620154173402158948e-01
9.470555272704334060e-01
9.417390388930452216e-01
1.000000000000000000e+00
1.000000000000000000e+00
1.000000000000000000e+00
9.422734976069585544e-01
1.000000000000000000e+00
2.507398502003440055e-01
3.391414882632344807e-01
3.438980810469884908e-01
1.484193588195838842e+01
6.169327865596143656e-01
2.599997520446777344e-01
8.774299919605255127e-02
9.615414853207637780e-01
1.000000000000000000e+00
1.000000000000000000e+00
9.876162006564014328e-01
1.000000000000000000e+00
9.851878698284712854e-01
9.883395390601207309e-01
1.000000000000000000e+00
1.000000000000000000e+00
9.729418289409483833e-01
7.737743170278504889e-01
8.334908331201124065e-01
1.000000000000000000e+00
9.412668860784444425e-01
9.958960082238145217e-01
9.874890475964409609e-01
1.000000000000000000e+00
9.562670613485133586e-01
9.751346507934064434e-01
1.000000000000000000e+00
9.874079680730449837e-01
3.280236540631073505e-01
3.472470485830619902e-01
3.465819736720106015e-01
1.482079640514193741e+01
6.044316903068929214e-01
2.599998760223388716e-01
1.783224940299987793e-01
1.000000000000000000e+00
1.000000000000000000e+00
9.465890171677281417e-01
1.000000000000000000e+00
1.000000000000000000e+00
1.000000000000000000e+00
1.000000000000000000e+00
9.521938948816679460e-01
9.581624358389601026e-01
9.695471179374476334e-01
8.079842450640456475e-01
7.466924743932077391e-01
1.000000000000000000e+00
1.000000000000000000e+00
1.000000000000000000e+00
1.000000000000000000e+00
9.564006954109049996e-01
1.000000000000000000e+00
9.564585749453572427e-01
1.000000000000000000e+00
1.000000000000000000e+00
2.331661045358917050e-01
2.852184962157414683e-01
3.258722955983417435e-01
1.479943505398790116e+01
5.888495621193574614e-01
2.599997210502624778e-01
1.589026004076004028e-01
1.000000000000000000e+00
9.447608243123601923e-01
9.780538643591646375e-01
9.845177689239802410e-01
9.391679347513347542e-01
1.000000000000000000e+00
9.867468150050384690e-01
9.696237409177792532e-01
1.000000000000000000e+00
1.000000000000000000e+00
8.342975642071150943e-01
8.186410966720586435e-01
1.000000000000000000e+00
1.000000000000000000e+00
9.578767355603520217e-01
9.814985172777322964e-01
9.783427977981569157e-01
9.927003499532192077e-01
9.590619107967418566e-01
1.000000000000000000e+00
9.912864406333090628e-01
2.650382667014911653e-01
2.979889485878182143e-01
3.538751196324702031e-01
1.477784185644912363e+01
5.742956315217533358e-01
2.599994730949402033e-01
1.236902624368667603e-01
9.529762232106265829e-01
1.000000000000000000e+00
1.000000000000000000e+00
9.475841630964593199e-01
9.441972535342691986e-01
9.413464986835445858e-01
9.504481540569181819e-01
1.000000000000000000e+00
1.000000000000000000e+00
9.676136777658940202e-01
7.449256190913802200e-01
7.548557617143752951e-01
1.000000000000000000e+00
9.568004272284506007e-01
9.389206908836208454e-01
9.819234432171918270e-01
9.871207844055150948e-01
9.803993079464516924e-01
1.000000000000000000e+00
9.669219350947072522e-01
9.755312051669825513e-01
2.371319161315713908e-01
2.772290089031436144e-01
2.538552808559454421e-01
1.474857897535504847e+01
5.584555822597178087e-01
2.599997830390930464e-01
1.330534964799880981e-01
9.493031892796119919e-01
1.000000000000000000e+00
9.729034526337673183e-01
9.548608590091388626e-01
1.000000000000000000e+00
1.000000000000000000e+00
1.000000000000000000e+00
1.000000000000000000e+00
9.970135465955378695e-01
7.961383625191434943e-01
7.247987057750372442e-01
8.195310935268130814e-01
9.946519293600069034e-01
9.621629036464847129e-01
9.569127431994937094e-01
9.743539847200878290e-01
9.618223703796442425e-01
9.841665341878951256e-01
1.000000000000000000e+00
9.930780108338815859e-01
1.000000000000000000e+00
3.170422637119045262e-01
2.358810239806874154e-01
3.638692778841972064e-01
1.472652863702410109e+01
5.464631055259943082e-01
2.599996280670165971e-01
1.369555443525314331e-01
9.632913643343526955e-01
1.000000000000000000e+00
9.855545673407153373e-01
9.807122466739652822e-01
1.000000000000000000e+00
9.845344544935743514e-01
9.495584199380412427e-01
1.000000000000000000e+00
9.691501661821754210e-01
7.816709144896366590e-01
7.174067615250289132e-01
7.848455206001634377e-01
9.402636096730525583e-01
1.000000000000000000e+00
1.000000000000000000e+00
1.000000000000000000e+00
1.000000000000000000e+00
9.838955458027339729e-01
1.000000000000000000e+00
1.000000000000000000e+00
1.000000000000000000e+00
2.980100852237491105e-01
2.705887966530440281e-01
2.645031938259682636e-01
1.469693295176766767e+01
5.280812951706117531e-01
2.599996900558471657e-01
1.549859941005706787e-01
9.540749921402426059e-01
1.000000000000000000e+00
9.840853561419293793e-01
1.000000000000000000e+00
1.000000000000000000e+00
1.000000000000000000e+00
9.992485349932282990e-01
9.697316548856221852e-01
1.000000000000000000e+00
7.369952069195295774e-01
6.950456180655247840e-01
7.501129004078499474e-01
1.000000000000000000e+00
1.000000000000000000e+00
9.822039668006811164e-01
9.923521069950405060e-01
1.000000000000000000e+00
9.372698601286612030e-01
1.000000000000000000e+00
9.763791279921981703e-01
1.000000000000000000e+00
2.338243314195889710e-01
2.422565140896236202e-01
3.275863284807745690e-01
1.467452046739922622e+01
5.148179716567627962e-01
2.599991011619567916e-01
1.285582035779953003e-01
9.517483262843088321e-01
9.860878185385285599e-01
9.426651274407368275e-01
9.413359482454149996e-01
9.874165078281288421e-01
1.000000000000000000e+00
9.452358992380748282e-01
1.000000000000000000e+00
1.000000000000000000e+00
7.129531763684893164e-01
6.743079146934297663e-01
7.929231860897394402e-01
1.000000000000000000e+00
9.903875191046532800e-01
1.000000000000000000e+00
9.628291169937925886e-01
1.000000000000000000e+00
1.000000000000000000e+00
1.000000000000000000e+00
1.000000000000000000e+00
9.514739531080318446e-01
2.857213633302043143e-01
2.457894223131286693e-01
2.984069225778412382e-01
1.464444943816657663e+01
4.990088086569520742e-01
2.599992871284484974e-01
1.354283392429351807e-01
1.000000000000000000e+00
1.000000000000000000e+00
9.689095304920465335e-01
1.000000000000000000e+00
1.000000000000000000e+00
1.000000000000000000e+00
1.000000000000000000e+00
1.000000000000000000e+00
9.771957007028471143e-01
6.726333458934011800e-01
7.543829646683978263e-01
9.461461787394308542e-01
1.000000000000000000e+00
1.000000000000000000e+00
9.761655094515981901e-01
9.379713567758385384e-01
1.000000000000000000e+00
1.000000000000000000e+00
1.000000000000000000e+00
9.810444004533351858e-01
9.511285022127193844e-01
2.360809707542354530e-01
3.229307841107323385e-01
2.458713891584058120e-01
1.462157383575659964e+01
4.865650080503762243e-01
2.599995040893554599e-01
1.364678442478179932e-01
9.741617794974032352e-01
9.993815101628056308e-01
1.000000000000000000e+00
9.752686634262069942e-01
1.000000000000000000e+00
1.000000000000000000e+00
1.000000000000000000e+00
9.399703864486373961e-01
9.585438052472108339e-01
7.160573802702968615e-01
7.499888748493802604e-01
1.000000000000000000e+00
9.924974700045422482e-01
9.773131901488419926e-01
9.951674109093359144e-01
1.000000000000000000e+00
9.422264550160758256e-01
1.000000000000000000e+00
1.000000000000000000e+00
1.000000000000000000e+00
9.661433795643219469e-01
2.516418151393178815e-01
3.344315494794637966e-01
3.072273435932530994e-01
1.459869847029951906e+01
4.760748650319304720e-01
2.599990391731262229e-01
7.174660265445709229e-02
9.425496350038961024e-01
1.000000000000000000e+00
1.000000000000000000e+00
1.000000000000000000e+00
1.000000000000000000e+00
1.000000000000000000e+00
9.872853219770270083e-01
1.000000000000000000e+00
1.000000000000000000e+00
7.400695563217464246e-01
6.774678686517934256e-01
9.407568488139402829e-01
9.449067332279670328e-01
1.000000000000000000e+00
1.000000000000000000e+00
1.000000000000000000e+00
1.000000000000000000e+00
1.000000000000000000e+00
9.525549134067016199e-01
1.000000000000000000e+00
9.974117603103974661e-01
2.940513577782195576e-01
3.370094979116711742e-01
3.041529536401430533e-01
1.456781983533172209e+01
4.674789190662684835e-01
2.599991941452026722e-01
7.548406720161437988e-02
9.377076290710117945e-01
9.771490675203640119e-01
1.000000000000000000e+00
9.426971154186652990e-01
9.702595552423499692e-01
1.000000000000000000e+00
1.000000000000000000e+00
1.000000000000000000e+00
7.794577457647466900e-01
6.987037148699163369e-01
7.617204459292888918e-01
1.000000000000000000e+00
9.511124562322754716e-01
9.902563586098567239e-01
9.750893564463355423e-01
9.992356131323336665e-01
9.762464066448489630e-01
9.889107917734352160e-01
9.907769500906129512e-01
1.000000000000000000e+00
9.577077841882254416e-01
3.920963922723080808e-01
2.907548770068156263e-01
2.620896883619020512e-01
1.454462021287708673e+01
4.576000482159036653e-01
2.599995040893554599e-01
1.282261610031127930e-01
1.000000000000000000e+00
1.000000000000000000e+00
9.574199033957275784e-01
1.000000000000000000e+00
9.920053863167954677e-01
1.000000000000000000e+00
1.000000000000000000e+00
1.000000000000000000e+00
7.385758756542116776e-01
6.171385400971131086e-01
7.038111269609725884e-01
9.392368332988085822e-01
1.000000000000000000e+00
1.000000000000000000e+00
9.858564961124137715e-01
9.731608887012510589e-01
9.546389346989114788e-01
1.000000000000000000e+00
9.761961589252486915e-01
9.476086642003453964e-01
9.374966210420907498e-01
3.243202450602142295e-01
2.836857745874681314e-01
2.416288664845659684e-01
1.452127444538314727e+01
4.480948932225963244e-01
2.599989461898803977e-01
5.021271482110023499e-02
9.493370189047384278e-01
9.664975393859490671e-01
1.000000000000000000e+00
1.000000000000000000e+00
9.413026849063319546e-01
1.000000000000000000e+00
1.000000000000000000e+00
1.000000000000000000e+00
6.917669453915674671e-01
6.887768151400867067e-01
6.562476628109956689e-01
9.976331704406325995e-01
1.000000000000000000e+00
1.000000000000000000e+00
9.410322128866299707e-01
9.554926006156193585e-01
1.000000000000000000e+00
1.000000000000000000e+00
9.806191730893152325e-01
1.000000000000000000e+00
9.497120540436411185e-01
4.308813954871322793e-01
3.101597366603929262e-01
3.450101882034743994e-01
1.449018907768173570e+01
4.420175600855648090e-01
2.599990081787109664e-01
4.937751591205596924e-02
9.837351696400908896e-01
9.639974926120362664e-01
9.372010134536438164e-01
9.985278756668284350e-01
9.707194527977553999e-01
1.000000000000000000e+00
1.000000000000000000e+00
1.000000000000000000e+00
7.547045315073656058e-01
7.002484060208852279e-01
7.374263773823488410e-01
1.000000000000000000e+00
9.659654640285753047e-01
1.000000000000000000e+00
1.000000000000000000e+00
1.000000000000000000e+00
9.925215275005466742e-01
9.969902281496151319e-01
1.000000000000000000e+00
1.000000000000000000e+00
1.000000000000000000e+00
3.373723846995635989e-01
2.929074354189821761e-01
3.488560330920589259e-01
1.446676084172729304e+01
4.347686793793384963e-01
2.599994111061096347e-01
9.855227172374725342e-02
1.000000000000000000e+00
1.000000000000000000e+00
1.000000000000000000e+00
9.830193270048386278e-01
1.000000000000000000e+00
1.000000000000000000e+00
9.672983875912385399e-01
1.000000000000000000e+00
6.632942004198759678e-01
6.024237586125512633e-01
7.353036636042135088e-01
1.000000000000000000e+00
9.582119039972105679e-01
9.907058496800115188e-01
1.000000000000000000e+00
9.836301297127987286e-01
9.849913225912223513e-01
9.627662825029210669e-01
1.000000000000000000e+00
9.806763658907773351e-01
1.000000000000000000e+00
4.648451155903270959e-01
2.886016325250880810e-01
3.437388660223438808e-01
1.444314464140127185e+01
4.276708824612930337e-01
2.599991321563721036e-01
6.997266411781311035e-02
9.842824505783684952e-01
1.000000000000000000e+00
1.000000000000000000e+00
1.000000000000000000e+00
1.000000000000000000e+00
9.859397227348616344e-01
9.969366701745322468e-01
9.824682512159580439e-01
6.719584403448732868e-01
6.992880472245399659e-01
6.729790451274634266e-01
9.972525265966709629e-01
1.000000000000000000e+00
9.819916028426991517e-01
9.879412646389189590e-01
1.000000000000000000e+00
1.000000000000000000e+00
9.477294400371463201e-01
1.000000000000000000e+00
1.000000000000000000e+00
9.893485373142582029e-01
3.639487215447239632e-01
2.171555271526101338e-01
2.633557537010378091e-01
1.441161208960740581e+01
4.180065773603167667e-01
2.599990391731262229e-01
8.009200543165206909e-02
9.823492953457491073e-01
1.000000000000000000e+00
9.715700488506778809e-01
9.409474820732638412e-01
1.000000000000000000e+00
1.000000000000000000e+00
1.000000000000000000e+00
9.850436071223063195e-01
6.223899677648802031e-01
6.675794026850946361e-01
7.193490584357926654e-01
1.000000000000000000e+00
9.818030372504006342e-01
1.000000000000000000e+00
9.702381369602324224e-01
9.513808006947251927e-01
1.000000000000000000e+00
9.687103995636936471e-01
9.422255899219027508e-01
1.000000000000000000e+00
9.849003891794582133e-01
4.949291840614662985e-01
2.547193099974968122e-01
2.766293405506242142e-01
1.438796403919162259e+01
4.140573062088572787e-01
2.599966526031494141e-01
2.615582197904586792e-02
9.510542400578927413e-01
1.000000000000000000e+00
9.597140037065982066e-01
9.881279021506815807e-01
1.000000000000000000e+00
1.000000000000000000e+00
9.828486870582799906e-01
1.000000000000000000e+00
6.269357824241064137e-01
5.795690047244953513e-01
7.369813618505943742e-01
9.999533352689272681e-01
9.633888414639537601e-01
9.891320943890631323e-01
9.695285857793105588e-01
1.000000000000000000e+00
9.490662906801020648e-01
9.374151199654532363e-01
9.772244769392595121e-01
9.539950250412722044e-01
9.881277238803951590e-01
4.650243928998527565e-01
3.347083798846773317e-01
2.219201917013190195e-01
1.436419038095526979e+01
4.099115056155709924e-01
2.599992561340331854e-01
6.140873581171035767e-02
1.000000000000000000e+00
1.000000000000000000e+00
1.000000000000000000e+00
1.000000000000000000e+00
9.683789355809949706e-01
9.423210671717801024e-01
1.000000000000000000e+00
1.000000000000000000e+00
6.224075394683773466e-01
6.079545796686349757e-01
7.496219714775412823e-01
9.799472929219781303e-01
1.000000000000000000e+00
1.000000000000000000e+00
9.713159296260963638e-01
9.942681720862950323e-01
1.000000000000000000e+00
9.981897191605753061e-01
1.000000000000000000e+00
9.521233483977694645e-01
9.678363245418770688e-01
4.883451310923825894e-01
3.766022531095827297e-01
2.873402828485424609e-01
1.433212978099154533e+01
4.032302619072868355e-01
2.599988842010498291e-01
5.333599075675010681e-02
1.000000000000000000e+00
9.427190319452807277e-01
1.000000000000000000e+00
9.739004362883326715e-01
1.000000000000000000e+00
1.000000000000000000e+00
9.996119247468646662e-01
1.000000000000000000e+00
6.440107941578095962e-01
5.853615551665625194e-01
9.514312165694567280e-01
9.843520661802093175e-01
9.706076243238391799e-01
9.649655424667666903e-01
1.000000000000000000e+00
1.000000000000000000e+00
1.000000000000000000e+00
1.000000000000000000e+00
1.000000000000000000e+00
1.000000000000000000e+00
1.000000000000000000e+00
5.315400945611333805e-01
3.763462676084222691e-01
2.307379476637353155e-01
1.430828524264855517e+01
3.987309216768145648e-01
2.599991321563721036e-01
4.935630410909652710e-02
9.621741878370194678e-01
9.913412054562004139e-01
1.000000000000000000e+00
1.000000000000000000e+00
1.000000000000000000e+00
1.000000000000000000e+00
1.000000000000000000e+00
9.964536050682396562e-01
6.140186895173656012e-01
6.236971216189367562e-01
1.000000000000000000e+00
1.000000000000000000e+00
1.000000000000000000e+00
9.466005118226512582e-01
1.000000000000000000e+00
9.477698953038383722e-01
9.585370482871332642e-01
1.000000000000000000e+00
9.656173768993252526e-01
9.594480847648824140e-01
9.957016995694049077e-01
5.395296454377791484e-01
3.903410897071035168e-01
2.013927235505220958e-01
1.428440716363247454e+01
3.959490008460520016e-01
2.599991321563721036e-01
2.622847259044647217e-02
9.537329632146969161e-01
1.000000000000000000e+00
1.000000000000000000e+00
9.900103800735292614e-01
9.655324284893062048e-01
9.846288634303873577e-01
9.778642374596256959e-01
9.745185715117300473e-01
5.735350857863573681e-01
5.797060263339425257e-01
1.000000000000000000e+00
9.559192212504258324e-01
1.000000000000000000e+00
9.764114492259068356e-01
1.000000000000000000e+00
1.000000000000000000e+00
1.000000000000000000e+00
1.000000000000000000e+00
9.711580579256172685e-01
1.000000000000000000e+00
9.722954453730656699e-01
9.600867421597009121e-01
3.711864520536134471e-01
2.959094687139947610e-01
1.425246110547032607e+01
3.951891643754359418e-01
2.599991321563721036e-01
-2.328692469745874405e-03
1.000000000000000000e+00
9.812620064503198014e-01
9.812471350356434252e-01
1.000000000000000000e+00
9.911346431237362253e-01
9.552546698366016775e-01
9.885717686457177189e-01
9.455184190794648780e-01
6.088804498995612491e-01
6.274766803524643999e-01
9.533300826131537731e-01
9.991522846053328966e-01
1.000000000000000000e+00
9.656351025560797607e-01
9.481257880391137371e-01
1.000000000000000000e+00
1.000000000000000000e+00
9.627572566424706935e-01
9.928071924194903364e-01
1.000000000000000000e+00
9.535537065543060464e-01
1.000000000000000000e+00
3.220195911142048062e-01
3.108782786001241250e-01
1.422848394694195662e+01
3.896863855461721871e-01
2.599999070167541837e-01
9.812792390584945679e-02
1.000000000000000000e+00
9.720402045198329732e-01
9.967673008577758731e-01
1.000000000000000000e+00
1.000000000000000000e+00
9.730663099432895757e-01
1.000000000000000000e+00
5.860911731449472972e-01
5.294249905647245846e-01
5.756845652200395236e-01
1.000000000000000000e+00
1.000000000000000000e+00
9.593616754805821545e-01
9.978720501201638893e-01
9.751014470289501856e-01
1.000000000000000000e+00
9.464200816971451991e-01
1.000000000000000000e+00
1.000000000000000000e+00
1.000000000000000000e+00
9.923011328699855582e-01
1.000000000000000000e+00
3.452246226599168244e-01
3.329218411790131893e-01
1.419661424546274198e+01
3.796002546979688752e-01
2.599998140335083030e-01
6.793531030416488647e-02
1.000000000000000000e+00
1.000000000000000000e+00
9.997836951571538178e-01
1.000000000000000000e+00
9.375174925837587159e-01
9.539635480246372312e-01
9.747190931123398405e-01
6.110591009752734948e-01
5.601815177723480366e-01
5.524564957723554492e-01
9.805588679501016092e-01
9.930383974136783864e-01
9.534491855944688954e-01
9.678870484106832928e-01
1.000000000000000000e+00
9.541632993115072292e-01
1.000000000000000000e+00
1.000000000000000000e+00
1.000000000000000000e+00
9.534655422276984149e-01
9.459686166795794326e-01
1.000000000000000000e+00
4.421898109475575489e-01
3.166852618616478598e-01
1.415626094012336544e+01
3.674743949755041594e-01
2.599997210502624778e-01
9.363964200019836426e-02
9.446886026280653104e-01
9.993825358170849160e-01
1.000000000000000000e+00
1.000000000000000000e+00
1.000000000000000000e+00
9.901157882784520359e-01
1.000000000000000000e+00
5.920758245930775043e-01
5.460932345863876991e-01
6.302188956241521200e-01
1.000000000000000000e+00
9.938867413315569665e-01
1.000000000000000000e+00
9.729193576358469153e-01
1.000000000000000000e+00
9.831476923237801868e-01
1.000000000000000000e+00
1.000000000000000000e+00
9.699623567241717481e-01
9.814782882420166610e-01
1.000000000000000000e+00
1.000000000000000000e+00
4.338803101006910579e-01
3.767933168025967006e-01
1.412394812578711267e+01
3.567692945768302648e-01
2.599997520446777344e-01
9.145163744688034058e-02
9.536219336395400648e-01
1.000000000000000000e+00
9.810761135930887722e-01
1.000000000000000000e+00
1.000000000000000000e+00
1.000000000000000000e+00
9.847419067186099495e-01
5.594231460216839702e-01
5.470365309909540619e-01
5.395207972429554300e-01
9.845039350343236517e-01
1.000000000000000000e+00
9.958910597860216596e-01
1.000000000000000000e+00
9.954342188527585122e-01
9.628639139489886256e-01
1.000000000000000000e+00
9.820289021754210479e-01
9.914552885171318275e-01
1.000000000000000000e+00
1.000000000000000000e+00
1.000000000000000000e+00
3.846902864887328244e-01
2.727738709162291220e-01
1.409971267883321566e+01
3.483581750037434421e-01
2.599998140335083030e-01
8.631977438926696777e-02
1.000000000000000000e+00
9.460846480509351730e-01
9.888149426404445608e-01
1.000000000000000000e+00
1.000000000000000000e+00
1.000000000000000000e+00
9.738093454336562704e-01
5.097741506183621762e-01
5.717995363270641507e-01
6.384847012468998217e-01
1.000000000000000000e+00
9.616576210206677633e-01
9.570473910647306903e-01
1.000000000000000000e+00
1.000000000000000000e+00
9.679993167818956579e-01
1.000000000000000000e+00
1.000000000000000000e+00
9.610558733198553139e-01
9.776832751935804477e-01
1.000000000000000000e+00
1.000000000000000000e+00
4.675807016559865303e-01
3.234553941592218651e-01
1.407532201651219594e+01
3.398272494026125523e-01
2.599996590614319092e-01
8.952984958887100220e-02
1.000000000000000000e+00
1.000000000000000000e+00
1.000000000000000000e+00
9.991970727715109302e-01
1.000000000000000000e+00
1.000000000000000000e+00
1.000000000000000000e+00
5.507920667118911817e-01
5.799698771346087911e-01
5.716245345788476540e-01
1.000000000000000000e+00
9.914460051969307131e-01
1.000000000000000000e+00
1.000000000000000000e+00
1.000000000000000000e+00
1.000000000000000000e+00
9.513326159215175215e-01
1.000000000000000000e+00
1.000000000000000000e+00
9.692763137627403713e-01
9.959057792167288481e-01
9.558185556660346860e-01
4.082027512894678134e-01
2.904355467568826010e-01
1.405077088413684017e+01
3.310525452248307410e-01
2.599997210502624778e-01
9.415541589260101318e-02
1.000000000000000000e+00
1.000000000000000000e+00
9.619554975786680506e-01
9.433040248130778460e-01
9.523400708828958505e-01
9.444399079444876222e-01
1.000000000000000000e+00
5.907606263420204229e-01
5.878872117790869822e-01
5.509217340895704584e-01
1.000000000000000000e+00
9.600119168589386076e-01
1.000000000000000000e+00
9.654139195006071761e-01
1.000000000000000000e+00
1.000000000000000000e+00
1.000000000000000000e+00
1.000000000000000000e+00
9.382110198454524097e-01
1.000000000000000000e+00
9.905986095329809560e-01
1.000000000000000000e+00
4.882136655907742262e-01
3.358166966638104767e-01
1.402620462857031036e+01
3.243137803451983103e-01
2.599995350837707719e-01
7.495245337486267090e-02
9.767570485097473165e-01
9.605953043987920381e-01
9.755023199380185028e-01
1.000000000000000000e+00
1.000000000000000000e+00
1.000000000000000000e+00
6.561102108146042999e-01
5.822895514960785279e-01
5.669250554638222139e-01
5.989140634172833710e-01
9.776446794811833874e-01
1.000000000000000000e+00
1.000000000000000000e+00
1.000000000000000000e+00
1.000000000000000000e+00
9.970156058841911362e-01
1.000000000000000000e+00
1.000000000000000000e+00
1.000000000000000000e+00
9.394865013288921096e-01
1.000000000000000000e+00
1.000000000000000000e+00
4.942109716239818651e-01
3.081621800302211667e-01
1.399330833142022712e+01
3.130686867950992491e-01
2.599998760223388716e-01
9.972248971462249756e-02
9.760669656330739352e-01
1.000000000000000000e+00
1.000000000000000000e+00
9.796411651467662463e-01
1.000000000000000000e+00
9.518240808970487299e-01
5.562211714574032406e-01
5.060703298008178974e-01
4.607344596172368023e-01
9.594016864651492282e-01
1.000000000000000000e+00
9.740321730247388787e-01
1.000000000000000000e+00
1.000000000000000000e+00
9.932252084874843012e-01
9.642065678790735506e-01
1.000000000000000000e+00
1.000000000000000000e+00
1.000000000000000000e+00
9.512947080647508047e-01
1.000000000000000000e+00
9.806128609696712628e-01
4.691094006418818907e-01
3.863605389849801286e-01
1.396859946594124047e+01
3.031367591090569080e-01
2.599995970726013406e-01
1.015355736017227173e-01
1.000000000000000000e+00
1.000000000000000000e+00
1.000000000000000000e+00
1.000000000000000000e+00
9.903614153912142504e-01
1.000000000000000000e+00
5.897138407947678518e-01
4.736252288118106279e-01
5.109465110902686735e-01
9.620956292879739857e-01
1.000000000000000000e+00
9.883478746546474625e-01
1.000000000000000000e+00
9.971606541334239182e-01
9.846529438782629651e-01
9.990693606278192584e-01
9.730523632050056548e-01
1.000000000000000000e+00
9.699017766217770120e-01
1.000000000000000000e+00
1.000000000000000000e+00
9.609428083869268056e-01
4.463739498352533586e-01
3.617420273727711133e-01
1.393560480823766312e+01
2.914616730491595975e-01
2.599978613853454745e-01
9.389121085405349731e-02
1.000000000000000000e+00
9.394665807292182924e-01
1.000000000000000000e+00
1.000000000000000000e+00
1.000000000000000000e+00
9.916316532407100093e-01
5.481881557287555662e-01
5.592572720962890598e-01
5.627091656227986016e-01
1.000000000000000000e+00
1.000000000000000000e+00
1.000000000000000000e+00
1.000000000000000000e+00
1.000000000000000000e+00
1.000000000000000000e+00
1.000000000000000000e+00
9.439569696560168310e-01
1.000000000000000000e+00
9.818354513929907768e-01
9.422086463500864983e-01
1.000000000000000000e+00
9.671604890036410440e-01
4.496088393291478025e-01
3.820237453857271426e-01
1.391074673437244513e+01
2.845593016766162497e-01
2.599974894523620628e-01
7.026372849941253662e-02
9.893840883982490952e-01
9.780570723732658900e-01
9.929527586380586524e-01
9.733698663733266754e-01
1.000000000000000000e+00
9.562083677819462890e-01
4.897555350778716732e-01
5.257735242581368373e-01
5.579672027465566453e-01
9.833123451681020644e-01
1.000000000000000000e+00
1.000000000000000000e+00
9.975864285354578698e-01
9.486208196531151771e-01
9.818243555848472637e-01
1.000000000000000000e+00
9.506070375026135499e-01
1.000000000000000000e+00
9.517280161075714062e-01
9.846746834087219957e-01
9.772906318898889610e-01
1.000000000000000000e+00
4.991466495733984376e-01
3.301631884192451349e-01
1.388586922764861775e+01
2.773556987947574104e-01
2.599985432624816739e-01
7.219001650810241699e-02
9.801757827582086025e-01
9.725732440448513483e-01
9.857183844636419057e-01
9.971374139093506228e-01
1.000000000000000000e+00
9.396053654590038606e-01
4.459074541678881842e-01
5.503946106106477609e-01
5.034686957823810705e-01
9.882665091681870351e-01
9.649215554932358829e-01
9.798837429058143700e-01
1.000000000000000000e+00
9.910761637024848580e-01
1.000000000000000000e+00
9.879927277091153925e-01
9.384219506594109195e-01
1.000000000000000000e+00
1.000000000000000000e+00
9.566152256570437107e-01
1.000000000000000000e+00
1.000000000000000000e+00
4.465993895207849840e-01
3.854566079745441742e-01
1.386086960979854510e+01
2.699098024599461132e-01
2.599983572959900235e-01
8.267623931169509888e-02
9.918611160304889873e-01
9.421499626997500432e-01
1.000000000000000000e+00
9.969208446654408418e-01
1.000000000000000000e+00
9.488831475592307552e-01
5.310069206036318601e-01
5.500285214326324779e-01
4.745288963862081544e-01
1.000000000000000000e+00
9.844047470048187254e-01
1.000000000000000000e+00
1.000000000000000000e+00
9.852113252712023650e-01
1.000000000000000000e+00
1.000000000000000000e+00
9.802090370763724136e-01
1.000000000000000000e+00
1.000000000000000000e+00
1.000000000000000000e+00
9.453812625114325074e-01
9.457265731539031828e-01
4.188282170833191875e-01
3.796359458162380518e-01
1.382760235273482685e+01
2.600026873245037118e-01
2.599979233741760432e-01
9.245251119136810303e-02
9.683139687928223882e-01
1.000000000000000000e+00
1.000000000000000000e+00
9.917234148160448681e-01
9.986504965307695381e-01
5.495991343809097929e-01
4.965523864646081420e-01
5.276527538093861436e-01
5.639866331536027566e-01
9.740068184052492750e-01
1.000000000000000000e+00
9.662067349196622468e-01
1.000000000000000000e+00
9.683815231537856727e-01
9.822380030772320803e-01
1.000000000000000000e+00
1.000000000000000000e+00
9.641570181638094983e-01
1.000000000000000000e+00
1.000000000000000000e+00
1.000000000000000000e+00
1.000000000000000000e+00
4.664973604185539413e-01
3.775254977364124187e-01
1.380257891941857373e+01
2.531769287355631892e-01
2.599971175193786510e-01
5.623447149991989136e-02
1.000000000000000000e+00
1.000000000000000000e+00
1.000000000000000000e+00
9.657122795887941313e-01
9.548159876160553505e-01
5.004966354775656212e-01
4.912530414801046241e-01
4.539138233376470155e-01
5.150232901267892682e-01
9.760044142648007792e-01
1.000000000000000000e+00
9.863209780416617445e-01
9.978567078841514837e-01
9.490837767979668493e-01
9.396882730289359831e-01
9.771206923779099940e-01
1.000000000000000000e+00
1.000000000000000000e+00
9.602141620279677214e-01
9.796860768585577972e-01
9.944822575247659335e-01
9.506496214698084701e-01
5.363911807988326341e-01
4.281406350200008259e-01
1.377746938561832302e+01
2.458229226676973411e-01
2.599971795082092196e-01
1.058125123381614685e-01
9.526237631358430713e-01
1.000000000000000000e+00
1.000000000000000000e+00
1.000000000000000000e+00
1.000000000000000000e+00
4.514277973514294606e-01
4.299475603931424139e-01
4.221809645398192368e-01
5.846754024770477454e-01
9.595575287158998323e-01
1.000000000000000000e+00
1.000000000000000000e+00
9.497397356925750822e-01
9.727778037441703329e-01
1.000000000000000000e+00
9.536940387214076775e-01
1.000000000000000000e+00
9.392411433217400241e-01
9.467468844719938437e-01
1.000000000000000000e+00
9.498936241908798594e-01
9.390740672203763406e-01
4.436681304263933590e-01
3.752979985399313989e-01
1.374376410363136713e+01
2.330024115113338290e-01
2.599960637092590399e-01
9.991098940372467041e-02
9.818466613331994219e-01
9.707532403878166294e-01
9.670598579627405211e-01
1.000000000000000000e+00
1.000000000000000000e+00
5.260413344203784813e-01
5.138839458654909098e-01
4.732047792829550681e-01
9.420833182901822145e-01
1.000000000000000000e+00
1.000000000000000000e+00
9.893575495887386717e-01
1.000000000000000000e+00
1.000000000000000000e+00
9.977739713885934725e-01
9.591084681310926285e-01
1.000000000000000000e+00
9.593163156860624596e-01
9.945934583391636830e-01
9.420594595314046860e-01
1.000000000000000000e+00
9.819875808337548140e-01
1.000000000000000000e+00
4.441059210316180561e-01
1.371848717068624701e+01
2.252567447051165850e-01
2.599933362007141313e-01
8.268338441848754883e-02
1.000000000000000000e+00
1.000000000000000000e+00
9.584441990874902340e-01
9.594034099312909181e-01
9.483978630428103740e-01
5.232652538852192725e-01
5.163427575575491035e-01
4.335992698276194268e-01
1.000000000000000000e+00
1.000000000000000000e+00
9.416502228289875820e-01
1.000000000000000000e+00
9.848343242448117651e-01
9.718494901011804910e-01
1.000000000000000000e+00
9.530714245360758508e-01
1.000000000000000000e+00
9.435934409519811661e-01
1.000000000000000000e+00
9.458062055358121833e-01
1.000000000000000000e+00
1.000000000000000000e+00
9.879010472296025913e-01
4.839056135624010269e-01
1.370170610096778141e+01
2.189293388340921576e-01
2.599999070167541837e-01
1.395882815122604370e-01
9.768333664519088799e-01
9.844572757571767863e-01
9.402198555166318972e-01
1.000000000000000000e+00
1.000000000000000000e+00
5.075327147844513886e-01
4.074658972039816862e-01
4.765396970068135896e-01
1.000000000000000000e+00
9.480195996877771591e-01
1.000000000000000000e+00
9.689063164377600401e-01
9.534603358061614076e-01
9.579611551316637996e-01
1.000000000000000000e+00
1.000000000000000000e+00
9.783388224990358095e-01
1.000000000000000000e+00
1.000000000000000000e+00
9.664349895575400362e-01
9.707653394005052450e-01
1.000000000000000000e+00
1.000000000000000000e+00
4.490904059160829576e-01
1.365107977026671371e+01
1.919863580400893444e-01
2.599999070167541837e-01
1.293320357799530029e-01
1.000000000000000000e+00
1.000000000000000000e+00
1.000000000000000000e+00
1.000000000000000000e+00
9.713477624901365459e-01
4.862538754932683172e-01
4.581293569814154365e-01
4.928647987679055653e-01
9.740378560607375613e-01
1.000000000000000000e+00
9.784784353812912006e-01
1.000000000000000000e+00
1.000000000000000000e+00
1.000000000000000000e+00
9.721821535977601680e-01
9.435952317702447356e-01
9.943232284520655551e-01
9.826530319475160757e-01
1.000000000000000000e+00
1.000000000000000000e+00
1.000000000000000000e+00
9.971589923276258371e-01
9.381768456622868735e-01
4.536495870725674728e-01
1.362563754664813054e+01
1.795769524428942887e-01
2.599999070167541837e-01
1.411727964878082275e-01
1.000000000000000000e+00
1.000000000000000000e+00
1.000000000000000000e+00
9.828701925815457319e-01
4.374093754044318660e-01
4.240837933547663696e-01
4.056345040129017976e-01
5.325542335137208871e-01
1.000000000000000000e+00
1.000000000000000000e+00
9.446683096496659715e-01
1.000000000000000000e+00
9.425288062400515310e-01
9.970274993934565844e-01
1.000000000000000000e+00
1.000000000000000000e+00
1.000000000000000000e+00
1.000000000000000000e+00
9.833084852765562323e-01
1.000000000000000000e+00
1.000000000000000000e+00
1.000000000000000000e+00
1.000000000000000000e+00
3.964815775751992510e-01
1.360004482408559134e+01
1.685686166892784721e-01
2.599999070167541837e-01
1.026093289256095886e-01
9.469333265945173439e-01
9.764586507821811923e-01
1.000000000000000000e+00
1.000000000000000000e+00
4.996249691091202427e-01
4.888293813278689059e-01
3.941331345693509514e-01
5.333907859729827283e-01
1.000000000000000000e+00
9.641901902772839206e-01
9.571209301647014556e-01
9.651514425682431453e-01
1.000000000000000000e+00
1.000000000000000000e+00
9.908108928865816400e-01
9.770655592554488011e-01
9.732433401593155731e-01
1.000000000000000000e+00
1.000000000000000000e+00
1.000000000000000000e+00
1.000000000000000000e+00
1.000000000000000000e+00
1.000000000000000000e+00
4.126429981128030278e-01
1.356581291849417070e+01
1.554393317426070453e-01
2.599999070167541837e-01
8.819758892059326172e-02
9.668197385192056625e-01
1.000000000000000000e+00
1.000000000000000000e+00
1.000000000000000000e+00
3.921388565983498498e-01
3.656059076598809354e-01
4.548548832435234668e-01
4.642072505373407987e-01
1.000000000000000000e+00
9.951857956363910906e-01
9.510126239305939366e-01
1.000000000000000000e+00
9.513779673963125294e-01
9.678194454876715147e-01
9.775162084615975910e-01
1.000000000000000000e+00
9.443287997055795913e-01
9.393569566187861541e-01
9.635912239215118635e-01
9.404049192186454409e-01
1.000000000000000000e+00
1.000000000000000000e+00
9.976071856857736675e-01
4.060831724836321821e-01
1.354024894392533263e+01
1.472083538161178540e-01
2.599999380111694403e-01
8.929459005594253540e-02
9.919170525868444832e-01
9.979825026212377770e-01
1.000000000000000000e+00
1.000000000000000000e+00
4.726342815986614987e-01
4.127704402788325844e-01
4.230983305894339130e-01
9.681491917286609850e-01
1.000000000000000000e+00
9.449367363819360932e-01
9.515630470935115826e-01
9.579476258466433913e-01
1.000000000000000000e+00
9.937281787668899025e-01
9.833423345023198925e-01
9.796730252589777033e-01
1.000000000000000000e+00
1.000000000000000000e+00
9.526668670687561402e-01
1.000000000000000000e+00
9.457521320385346986e-01
1.000000000000000000e+00
9.418485622139066704e-01
4.913177554160106930e-01
1.351454430368288939e+01
1.398147312350189742e-01
2.599998450279236151e-01
6.101263314485549927e-02
9.752523759925432190e-01
9.501952725377303954e-01
1.000000000000000000e+00
9.835194740536737923e-01
4.757608855123799940e-01
4.088322932681141553e-01
4.695846703801253574e-01
9.995894728157075360e-01
9.813928272131218211e-01
1.000000000000000000e+00
1.000000000000000000e+00
9.485993156609014987e-01
1.000000000000000000e+00
1.000000000000000000e+00
9.638273832069922387e-01
9.557809329368101015e-01
9.439310012058361732e-01
1.000000000000000000e+00
1.000000000000000000e+00
9.380807892405484960e-01
1.000000000000000000e+00
9.833400244337873186e-01
1.000000000000000000e+00
4.782746640826752160e-01
1.348027893096293006e+01
1.316430779736308398e-01
2.600000000000000089e-01
6.114509329199790955e-02
9.536754227315086263e-01
1.000000000000000000e+00
1.000000000000000000e+00
4.118063747428403754e-01
3.936871205032240750e-01
3.588324468872567397e-01
4.686108317433682058e-01
9.795504703442656780e-01
9.504352368677693175e-01
9.849210288768469601e-01
1.000000000000000000e+00
9.405386751851256832e-01
1.000000000000000000e+00
1.000000000000000000e+00
9.989299385434319278e-01
1.000000000000000000e+00
1.000000000000000000e+00
1.000000000000000000e+00
9.420024695366312484e-01
1.000000000000000000e+00
1.000000000000000000e+00
1.000000000000000000e+00
9.430476435198423824e-01
4.338501269130631277e-01
1.345462539645616395e+01
1.260145809818046247e-01
2.600000000000000089e-01
5.353037640452384949e-02
1.000000000000000000e+00
9.719799053674492706e-01
1.000000000000000000e+00
5.155587381246337086e-01
4.109282298876319461e-01
3.837380592898634868e-01
4.287000239159183823e-01
9.431877529954327821e-01
9.675538737734649120e-01
9.697900538969700390e-01
1.000000000000000000e+00
1.000000000000000000e+00
1.000000000000000000e+00
9.589889510034438347e-01
1.000000000000000000e+00
9.980687869733854134e-01
1.000000000000000000e+00
9.439970068194334374e-01
9.751823376857899905e-01
1.000000000000000000e+00
9.965152573898105048e-01
9.682742801460847426e-01
9.868156692455808399e-01
4.460611386202022466e-01
1.342039007313467991e+01
1.188334351486187712e-01
2.600000000000000089e-01
6.487971544265747070e-02
9.488038225640417211e-01
1.000000000000000000e+00
9.912328444627673818e-01
4.156518082579232498e-01
3.730673517549913387e-01
3.482594471948984860e-01
3.893475793633987547e-01
9.934883793327285995e-01
1.000000000000000000e+00
1.000000000000000000e+00
1.000000000000000000e+00
9.978148684749121866e-01
9.648509446514896837e-01
9.432156801308392291e-01
1.000000000000000000e+00
1.000000000000000000e+00
9.831635586180081932e-01
1.000000000000000000e+00
1.000000000000000000e+00
1.000000000000000000e+00
9.511651740425076662e-01
1.000000000000000000e+00
1.000000000000000000e+00
4.785518461826602232e-01
1.339451677605634572e+01
1.128610310429323249e-01
2.600000000000000089e-01
6.259161978960037231e-02
9.764550440926047514e-01
1.000000000000000000e+00
9.899467830802954893e-01
4.095301179075752640e-01
3.459536012038077479e-01
4.311340918798305943e-01
4.110831061624006244e-01
9.385621091306248776e-01
1.000000000000000000e+00
9.731124963546730067e-01
1.000000000000000000e+00
1.000000000000000000e+00
9.847153098346563826e-01
9.587263995686919893e-01
1.000000000000000000e+00
1.000000000000000000e+00
1.000000000000000000e+00
9.496039124044758362e-01
1.000000000000000000e+00
9.615460101901938117e-01
1.000000000000000000e+00
1.000000000000000000e+00
1.000000000000000000e+00
4.592119984921038678e-01
1.336871574374617744e+01
1.061416326686283051e-01
2.600000000000000089e-01
6.713770329952239990e-02
1.000000000000000000e+00
1.000000000000000000e+00
1.000000000000000000e+00
3.980702603247033844e-01
3.947838646738473511e-01
4.405503108778172083e-01
4.996656367171837254e-01
9.576117214223321961e-01
1.000000000000000000e+00
9.524934695973394927e-01
1.000000000000000000e+00
9.820845408556373446e-01
9.722991811359552594e-01
1.000000000000000000e+00
1.000000000000000000e+00
9.528639832978748059e-01
9.501151568321385410e-01
9.916495153100307602e-01
9.419896468912438703e-01
1.000000000000000000e+00
9.390847960709027831e-01
9.476018112486058742e-01
1.000000000000000000e+00
4.428413466681629940e-01
1.333423291972655633e+01
9.824228606614449077e-02
2.600000000000000089e-01
5.651288479566574097e-02
1.000000000000000000e+00
9.384952479826733640e-01
4.843381875665345726e-01
4.387737573917794842e-01
3.384420106558456709e-01
3.800404951843130985e-01
4.323365069936689897e-01
1.000000000000000000e+00
1.000000000000000000e+00
9.454218869284678473e-01
1.000000000000000000e+00
1.000000000000000000e+00
9.350049404430714750e-01
1.000000000000000000e+00
9.907713117892693599e-01
9.836486810405208336e-01
1.000000000000000000e+00
1.000000000000000000e+00
9.537677533675473773e-01
1.000000000000000000e+00
1.000000000000000000e+00
1.000000000000000000e+00
1.000000000000000000e+00
5.115391376932504341e-01
1.330834795150637184e+01
9.470045752005262774e-02
2.600000000000000089e-01
2.892859838902950287e-02
1.000000000000000000e+00
9.856404147308100994e-01
4.796043308500408942e-01
3.612232375938688178e-01
4.250610463559839625e-01
4.430690032789234012e-01
4.867572720913032058e-01
9.924320382965977627e-01
9.407926902984723450e-01
9.618504581535221032e-01
9.960191376003093566e-01
9.479104582953222780e-01
9.510432967986798269e-01
1.000000000000000000e+00
9.468179621887525821e-01
1.000000000000000000e+00
1.000000000000000000e+00
1.000000000000000000e+00
1.000000000000000000e+00
9.741802034454574155e-01
9.955134843181664417e-01
9.529742140121010285e-01
1.000000000000000000e+00
5.167167288677753101e-01
1.328239300080332264e+01
8.845376927955839186e-02
2.600000000000000089e-01
8.503102511167526245e-02
9.451012485379701733e-01
1.000000000000000000e+00
3.931966183085793820e-01
3.926002200932618424e-01
4.223974026810699556e-01
3.547792634888903840e-01
9.695287815957526201e-01
9.778399829164344803e-01
9.916434633204893601e-01
1.000000000000000000e+00
1.000000000000000000e+00
1.000000000000000000e+00
9.174433814631062223e-01
9.836452291291077898e-01
1.000000000000000000e+00
9.745906596061439942e-01
1.000000000000000000e+00
9.562128787095083293e-01
9.782620180231759166e-01
1.000000000000000000e+00
9.767140817468032976e-01
9.692529031243584114e-01
1.000000000000000000e+00
4.740949749808182623e-01
1.324811849512038364e+01
7.887944099724475411e-02
2.600000000000000089e-01
5.847448483109474182e-02
9.897108665943317174e-01
1.000000000000000000e+00
4.217346559381932036e-01
4.039083395896428397e-01
3.671101780519581692e-01
3.533061505259909585e-01
1.000000000000000000e+00
1.000000000000000000e+00
1.000000000000000000e+00
1.000000000000000000e+00
9.891124493134840767e-01
9.890116295185418238e-01
9.100997185254714461e-01
9.527051184389009331e-01
9.425095688682539885e-01
9.531524739570913507e-01
9.670415326994489247e-01
1.000000000000000000e+00
1.000000000000000000e+00
1.000000000000000000e+00
1.000000000000000000e+00
9.754923994633423190e-01
1.000000000000000000e+00
4.473526942207035062e-01
1.322232138922619882e+01
7.483544580176804129e-02
2.600000000000000089e-01
-1.808420009911060333e-02
9.535303654359168490e-01
1.000000000000000000e+00
3.489254793675986011e-01
4.101828583052878896e-01
3.893741867518675792e-01
3.701596538610354981e-01
9.920916872550055166e-01
1.000000000000000000e+00
1.000000000000000000e+00
9.555240368540524054e-01
9.701547101733352108e-01
9.700789282960373683e-01
8.572466271915112346e-01
1.000000000000000000e+00
1.000000000000000000e+00
1.000000000000000000e+00
9.967594179053270720e-01
9.455613199351240450e-01
9.390109988060529878e-01
9.683998023020672363e-01
1.000000000000000000e+00
1.000000000000000000e+00
9.606819530291800247e-01
9.969876951988485558e-01
1.319631488901978322e+01
7.823569201188096400e-02
2.600000000000000089e-01
-4.021225124597549438e-02
9.861015017575869290e-01
1.000000000000000000e+00
4.184281995564863021e-01
3.371560608244458246e-01
4.025559323400122458e-01
3.442641947038493910e-01
1.000000000000000000e+00
9.799045138708236680e-01
1.000000000000000000e+00
1.000000000000000000e+00
9.855684140869388488e-01
9.704175281770855976e-01
8.816727378973612250e-01
9.856710791780578518e-01
9.477633964646623443e-01
1.000000000000000000e+00
9.868957322247936537e-01
1.000000000000000000e+00
1.000000000000000000e+00
1.000000000000000000e+00
1.000000000000000000e+00
9.825267127660721744e-01
9.495017291571737905e-01
9.594382143563890963e-01
1.317030387860043561e+01
8.180696274907872656e-02
2.600000000000000089e-01
1.520835235714912415e-02
1.000000000000000000e+00
9.782870625510490248e-01
3.221055924556741057e-01
4.071207365861544969e-01
4.267564767458543185e-01
3.735758988058202057e-01
9.646337747469022617e-01
1.000000000000000000e+00
1.000000000000000000e+00
9.603790026637064603e-01
9.788851879564612890e-01
9.482176657883376603e-01
8.345813538835408218e-01
1.000000000000000000e+00
9.769390052051958317e-01
1.000000000000000000e+00
9.504751720186442876e-01
1.000000000000000000e+00
1.000000000000000000e+00
9.818694774343557086e-01
1.000000000000000000e+00
9.760086028525417623e-01
1.000000000000000000e+00
1.000000000000000000e+00
1.313599305895214542e+01
8.041770805473646977e-02
2.600000000000000089e-01
1.637589931488037109e-02
9.779119444325491406e-01
1.000000000000000000e+00
3.910833273905137131e-01
2.930039130118621826e-01
3.672737851514167318e-01
4.460092361636268099e-01
1.000000000000000000e+00
9.713356872409979470e-01
1.000000000000000000e+00
1.000000000000000000e+00
9.743393102403832273e-01
8.906547793315027217e-01
9.109489847531272444e-01
1.000000000000000000e+00
9.964323701414281587e-01
1.000000000000000000e+00
9.864139470594228687e-01
1.000000000000000000e+00
1.000000000000000000e+00
1.000000000000000000e+00
1.000000000000000000e+00
1.000000000000000000e+00
9.780894825553410055e-01
1.000000000000000000e+00
1.311009246079269630e+01
7.797336465794812987e-02
2.600000000000000089e-01
3.185518458485603333e-02
1.000000000000000000e+00
4.861588696632762052e-01
3.119630990649313595e-01
3.996146065771272737e-01
4.265349636067254369e-01
4.566348723115440378e-01
9.786027920524400514e-01
1.000000000000000000e+00
9.773765998414455369e-01
1.000000000000000000e+00
1.000000000000000000e+00
9.797438133684782668e-01
8.770152397721620030e-01
1.000000000000000000e+00
9.626037319321795183e-01
1.000000000000000000e+00
9.452927675751016112e-01
9.615297928135956296e-01
1.000000000000000000e+00
1.000000000000000000e+00
9.481191740487944219e-01
9.985958209561216492e-01
1.000000000000000000e+00
9.535367615244622064e-01
1.307526082001784751e+01
7.448348439849239444e-02
2.600000000000000089e-01
2.381278760731220245e-02
9.649592764957952706e-01
3.763832633439475051e-01
2.929570970373037708e-01
3.615874934163370580e-01
3.312634074234392378e-01
4.483190171235617583e-01
1.000000000000000000e+00
1.000000000000000000e+00
9.581903284570091328e-01
1.000000000000000000e+00
9.716725223892168639e-01
9.526200898030822151e-01
8.414023594661184102e-01
9.766338524752044004e-01
1.000000000000000000e+00
1.000000000000000000e+00
1.000000000000000000e+00
1.000000000000000000e+00
9.783334299452131066e-01
1.000000000000000000e+00
1.000000000000000000e+00
9.396248332733821984e-01
1.000000000000000000e+00
9.663428797171910167e-01
1.304944153425589093e+01
7.087595455666662048e-02
2.600000000000000089e-01
4.731048271059989929e-02
9.398417733579728095e-01
3.579111405679094582e-01
3.769955127219146718e-01
3.851974155539925060e-01
4.052272438090477880e-01
4.194627965889201060e-01
9.526864107979537977e-01
1.000000000000000000e+00
9.859427418726743886e-01
1.000000000000000000e+00
9.641359971562517561e-01
8.424669938209786713e-01
8.753494935369026120e-01
9.841420264364888482e-01
9.945745312552042305e-01
1.000000000000000000e+00
1.000000000000000000e+00
1.000000000000000000e+00
1.000000000000000000e+00
9.584714071666426971e-01
9.499373169910676484e-01
1.000000000000000000e+00
1.000000000000000000e+00
1.000000000000000000e+00
1.302363623563792316e+01
6.305397795993616938e-02
2.600000000000000089e-01
9.714650362730026245e-02
9.628570323534975106e-01
3.153326036531151622e-01
3.989247611217059952e-01
3.533904404941973221e-01
3.149501280781573098e-01
1.000000000000000000e+00
9.665830092173461896e-01
1.000000000000000000e+00
9.622045722218610653e-01
1.000000000000000000e+00
1.000000000000000000e+00
8.567095321302825583e-01
8.876712848124517219e-01
1.000000000000000000e+00
9.969353435664533025e-01
9.563974755649476966e-01
9.977455336302469835e-01
9.663221271369150100e-01
1.000000000000000000e+00
1.000000000000000000e+00
1.000000000000000000e+00
9.506851482942052511e-01
9.897228138819694765e-01
9.537563722554961432e-01
1.298914216110252084e+01
5.038451203686422630e-02
2.600000000000000089e-01
9.572000056505203247e-02
9.908918215508218941e-01
3.917782898105460765e-01
3.188326026781299061e-01
3.645602053211526861e-01
3.335707919799872911e-01
9.419800794013166723e-01
1.000000000000000000e+00
1.000000000000000000e+00
1.000000000000000000e+00
9.641565911362335317e-01
9.914691443537700932e-01
8.947894720774386412e-01
8.001725251866200761e-01
9.486960184313550926e-01
1.000000000000000000e+00
9.534612465680613047e-01
9.934172701764951707e-01
1.000000000000000000e+00
9.899230784696653185e-01
1.000000000000000000e+00
9.399181824988199763e-01
9.427215910093368345e-01
1.000000000000000000e+00
1.000000000000000000e+00
1.296309037181489998e+01
4.501308292499928143e-02
2.600000000000000089e-01
2.815980836749076843e-02
4.326253534937686274e-01
3.889604960501214515e-01
3.898141618091056082e-01
3.028365064102230275e-01
4.093923723585273788e-01
9.542767435776660090e-01
9.873896651850072592e-01
9.676642705529424626e-01
9.845174554116503662e-01
9.818933548476562745e-01
9.839764011854363890e-01
8.243111495705029990e-01
8.866881232647839672e-01
9.816994047096805343e-01
1.000000000000000000e+00
1.000000000000000000e+00
9.711526705231900980e-01
1.000000000000000000e+00
1.000000000000000000e+00
1.000000000000000000e+00
1.000000000000000000e+00
1.000000000000000000e+00
1.000000000000000000e+00
1.000000000000000000e+00
1.293724335369870282e+01
4.146847770230954744e-02
2.600000000000000089e-01
3.962142020463943481e-02
4.168320765216164681e-01
3.385567687149427796e-01
3.837356580032585951e-01
3.296999370829641340e-01
4.311525288553220148e-01
9.654012595429479759e-01
9.644422898007739553e-01
1.000000000000000000e+00
1.000000000000000000e+00
9.687024529294706587e-01
9.314158697007980381e-01
7.972662602260618403e-01
8.681244999162244236e-01
9.402529004666948520e-01
1.000000000000000000e+00
9.940865902638831297e-01
1.000000000000000000e+00
9.891710082285968264e-01
9.586047756492034333e-01
1.000000000000000000e+00
1.000000000000000000e+00
1.000000000000000000e+00
1.000000000000000000e+00
9.828907290004629260e-01
1.290278241800195325e+01
3.229816364376958404e-02
2.600000000000000089e-01
9.954969584941864014e-02
3.419882966532631352e-01
3.489438130332078170e-01
2.750252323085910500e-01
3.814706541229008208e-01
3.799513678713071774e-01
9.760366729929745855e-01
1.000000000000000000e+00
1.000000000000000000e+00
9.636639042408686739e-01
1.000000000000000000e+00
9.287754215049027762e-01
8.593903259023670804e-01
8.736665256358430165e-01
1.000000000000000000e+00
9.773555189828397882e-01
1.000000000000000000e+00
1.000000000000000000e+00
1.000000000000000000e+00
9.694524747619082117e-01
1.000000000000000000e+00
9.970105632814221241e-01
1.000000000000000000e+00
9.621799036302746133e-01
1.000000000000000000e+00
1.287679519493605262e+01
2.039433649869881737e-02
2.600000000000000089e-01
1.309713572263717651e-01
4.110443811521096724e-01
3.074978803753138368e-01
3.659018031672718330e-01
3.159501505761746487e-01
3.867553825767481857e-01
9.923883858663223867e-01
9.611963840281964044e-01
1.000000000000000000e+00
9.583538748364863746e-01
9.448371608985021153e-01
9.741314583093424462e-01
8.123397285644058385e-01
7.984820783278089307e-01
1.000000000000000000e+00
1.000000000000000000e+00
1.000000000000000000e+00
1.000000000000000000e+00
1.000000000000000000e+00
1.000000000000000000e+00
9.654672873653392662e-01
1.000000000000000000e+00
9.934683308057368212e-01
9.533331215737108622e-01
9.468894502099072241e-01
1.285087646530453398e+01
8.780830093236602352e-03
2.600000000000000089e-01
1.206244900822639465e-01
3.170042595404251040e-01
2.846031170860728876e-01
2.932424872803661708e-01
3.094408544198761213e-01
1.000000000000000000e+00
9.582390757672429871e-01
9.389499158899913267e-01
1.000000000000000000e+00
9.757744548504639903e-01
1.000000000000000000e+00
8.543427091343653856e-01
7.905531644059254903e-01
8.399919496019986331e-01
9.658980781040884533e-01
9.514841604148646104e-01
9.692351408577469796e-01
9.391013098457747788e-01
9.511639850705443378e-01
9.499762466534983352e-01
1.000000000000000000e+00
1.000000000000000000e+00
9.767077622451545427e-01
1.000000000000000000e+00
1.000000000000000000e+00
1.283359407073209013e+01
5.761294168423747308e-04
2.600000000000000089e-01
1.142056956887245178e-01
3.856926649304837085e-01
3.769957801203179248e-01
3.241919943847109131e-01
3.384168129865935959e-01
1.000000000000000000e+00
1.000000000000000000e+00
9.712118755613168286e-01
9.597492590793816891e-01
9.383287482897193499e-01
9.549632121374508342e-01
8.567374177733163565e-01
7.734250040800524362e-01
8.569920062359256407e-01
9.765266972283404012e-01
1.000000000000000000e+00
9.739168047207559242e-01
1.000000000000000000e+00
1.000000000000000000e+00
9.565833414908702093e-01
9.710776372034602977e-01
1.000000000000000000e+00
1.000000000000000000e+00
9.456205931457292158e-01
1.000000000000000000e+00
1.279037197203595788e+01
-2.243481257998314327e-02
2.600000000000000089e-01
1.671703904867172241e-01
3.104196564269705583e-01
3.364763888969122818e-01
3.164899128266588368e-01
4.154090273628301411e-01
1.000000000000000000e+00
1.000000000000000000e+00
1.000000000000000000e+00
9.625060035123442770e-01
1.000000000000000000e+00
1.000000000000000000e+00
8.778595439226771768e-01
7.644478551322072546e-01
8.406007327179078059e-01
9.986091920088757679e-01
9.673373547384862547e-01
9.469581861222963193e-01
1.000000000000000000e+00
9.586341505256106288e-01
9.900649366407767715e-01
1.000000000000000000e+00
1.000000000000000000e+00
9.859148147488520086e-01
1.000000000000000000e+00
1.000000000000000000e+00
1.276454433420874501e+01
-3.943828128149839962e-02
2.600000000000000089e-01
1.831425875425338745e-01
3.676750324786609014e-01
3.810991241161960086e-01
3.087484243805304618e-01
1.000000000000000000e+00
1.000000000000000000e+00
1.000000000000000000e+00
1.000000000000000000e+00
1.000000000000000000e+00
1.000000000000000000e+00
1.000000000000000000e+00
8.143662446576505065e-01
7.138635764328791211e-01
9.911473714354051001e-01
1.000000000000000000e+00
1.000000000000000000e+00
1.000000000000000000e+00
1.000000000000000000e+00
1.000000000000000000e+00
9.474085074000123674e-01
1.000000000000000000e+00
1.000000000000000000e+00
1.000000000000000000e+00
9.516474168766946296e-01
9.644251163805355187e-01
1.273020828195001286e+01
-6.159033254886847608e-02
2.600000000000000089e-01
1.660850644111633301e-01
3.710026772106582160e-01
3.649738085003566002e-01
4.002517386874707706e-01
1.000000000000000000e+00
1.000000000000000000e+00
1.000000000000000000e+00
1.000000000000000000e+00
1.000000000000000000e+00
9.439722570673917401e-01
9.606601596872987869e-01
8.299521967885913343e-01
7.741087164156897904e-01
9.562508933115110299e-01
9.601653645513348323e-01
1.000000000000000000e+00
1.000000000000000000e+00
9.672012519842212441e-01
1.000000000000000000e+00
9.864261523676708387e-01
9.801430083043370933e-01
1.000000000000000000e+00
1.000000000000000000e+00
1.000000000000000000e+00
9.449673504579990668e-01
1.270446333964488517e+01
-8.071709844288132985e-02
2.600000000000000089e-01
1.946194320917129517e-01
3.810948373392964439e-01
3.777666243559085202e-01
3.164368426090868325e-01
9.507015453627010171e-01
1.000000000000000000e+00
9.592256929911738839e-01
1.000000000000000000e+00
9.438024765640522507e-01
9.375844316574662995e-01
9.434554191653707900e-01
7.127460049535748743e-01
7.341015387448720508e-01
9.633316869692586382e-01
1.000000000000000000e+00
1.000000000000000000e+00
9.443790546286388032e-01
1.000000000000000000e+00
9.778221799460683483e-01
1.000000000000000000e+00
9.644089026113870089e-01
1.000000000000000000e+00
9.468730709616032248e-01
1.000000000000000000e+00
1.000000000000000000e+00
1.267029480652506201e+01
-1.066608116695664243e-01
2.600000000000000089e-01
1.961369663476943970e-01
3.521120077321470143e-01
3.283966090089855405e-01
3.257100896152396730e-01
9.620813500155268594e-01
9.519452120752510682e-01
1.000000000000000000e+00
9.766240541540643916e-01
1.000000000000000000e+00
1.000000000000000000e+00
8.630285232582310950e-01
8.171637704799045165e-01
7.589812380921731050e-01
9.434744416508785703e-01
1.000000000000000000e+00
9.649594622067487748e-01
9.603077918792228829e-01
1.000000000000000000e+00
9.853787759753313003e-01
9.764400505400384622e-01
1.000000000000000000e+00
1.000000000000000000e+00
1.000000000000000000e+00
9.668739231147455149e-01
1.000000000000000000e+00
1.264463258693935366e+01
-1.267365999813254707e-01
2.600000000000000089e-01
2.111524641513824463e-01
3.777344208097643263e-01
3.515667282683020978e-01
9.756449291357472964e-01
9.754455480969996817e-01
1.000000000000000000e+00
9.397136024659388243e-01
1.000000000000000000e+00
1.000000000000000000e+00
9.730080994531078442e-01
8.566349783761738612e-01
6.869477214253717490e-01
8.381816806517996543e-01
9.937943167238246778e-01
1.000000000000000000e+00
1.000000000000000000e+00
9.874718095913952443e-01
9.983870481313662504e-01
9.863118760123634754e-01
1.000000000000000000e+00
1.000000000000000000e+00
9.650642218058193000e-01
9.807313997465039179e-01
1.000000000000000000e+00
1.000000000000000000e+00
1.261900910988347135e+01
-1.472352328422594780e-01
2.600000000000000089e-01
1.999463438987731934e-01
3.225045814603801353e-01
3.684974573697289424e-01
9.892086038698025829e-01
1.000000000000000000e+00
1.000000000000000000e+00
1.000000000000000000e+00
9.924009967316663738e-01
1.000000000000000000e+00
1.000000000000000000e+00
8.663131684600501314e-01
7.084908532731809538e-01
8.316698683962991945e-01
1.000000000000000000e+00
1.000000000000000000e+00
1.000000000000000000e+00
1.000000000000000000e+00
9.468062175384764911e-01
9.788179957437754819e-01
9.699594572640293233e-01
9.978849605371976628e-01
1.000000000000000000e+00
1.000000000000000000e+00
1.000000000000000000e+00
9.845511799748597470e-01
1.259353243631585428e+01
-1.679632524361887036e-01
2.600000000000000089e-01
1.960129439830780029e-01
3.117611573606198228e-01
3.713764499105282058e-01
9.709368608218172936e-01
1.000000000000000000e+00
9.789314912694815352e-01
1.000000000000000000e+00
1.000000000000000000e+00
9.870847627794959722e-01
9.451534720581277194e-01
8.372068283343689910e-01
7.240312178718909530e-01
8.532352945252388299e-01
9.468264185068827610e-01
1.000000000000000000e+00
1.000000000000000000e+00
1.000000000000000000e+00
1.000000000000000000e+00
9.812302547547956388e-01
1.000000000000000000e+00
9.459571118926700661e-01
9.751254921546820276e-01
9.606133828447073197e-01
1.000000000000000000e+00
1.000000000000000000e+00
1.256820701574217836e+01
-1.873276126920736528e-01
2.600000000000000089e-01
1.956260055303573608e-01
3.007040765700544904e-01
1.000000000000000000e+00
9.777893602865453948e-01
1.000000000000000000e+00
9.753028521656542660e-01
9.850808573642773069e-01
1.000000000000000000e+00
9.827640059053971422e-01
8.674690827789296454e-01
7.536907305361110199e-01
7.579693613748853531e-01
9.200629000017475079e-01
1.000000000000000000e+00
1.000000000000000000e+00
9.444805291076342479e-01
1.000000000000000000e+00
9.881528789498073007e-01
9.479053213603896300e-01
9.738092485700245993e-01
9.890408266519893354e-01
1.000000000000000000e+00
9.722644463932015313e-01
9.553121898236353049e-01
9.492831514076325305e-01
1.254286076820262963e+01
-2.066780791397213601e-01
2.600000000000000089e-01
1.912493407726287842e-01
2.977331913916882455e-01
9.629417388860456173e-01
1.000000000000000000e+00
1.000000000000000000e+00
1.000000000000000000e+00
9.580955605088127269e-01
1.000000000000000000e+00
1.000000000000000000e+00
7.988547601486727379e-01
7.764208808063710610e-01
6.664252614605473690e-01
8.998665664695538746e-01
9.625056413701326141e-01
9.781751615374645326e-01
1.000000000000000000e+00
9.957015137344271682e-01
9.443046945504123268e-01
1.000000000000000000e+00
1.000000000000000000e+00
1.000000000000000000e+00
1.000000000000000000e+00
9.857824437646350857e-01
1.000000000000000000e+00
1.000000000000000000e+00
1.250914045683064479e+01
-2.254816650680125933e-01
2.600000000000000089e-01
1.065155938267707825e-01
3.498575580808661045e-01
9.872973448931203766e-01
1.000000000000000000e+00
9.812926273178356196e-01
1.000000000000000000e+00
9.654706743549190673e-01
9.743502207278630367e-01
9.568315383541442509e-01
7.656951163167978747e-01
6.891872428861376410e-01
7.481551219539256392e-01
1.000000000000000000e+00
9.849825169354528009e-01
9.818109174518621085e-01
9.416540921224221261e-01
9.886695742669153741e-01
1.000000000000000000e+00
9.566214881569020667e-01
9.847241243213773476e-01
9.915224858995550505e-01
9.798803528820184683e-01
1.000000000000000000e+00
1.000000000000000000e+00
9.911012258754477999e-01
1.248417382602203318e+01
-2.401990927761998851e-01
2.600000000000000089e-01
1.800236701965332031e-01
3.855820773392917844e-01
1.000000000000000000e+00
1.000000000000000000e+00
9.802253917834329311e-01
1.000000000000000000e+00
1.000000000000000000e+00
1.000000000000000000e+00
9.790724479951299353e-01
7.947990808135764196e-01
7.540658962313940838e-01
7.170312889064620610e-01
1.000000000000000000e+00
1.000000000000000000e+00
1.000000000000000000e+00
1.000000000000000000e+00
1.000000000000000000e+00
1.000000000000000000e+00
1.000000000000000000e+00
1.000000000000000000e+00
1.000000000000000000e+00
9.772067579251618730e-01
1.000000000000000000e+00
9.977829889697359400e-01
9.997776027681142264e-01
1.245086030912151998e+01
-2.575275847500376747e-01
2.600000000000000089e-01
1.005279645323753357e-01
1.000000000000000000e+00
1.000000000000000000e+00
1.000000000000000000e+00
1.000000000000000000e+00
9.564644790239201777e-01
1.000000000000000000e+00
9.384800658934887574e-01
9.451079582498006504e-01
8.052692019988010319e-01
7.096299081879273718e-01
7.086277494843287172e-01
1.000000000000000000e+00
1.000000000000000000e+00
1.000000000000000000e+00
9.452337899949198041e-01
1.000000000000000000e+00
1.000000000000000000e+00
1.000000000000000000e+00
1.000000000000000000e+00
9.649546387273060244e-01
1.000000000000000000e+00
1.000000000000000000e+00
1.000000000000000000e+00
1.000000000000000000e+00
1.242572044986057556e+01
-2.651139371790626198e-01
2.600000000000000089e-01
5.688904225826263428e-02
9.997308487942637711e-01
1.000000000000000000e+00
9.477574605442565803e-01
9.503410402272605140e-01
9.964007951895924586e-01
9.577459219854409511e-01
1.000000000000000000e+00
9.788711673145545911e-01
7.998735624699161439e-01
6.469426378316417425e-01
8.018259334056226928e-01
9.553269562943297322e-01
9.538847344399645767e-01
1.000000000000000000e+00
9.937205250055800576e-01
9.462085293077376891e-01
1.000000000000000000e+00
9.513564130755637338e-01
1.000000000000000000e+00
9.506295718421073904e-01
9.937496486095247494e-01
9.374163084034439208e-01
1.000000000000000000e+00
1.000000000000000000e+00
1.240076263960372494e+01
-2.659097046237532957e-01
2.600000000000000089e-01
-3.493087887763977051e-01
9.922902481440573075e-01
9.958039961756811609e-01
1.000000000000000000e+00
1.000000000000000000e+00
1.000000000000000000e+00
1.000000000000000000e+00
9.989995797887288864e-01
9.374728205367287570e-01
7.295551035383081029e-01
6.713761511772331492e-01
6.835055497705415650e-01
1.000000000000000000e+00
1.000000000000000000e+00
1.000000000000000000e+00
1.000000000000000000e+00
9.602933331405917317e-01
9.924847246876209450e-01
9.845295512467765464e-01
9.441448605186548715e-01
9.457017000611774860e-01
1.000000000000000000e+00
1.000000000000000000e+00
1.000000000000000000e+00
9.940892857949282790e-01
1.236732177528379673e+01
-2.396615371464494437e-01
2.600000000000000089e-01
-1.564753949642181396e-01
9.493324018454277757e-01
9.641957366204483293e-01
1.000000000000000000e+00
1.000000000000000000e+00
9.892567503762975667e-01
9.526361815781635434e-01
9.621122145990842478e-01
1.000000000000000000e+00
7.759614720561370804e-01
7.040035838447383787e-01
7.278468363663740393e-01
1.000000000000000000e+00
1.000000000000000000e+00
9.549694907109963493e-01
9.957835412187724389e-01
1.000000000000000000e+00
9.617044119602733421e-01
1.000000000000000000e+00
9.814165033337003408e-01
1.000000000000000000e+00
1.000000000000000000e+00
9.808727359209719054e-01
1.000000000000000000e+00
1.000000000000000000e+00
1.234193373318207243e+01
-2.295860177115426337e-01
2.600000000000000089e-01
-6.971785426139831543e-02
1.000000000000000000e+00
1.000000000000000000e+00
1.000000000000000000e+00
1.000000000000000000e+00
1.000000000000000000e+00
1.000000000000000000e+00
9.972269913112422612e-01
9.575747753527696915e-01
7.389176435727694559e-01
6.879467775614390712e-01
6.536553286283182107e-01
9.678296186551982316e-01
9.968861254178918996e-01
1.000000000000000000e+00
9.649491319159209102e-01
9.530271265727623398e-01
1.000000000000000000e+00
1.000000000000000000e+00
1.000000000000000000e+00
9.587347448105230097e-01
9.767026429348265593e-01
1.000000000000000000e+00
1.000000000000000000e+00
9.489585242929832187e-01
1.231649827543517794e+01
-2.217498115958334015e-01
2.600000000000000089e-01
-1.210173740983009338e-01
9.772583670290326818e-01
9.483988329013056662e-01
9.550905559747125961e-01
1.000000000000000000e+00
1.000000000000000000e+00
1.000000000000000000e+00
9.592638404857520840e-01
9.423078131887085984e-01
7.470104397906107696e-01
6.135424857715566782e-01
6.800575512345922169e-01
8.223635953305475921e-01
9.924552387218356087e-01
9.713084014298993818e-01
9.413257765910935104e-01
9.792137422426571147e-01
9.941849721411353258e-01
9.847629811569972302e-01
9.651801858857419480e-01
1.000000000000000000e+00
9.450215411281968070e-01
1.000000000000000000e+00
1.000000000000000000e+00
1.000000000000000000e+00
1.228246984601327085e+01
-2.085619857421960877e-01
2.600000000000000089e-01
-9.346487373113632202e-02
9.939935045284504778e-01
9.694290907117439904e-01
9.632306303660589375e-01
9.445830093428233543e-01
1.000000000000000000e+00
9.805265213881091402e-01
1.000000000000000000e+00
9.400923532750925515e-01
7.595715293388574096e-01
6.301183544689025195e-01
6.135359929939966372e-01
7.908970286416548978e-01
9.817387098105700982e-01
9.591005424954672787e-01
1.000000000000000000e+00
1.000000000000000000e+00
1.000000000000000000e+00
1.000000000000000000e+00
1.000000000000000000e+00
1.000000000000000000e+00
1.000000000000000000e+00
1.000000000000000000e+00
9.957199813716569592e-01
9.448161392587913765e-01
1.225704194564429805e+01
-2.025773944437873064e-01
2.600000000000000089e-01
-4.163289070129394531e-02
1.000000000000000000e+00
1.000000000000000000e+00
9.770603364197295582e-01
1.000000000000000000e+00
9.582529946707954993e-01
1.000000000000000000e+00
1.000000000000000000e+00
1.000000000000000000e+00
7.324733208479392577e-01
6.502108552816949771e-01
6.401627399490001924e-01
7.779354864516448975e-01
1.000000000000000000e+00
9.938515940069423404e-01
1.000000000000000000e+00
1.000000000000000000e+00
9.692015458234622960e-01
9.464370769490527691e-01
9.736514077013308510e-01
1.000000000000000000e+00
9.626178174042520075e-01
1.000000000000000000e+00
1.000000000000000000e+00
9.468314883175209529e-01
1.223150138247089735e+01
-1.989694504537287134e-01
2.600000000000000089e-01
-3.410914912819862366e-02
1.000000000000000000e+00
9.584793699598586070e-01
9.773643430027927348e-01
9.392923729671459609e-01
1.000000000000000000e+00
9.755310529402034803e-01
1.000000000000000000e+00
1.000000000000000000e+00
7.104776161936213752e-01
6.498099935922562187e-01
6.916618042060179716e-01
8.650585667799548517e-01
1.000000000000000000e+00
9.633367972921463851e-01
1.000000000000000000e+00
9.820344639935207898e-01
1.000000000000000000e+00
1.000000000000000000e+00
9.848970349019985360e-01
1.000000000000000000e+00
9.487171040217701190e-01
9.905279065266811012e-01
9.509822386001343109e-01
9.809718497419481764e-01
1.219764407594451860e+01
-1.912119977066319976e-01
2.600000000000000089e-01
-1.042107492685317993e-01
9.918073400302785947e-01
1.000000000000000000e+00
9.935559213576395932e-01
1.000000000000000000e+00
1.000000000000000000e+00
1.000000000000000000e+00
9.673339232475928195e-01
9.979650819907840420e-01
7.051102368976455148e-01
6.740264735763307202e-01
5.649797681972482666e-01
8.190587418265026232e-01
1.000000000000000000e+00
9.471390729186561774e-01
1.000000000000000000e+00
9.414939936175221735e-01
1.000000000000000000e+00
9.986852316664368567e-01
1.000000000000000000e+00
1.000000000000000000e+00
1.000000000000000000e+00
1.000000000000000000e+00
9.656910653626068486e-01
9.409555848812078960e-01
1.217226907022360827e+01
-1.836312949859096877e-01
2.600000000000000089e-01
-2.208526059985160828e-02
1.000000000000000000e+00
1.000000000000000000e+00
1.000000000000000000e+00
1.000000000000000000e+00
1.000000000000000000e+00
9.451718710281957758e-01
9.656390198375666145e-01
9.641683958425220080e-01
6.931993957902945480e-01
5.838629413998329687e-01
5.951114148054280628e-01
7.654956497366637302e-01
1.000000000000000000e+00
9.974923403986248882e-01
1.000000000000000000e+00
1.000000000000000000e+00
1.000000000000000000e+00
1.000000000000000000e+00
9.505521909183861640e-01
9.892583880347436409e-01
1.000000000000000000e+00
1.000000000000000000e+00
9.994267705999136941e-01
9.547370713563518851e-01
1.214669235705284933e+01
-1.776291949293771211e-01
2.600000000000000089e-01
-7.829799503087997437e-02
1.000000000000000000e+00
9.727567758617720051e-01
9.700956784715778491e-01
9.762506075283067242e-01
9.762066542861640439e-01
9.439293607289126475e-01
1.000000000000000000e+00
1.000000000000000000e+00
6.680569895347925335e-01
5.537177262755655915e-01
5.871974332416957099e-01
7.777970076581750547e-01
9.568783444219292056e-01
9.906851740083959523e-01
9.398238100836567854e-01
1.000000000000000000e+00
9.892763795046658482e-01
9.555942710594841349e-01
1.000000000000000000e+00
9.904116728254217517e-01
1.000000000000000000e+00
9.978593337721534118e-01
9.696860953059770472e-01
9.436795343470587571e-01
1.211226022784703105e+01
-1.740857459260637397e-01
2.600000000000000089e-01
6.487611681222915649e-02
9.657652460643220138e-01
9.401614575952998987e-01
9.883822525523495717e-01
1.000000000000000000e+00
1.000000000000000000e+00
1.000000000000000000e+00
9.827830999717652727e-01
9.418411457971720413e-01
7.418691151341230139e-01
5.950963901845971460e-01
6.297760790630890781e-01
6.784189986367047398e-01
1.000000000000000000e+00
1.000000000000000000e+00
9.500441630451202935e-01
1.000000000000000000e+00
9.596766101208984434e-01
9.394639949678197377e-01
9.462920852858660581e-01
1.000000000000000000e+00
9.899191909589057925e-01
1.000000000000000000e+00
9.767852290428874484e-01
9.616371767212860133e-01
1.208673279197123840e+01
-1.829664240641424300e-01
2.600000000000000089e-01
8.605452626943588257e-02
1.000000000000000000e+00
1.000000000000000000e+00
9.864783731814618095e-01
9.534148203811826372e-01
1.000000000000000000e+00
9.804325296403809675e-01
9.618582647085941462e-01
9.827685482343210266e-01
7.222450153079026380e-01
6.216914219272171582e-01
6.161614580124493701e-01
6.933349578769680832e-01
9.883561504004064746e-01
9.388722913371091439e-01
1.000000000000000000e+00
1.000000000000000000e+00
1.000000000000000000e+00
1.000000000000000000e+00
9.526574856514750111e-01
9.680416229691072294e-01
9.484120639661101082e-01
9.579527011551881577e-01
1.000000000000000000e+00
9.827123069803676003e-01
1.206132575171060317e+01
-1.898365731843824067e-01
2.600000000000000089e-01
3.540537878870964050e-02
1.000000000000000000e+00
9.729455464794450892e-01
9.610032015813271267e-01
1.000000000000000000e+00
9.779827631561724965e-01
1.000000000000000000e+00
1.000000000000000000e+00
9.620123729485873243e-01
6.965652228637592147e-01
5.522057764662026136e-01
5.609571456008611845e-01
7.408379949195316172e-01
1.000000000000000000e+00
9.937714229556817713e-01
9.560034585246447447e-01
9.964926787957792964e-01
1.000000000000000000e+00
1.000000000000000000e+00
9.729178157956231976e-01
1.000000000000000000e+00
9.432574176383978770e-01
9.900199758917052062e-01
1.000000000000000000e+00
9.549461446759315297e-01
1.202707988785265592e+01
-1.887558986281785423e-01
2.600000000000000089e-01
-7.832717895507812500e-02
9.400951377591626468e-01
9.783347776952349140e-01
9.559144063978068928e-01
1.000000000000000000e+00
9.428883341041875976e-01
9.912171693977924747e-01
9.839369122885086583e-01
9.802016128140945694e-01
6.158414902830738891e-01
5.192562235528842551e-01
5.904592233693538583e-01
7.458556975129251310e-01
9.921179500228778370e-01
9.421474102767998238e-01
9.414460241338945545e-01
1.000000000000000000e+00
1.000000000000000000e+00
1.000000000000000000e+00
1.000000000000000000e+00
1.000000000000000000e+00
9.499189135017713781e-01
9.680027025759915249e-01
1.000000000000000000e+00
9.857526359940277372e-01
1.198466266687630899e+01
-1.798698804963705378e-01
2.600000000000000089e-01
9.605965460650622845e-04
1.000000000000000000e+00
1.000000000000000000e+00
1.000000000000000000e+00
9.563698430073047652e-01
1.000000000000000000e+00
9.499595715388837736e-01
1.000000000000000000e+00
9.893846266640765608e-01
7.046716481775158192e-01
6.001749883203676417e-01
5.877412906749613919e-01
6.753507181654337943e-01
9.457511194727524773e-01
9.937750387224462134e-01
9.831116764855396539e-01
9.762609588227275648e-01
9.793947878770067339e-01
1.000000000000000000e+00
9.530406375353691617e-01
9.948556995954593862e-01
1.000000000000000000e+00
1.000000000000000000e+00
9.575295295593704292e-01
1.000000000000000000e+00
1.195058360132904518e+01
-1.860260784936427214e-01
2.600000000000000089e-01
8.995468169450759888e-02
1.000000000000000000e+00
9.659107609852793930e-01
9.682207873781607521e-01
1.000000000000000000e+00
1.000000000000000000e+00
9.545129999006994881e-01
1.000000000000000000e+00
1.000000000000000000e+00
6.447680478413027050e-01
4.943734703443208867e-01
6.014943221335735668e-01
6.692677053578064417e-01
9.654932143345739126e-01
9.416140112500148707e-01
9.754916878866131125e-01
1.000000000000000000e+00
9.404535660188605428e-01
9.692238557075162353e-01
9.652485762003912839e-01
9.433042775504304478e-01
9.429640575491425869e-01
9.780780165321887321e-01
9.542503175830848727e-01
1.000000000000000000e+00
1.192502104073467706e+01
-1.894483979893548664e-01
2.600000000000000089e-01
-2.161259762942790985e-02
1.000000000000000000e+00
1.000000000000000000e+00
9.912595051537627100e-01
9.619305856403962407e-01
9.933002221601929804e-01
1.000000000000000000e+00
9.695987447751619470e-01
1.000000000000000000e+00
6.484238011294712889e-01
5.619757724484611972e-01
5.099905701482992937e-01
7.434149623261750994e-01
1.000000000000000000e+00
1.000000000000000000e+00
9.948623809005994190e-01
9.632523598850289970e-01
1.000000000000000000e+00
9.525924823297172717e-01
9.422566053974534839e-01
1.000000000000000000e+00
1.000000000000000000e+00
9.678942253099676041e-01
9.387315549879947651e-01
9.782636749749479277e-01
1.189104911654078123e+01
-1.874976706165140117e-01
2.600000000000000089e-01
-2.681742422282695770e-02
1.000000000000000000e+00
1.000000000000000000e+00
1.000000000000000000e+00
1.000000000000000000e+00
9.843496920032646091e-01
1.000000000000000000e+00
1.000000000000000000e+00
1.000000000000000000e+00
6.559493849333601911e-01
5.741294995743096985e-01
4.922133654017632476e-01
7.277552842139438649e-01
1.000000000000000000e+00
9.905017607118479228e-01
9.928114496706298420e-01
9.758739542041884318e-01
9.842685722990790476e-01
1.000000000000000000e+00
9.848806740864388676e-01
9.964449130860005832e-01
9.874286228094861784e-01
9.877185935561464403e-01
1.000000000000000000e+00
9.619720908954086935e-01
1.186563201322178429e+01
-1.854980898067561945e-01
2.600000000000000089e-01
3.426969517022371292e-03
9.748071421558343053e-01
1.000000000000000000e+00
9.730186235991821198e-01
1.000000000000000000e+00
1.000000000000000000e+00
9.564329755249014742e-01
1.000000000000000000e+00
1.000000000000000000e+00
5.990780237606063707e-01
5.615694229014771555e-01
5.812116647755373178e-01
6.439591594848234068e-01
9.397320407818147148e-01
9.983922763921400101e-01
9.944352668086871017e-01
9.926295413072693252e-01
9.948684575416010256e-01
9.841330328003439210e-01
1.000000000000000000e+00
1.000000000000000000e+00
1.000000000000000000e+00
1.000000000000000000e+00
1.000000000000000000e+00
1.000000000000000000e+00
1.183165126478418827e+01
-1.855099593807002512e-01
2.600000000000000089e-01
-2.914716722443699837e-03
9.990739891062913047e-01
9.923583036750459607e-01
9.426935127660190927e-01
1.000000000000000000e+00
9.575315758621870676e-01
9.388024837679723733e-01
9.566569211271482853e-01
9.842119678559113627e-01
6.148394355508675080e-01
5.437290412951656382e-01
5.529188350955117626e-01
6.801887543381753831e-01
9.891733931220383358e-01
9.439645956801040461e-01
1.000000000000000000e+00
1.000000000000000000e+00
9.518371001327077252e-01
9.896686377762051734e-01
9.883181832391391142e-01
9.748712643031529623e-01
9.968094676358593142e-01
1.000000000000000000e+00
1.000000000000000000e+00
1.000000000000000000e+00
1.180603650937191951e+01
-1.890246118610821036e-01
2.600000000000000089e-01
5.573742464184761047e-02
9.499451851441774730e-01
9.840085787052644806e-01
1.000000000000000000e+00
1.000000000000000000e+00
9.652475353976139871e-01
9.805185361220253304e-01
9.432854131983280377e-01
1.000000000000000000e+00
6.333498132258627011e-01
4.650924775529104993e-01
5.709582003999325028e-01
6.933689623808917402e-01
1.000000000000000000e+00
1.000000000000000000e+00
9.780507883043781936e-01
9.741536581198089184e-01
1.000000000000000000e+00
9.611902619287423510e-01
9.809650453196953057e-01
1.000000000000000000e+00
1.000000000000000000e+00
1.000000000000000000e+00
1.000000000000000000e+00
9.979637634339239005e-01
1.178059003096537083e+01
-1.974435133418781518e-01
2.600000000000000089e-01
8.241108804941177368e-02
1.000000000000000000e+00
1.000000000000000000e+00
9.877822875180148898e-01
9.605168488653567094e-01
1.000000000000000000e+00
9.926137150239281448e-01
9.890096251593109011e-01
7.237908138972238836e-01
5.453371895559907534e-01
4.355038887384917179e-01
5.951061355032123412e-01
6.546576287930951921e-01
9.979362348748335165e-01
1.000000000000000000e+00
1.000000000000000000e+00
1.000000000000000000e+00
1.000000000000000000e+00
1.000000000000000000e+00
1.000000000000000000e+00
1.000000000000000000e+00
1.000000000000000000e+00
9.879090586075569558e-01
1.000000000000000000e+00
1.000000000000000000e+00
1.175528405473895077e+01
-2.063397089732074141e-01
2.600000000000000089e-01
1.097879782319068909e-01
1.000000000000000000e+00
1.000000000000000000e+00
9.625701744985891706e-01
9.944010857382477031e-01
1.000000000000000000e+00
1.000000000000000000e+00
1.000000000000000000e+00
6.102773082618779821e-01
5.463825576271317264e-01
4.615406410354004341e-01
5.745983429238291640e-01
9.913583447388257808e-01
9.845476874532437250e-01
1.000000000000000000e+00
1.000000000000000000e+00
9.637750463958646430e-01
1.000000000000000000e+00
1.000000000000000000e+00
9.726338059025504412e-01
1.000000000000000000e+00
1.000000000000000000e+00
9.775905230063798301e-01
1.000000000000000000e+00
9.501187129485604288e-01
1.172133496385013274e+01
-2.255094564001460800e-01
2.600000000000000089e-01
2.197161167860031128e-01
9.903429483608457984e-01
9.883220034851889491e-01
9.866843056531319212e-01
1.000000000000000000e+00
9.471971540789919652e-01
1.000000000000000000e+00
9.676454747358835817e-01
6.250895265045278704e-01
5.208194661628886557e-01
5.224150375350105069e-01
5.782047428047109028e-01
9.620671429371076000e-01
1.000000000000000000e+00
1.000000000000000000e+00
1.000000000000000000e+00
1.000000000000000000e+00
1.000000000000000000e+00
1.000000000000000000e+00
9.950850855502914039e-01
9.525222425308543794e-01
9.991202555148264164e-01
9.440191669087706350e-01
9.814214035206543230e-01
9.658908643178472087e-01
1.169624339911227295e+01
-2.448341214993924320e-01
2.600000000000000089e-01
1.569650620222091675e-01
1.000000000000000000e+00
9.884544725442144797e-01
1.000000000000000000e+00
9.665126679829081358e-01
9.654010398548820149e-01
9.943357626409758954e-01
9.756152216133644473e-01
6.156914728712623575e-01
4.358762218187964277e-01
4.802967229540828775e-01
5.637048350919264816e-01
1.000000000000000000e+00
1.000000000000000000e+00
1.000000000000000000e+00
9.507449253980967407e-01
1.000000000000000000e+00
1.000000000000000000e+00
1.000000000000000000e+00
9.641867079332412382e-01
1.000000000000000000e+00
9.488308159716600798e-01
9.806346609923276558e-01
1.000000000000000000e+00
9.553714541123163873e-01
1.167126584894500141e+01
-2.606546007745106364e-01
2.600000000000000089e-01
1.386602371931076050e-01
9.383319549889538314e-01
9.563820578385036075e-01
9.651563177787242376e-01
1.000000000000000000e+00
1.000000000000000000e+00
9.844906395467533100e-01
1.000000000000000000e+00
5.151282594909460943e-01
4.928970348319744454e-01
5.294996017685195122e-01
5.723144090317984212e-01
9.707275108391082430e-01
9.871781844988648524e-01
9.535646378023966419e-01
1.000000000000000000e+00
9.412124301002907645e-01
9.936590685037829385e-01
9.411782669465681428e-01
1.000000000000000000e+00
9.988326612376481339e-01
1.000000000000000000e+00
1.000000000000000000e+00
1.000000000000000000e+00
1.000000000000000000e+00
1.163812725894026734e+01
-2.794910183092229605e-01
2.600000000000000089e-01
1.389959156513214111e-01
1.000000000000000000e+00
1.000000000000000000e+00
1.000000000000000000e+00
1.000000000000000000e+00
9.724090658221661299e-01
9.934957837131104252e-01
6.083496175558691377e-01
5.470174815037757154e-01
4.594719745763405916e-01
4.227245623788000728e-01
6.408730301382055128e-01
1.000000000000000000e+00
9.483484010532460262e-01
1.000000000000000000e+00
1.000000000000000000e+00
1.000000000000000000e+00
1.000000000000000000e+00
1.000000000000000000e+00
1.000000000000000000e+00
9.795703800227316682e-01
9.663531708784066643e-01
1.000000000000000000e+00
1.000000000000000000e+00
9.739885412902402617e-01
1.161320194732266131e+01
-2.930237058539056916e-01
2.600000000000000089e-01
1.267925798892974854e-01
1.000000000000000000e+00
9.845039305394376328e-01
9.688424743882764201e-01
9.603710864479440001e-01
1.000000000000000000e+00
1.000000000000000000e+00
6.621764415839527240e-01
5.466492733941962223e-01
4.542656644295444690e-01
4.919512146460981450e-01
6.054031213044822612e-01
9.620007830782604241e-01
9.486870436835566078e-01
9.619691960361798078e-01
1.000000000000000000e+00
9.972810212716544109e-01
9.957063902934759625e-01
9.390112922051658817e-01
1.000000000000000000e+00
9.570293122723390056e-01
9.531786516895862649e-01
1.000000000000000000e+00
9.669120733627428743e-01
1.000000000000000000e+00
1.158837783251856912e+01
-3.063500587773245742e-01
2.600000000000000089e-01
1.249183341860771179e-01
1.000000000000000000e+00
1.000000000000000000e+00
1.000000000000000000e+00
9.956947681384075155e-01
9.551455525543951497e-01
9.595072255486504220e-01
5.906530979114542612e-01
4.888869934781365778e-01
3.987942156554078466e-01
4.644520200586608749e-01
6.087267872053561124e-01
9.635180580542858086e-01
9.899212112251534190e-01
9.378183536940847276e-01
1.000000000000000000e+00
1.000000000000000000e+00
9.602624901781916522e-01
1.000000000000000000e+00
9.716248884992459978e-01
9.614533492434986783e-01
9.623779574492076216e-01
1.000000000000000000e+00
1.000000000000000000e+00
9.556843591670848292e-01
1.156384123390766483e+01
-3.188114706282239030e-01
2.600000000000000089e-01
1.055763214826583862e-01
9.551696210807089082e-01
1.000000000000000000e+00
9.767935688729778576e-01
9.505073556774968901e-01
9.911112551388859826e-01
1.000000000000000000e+00
6.082531348345435740e-01
4.915953425739909011e-01
4.585562774278725273e-01
4.847034505853098918e-01
6.422892445797164784e-01
9.475577194103684819e-01
9.624857652873768377e-01
9.470182949611034573e-01
9.549377790404562916e-01
9.640248663069307389e-01
1.000000000000000000e+00
9.921248870871695047e-01
9.700175326160909162e-01
1.000000000000000000e+00
9.564721693386969426e-01
9.707614706330705001e-01
9.682294991565145725e-01
1.000000000000000000e+00
1.153119490051106055e+01
-3.343431779045907826e-01
2.600000000000000089e-01
1.150768548250198364e-01
1.000000000000000000e+00
1.000000000000000000e+00
9.850923293850604168e-01
1.000000000000000000e+00
9.572785487419784856e-01
9.573427645423394639e-01
5.181407853612617354e-01
3.850617867839203901e-01
4.269281910236803479e-01
5.215723231244656644e-01
5.757067315240166350e-01
9.789895454153326737e-01
9.426981650772805477e-01
9.888693119816072130e-01
1.000000000000000000e+00
9.666601010060638099e-01
1.000000000000000000e+00
1.000000000000000000e+00
1.000000000000000000e+00
9.657375903791555194e-01
1.000000000000000000e+00
1.000000000000000000e+00
9.911923722777812307e-01
1.000000000000000000e+00
1.150663464645090706e+01
-3.438349843569437070e-01
2.600000000000000089e-01
7.332462072372436523e-02
1.000000000000000000e+00
1.000000000000000000e+00
1.000000000000000000e+00
1.000000000000000000e+00
1.000000000000000000e+00
1.000000000000000000e+00
4.492805496833281453e-01
3.601762858848890358e-01
4.292534026933317315e-01
4.580058958285221360e-01
9.951277959043347554e-01
9.502909560253439691e-01
9.555936673650654578e-01
9.680798849654050908e-01
9.463128245941684336e-01
1.000000000000000000e+00
1.000000000000000000e+00
1.000000000000000000e+00
1.000000000000000000e+00
1.000000000000000000e+00
1.000000000000000000e+00
9.864257938323762742e-01
9.881514292712749725e-01
1.000000000000000000e+00
1.147404858441200304e+01
-3.561205764322222800e-01
2.600000000000000089e-01
1.029066294431686401e-01
9.906602542647467979e-01
9.554430499069317406e-01
1.000000000000000000e+00
9.978707172375941292e-01
1.000000000000000000e+00
1.000000000000000000e+00
5.309184694811511784e-01
4.423955248124810113e-01
4.340012155466723143e-01
4.648782987568212399e-01
9.932530663640752877e-01
9.624084562055754688e-01
9.646436863965685005e-01
9.691667106770306406e-01
9.925423578685046433e-01
1.000000000000000000e+00
1.000000000000000000e+00
9.644379307049776306e-01
9.728221292121983499e-01
1.000000000000000000e+00
1.000000000000000000e+00
1.000000000000000000e+00
1.000000000000000000e+00
1.000000000000000000e+00
1.144185213827556424e+01
-3.692673623443595288e-01
2.599999690055847523e-01
8.506548404693603516e-02
1.000000000000000000e+00
9.419442011908560897e-01
9.469855431994493866e-01
1.000000000000000000e+00
1.000000000000000000e+00
6.340811881300957298e-01
4.985376599930673724e-01
3.794246739379166788e-01
3.974719893168986440e-01
5.552665588091044713e-01
9.618472988785365940e-01
1.000000000000000000e+00
1.000000000000000000e+00
1.000000000000000000e+00
9.798481890767932745e-01
9.600410853136774891e-01
9.918191869699943819e-01
1.000000000000000000e+00
1.000000000000000000e+00
1.000000000000000000e+00
9.496804590584435601e-01
1.000000000000000000e+00
9.905366009654711368e-01
1.000000000000000000e+00
1.140964127029845443e+01
-3.805800430151936586e-01
2.599999690055847523e-01
6.956443935632705688e-02
1.000000000000000000e+00
9.575308168472090875e-01
1.000000000000000000e+00
9.659140493271441974e-01
9.678936837598205445e-01
5.897538623502411870e-01
4.296531130116618136e-01
3.365892859106228152e-01
3.684641603025576306e-01
5.164649982039554166e-01
9.775121455162327777e-01
9.714526618000087765e-01
1.000000000000000000e+00
9.641785340453026265e-01
1.000000000000000000e+00
9.900595695692880893e-01
1.000000000000000000e+00
9.406865745343517826e-01
9.834841035190311498e-01
9.731165524637431785e-01
9.954573710302671019e-01
1.000000000000000000e+00
1.000000000000000000e+00
9.822748762284907453e-01
1.138556523504863449e+01
-3.885927000959883415e-01
2.599999690055847523e-01
1.205406114459037781e-01
1.000000000000000000e+00
9.908157574988110117e-01
1.000000000000000000e+00
1.000000000000000000e+00
1.000000000000000000e+00
5.833909907791225979e-01
4.596560098897328750e-01
3.060012971817793748e-01
4.005470090775528624e-01
5.369317837927300996e-01
9.764785187423395962e-01
9.464004248709436684e-01
1.000000000000000000e+00
9.999635198854666118e-01
1.000000000000000000e+00
9.810878450653204297e-01
1.000000000000000000e+00
9.568210841289610524e-01
1.000000000000000000e+00
9.513833801866361517e-01
1.000000000000000000e+00
9.572054220889959497e-01
9.969969322533707157e-01
9.597777785177242782e-01
1.136175672456372432e+01
-4.037386709828139075e-01
2.599999380111694403e-01
1.512810587882995605e-01
9.483995581344272230e-01
1.000000000000000000e+00
9.659155143143804967e-01
1.000000000000000000e+00
1.000000000000000000e+00
5.361121779750216421e-01
4.312462641890727477e-01
4.297906950505309687e-01
3.792276971049179934e-01
4.634550363851268062e-01
9.913738704236891852e-01
9.600633165274384817e-01
1.000000000000000000e+00
9.545901768014415367e-01
9.787012746403511709e-01
1.000000000000000000e+00
1.000000000000000000e+00
1.000000000000000000e+00
9.980817457961815853e-01
1.000000000000000000e+00
9.568954882188718258e-01
1.000000000000000000e+00
9.630703157939376480e-01
9.640281824601977245e-01
1.132996316449121643e+01
-4.232025462201808308e-01
2.599999690055847523e-01
1.157560795545578003e-01
9.949877622737393068e-01
9.782011147082071423e-01
1.000000000000000000e+00
1.000000000000000000e+00
1.000000000000000000e+00
4.865491326939649364e-01
4.278476946337773090e-01
3.882307993176802863e-01
4.816309762662042693e-01
5.494548422050246073e-01
1.000000000000000000e+00
1.000000000000000000e+00
1.000000000000000000e+00
9.784454650580567403e-01
1.000000000000000000e+00
9.390984734190259697e-01
9.707093860062617763e-01
1.000000000000000000e+00
1.000000000000000000e+00
1.000000000000000000e+00
1.000000000000000000e+00
9.768313120348992573e-01
9.775719506855373719e-01
9.387218622123326695e-01
1.130637254627008659e+01
-4.340282680410986194e-01
2.599999690055847523e-01
1.013780981302261353e-01
9.598374204043454982e-01
9.578326338185924049e-01
1.000000000000000000e+00
1.000000000000000000e+00
5.260153541605199212e-01
4.444334291302226014e-01
3.343217766853573414e-01
3.611663331357464202e-01
4.113834976488138784e-01
5.756780967111370106e-01
1.000000000000000000e+00
9.573738358619782174e-01
9.996764066784834535e-01
9.893523568140935032e-01
9.917892790305991024e-01
1.000000000000000000e+00
9.534115793842473652e-01
9.658611945952163547e-01
1.000000000000000000e+00
1.000000000000000000e+00
1.000000000000000000e+00
9.744650478771729185e-01
1.000000000000000000e+00
9.408084528272194769e-01
1.128292470083994914e+01
-4.448921274603276910e-01
2.599999690055847523e-01
1.110901981592178345e-01
1.000000000000000000e+00
1.000000000000000000e+00
1.000000000000000000e+00
9.534457210151686679e-01
6.362259387492995577e-01
4.535079617684990572e-01
2.981133971121702197e-01
4.026434752311600085e-01
3.790824019088441799e-01
5.636726880737542578e-01
9.761350897013905126e-01
1.000000000000000000e+00
9.690948802444431243e-01
1.000000000000000000e+00
9.492492416901493479e-01
9.386191214631001145e-01
9.679643229303335206e-01
1.000000000000000000e+00
9.466235529990967290e-01
9.987585283781997836e-01
9.776773697407248331e-01
1.000000000000000000e+00
1.000000000000000000e+00
9.970988612259639172e-01
1.125202943478255335e+01
-4.655481182055306588e-01
2.599984812736511053e-01
1.731203347444534302e-01
9.813705424242201714e-01
9.393844272156336439e-01
1.000000000000000000e+00
9.389322405346259837e-01
4.770661280209345656e-01
4.281425658498870246e-01
2.886207286277907014e-01
3.691599598005924077e-01
4.840855990500684825e-01
1.000000000000000000e+00
9.675407802841465843e-01
1.000000000000000000e+00
1.000000000000000000e+00
1.000000000000000000e+00
9.709184310480439839e-01
9.374588834562089801e-01
1.000000000000000000e+00
1.000000000000000000e+00
1.000000000000000000e+00
1.000000000000000000e+00
9.429781964927708149e-01
9.839670777898600340e-01
9.946242046392115288e-01
9.981720791072026255e-01
1.122902281333086627e+01
-4.829723830889832703e-01
2.599994111061096347e-01
1.617328524589538574e-01
9.708847113019168917e-01
9.960977221789887315e-01
1.000000000000000000e+00
1.000000000000000000e+00
5.011935531443826308e-01
3.675816667915280944e-01
3.865145000776982753e-01
3.516987945645871361e-01
3.980644173204890279e-01
1.000000000000000000e+00
1.000000000000000000e+00
9.703512011073404109e-01
9.950412419146541509e-01
1.000000000000000000e+00
9.768031037267113081e-01
1.000000000000000000e+00
1.000000000000000000e+00
9.944542677722960633e-01
1.000000000000000000e+00
1.000000000000000000e+00
1.000000000000000000e+00
1.000000000000000000e+00
9.440550549219020038e-01
1.000000000000000000e+00
1.119872056907471958e+01
-5.036867264907914921e-01
2.599999070167541837e-01
1.518083065748214722e-01
9.607873908423831821e-01
9.527860107521487487e-01
9.811527552791066142e-01
1.000000000000000000e+00
4.794594592266452904e-01
3.153044342226133945e-01
3.884092881040788758e-01
3.647778908867655434e-01
4.035634719609520471e-01
1.000000000000000000e+00
9.587724421346891512e-01
9.375288885569897923e-01
1.000000000000000000e+00
9.559661211711381057e-01
1.000000000000000000e+00
1.000000000000000000e+00
9.949131393604850881e-01
9.691570326131985214e-01
9.374505990305616043e-01
9.536532650694434787e-01
9.427038205082068911e-01
9.834814674301354254e-01
9.769374729934278134e-01
1.000000000000000000e+00
1.117615810162944179e+01
-5.189628477469881984e-01
2.599997520446777344e-01
1.334455758333206177e-01
1.000000000000000000e+00
1.000000000000000000e+00
1.000000000000000000e+00
1.000000000000000000e+00
3.766260242313596018e-01
3.106702579988494528e-01
3.320624513855022220e-01
3.379243553332607064e-01
4.950143482354362190e-01
1.000000000000000000e+00
9.471832679040986802e-01
1.000000000000000000e+00
1.000000000000000000e+00
1.000000000000000000e+00
1.000000000000000000e+00
9.605233153998705697e-01
1.000000000000000000e+00
1.000000000000000000e+00
1.000000000000000000e+00
9.810464340248062909e-01
1.000000000000000000e+00
1.000000000000000000e+00
1.000000000000000000e+00
1.000000000000000000e+00
1.115377276054791622e+01
-5.334850261112216163e-01
2.599995040893554599e-01
1.254817545413970947e-01
1.000000000000000000e+00
9.539671923943199294e-01
1.000000000000000000e+00
5.160411457518085943e-01
4.289345773489529057e-01
2.871209839299049271e-01
2.993068496919276678e-01
3.629989525787573612e-01
5.119363638460260324e-01
1.000000000000000000e+00
1.000000000000000000e+00
1.000000000000000000e+00
9.913939713296852085e-01
9.948668207536824903e-01
9.685548275200198676e-01
1.000000000000000000e+00
9.963948632111627735e-01
9.779641449931627539e-01
9.705445025363292899e-01
9.522883520598067753e-01
1.000000000000000000e+00
9.861334687565923574e-01
1.000000000000000000e+00
9.953659990448124883e-01
1.112414719339257019e+01
-5.530305663041963360e-01
2.599990391731262229e-01
1.589568704366683960e-01
1.000000000000000000e+00
9.985064724360007693e-01
1.000000000000000000e+00
4.100260649734231433e-01
3.114684334497336282e-01
3.083653647840293166e-01
3.029944573443567601e-01
3.537652550930082684e-01
5.106711462195758777e-01
1.000000000000000000e+00
9.688849209523925365e-01
1.000000000000000000e+00
1.000000000000000000e+00
1.000000000000000000e+00
1.000000000000000000e+00
1.000000000000000000e+00
1.000000000000000000e+00
1.000000000000000000e+00
1.000000000000000000e+00
1.000000000000000000e+00
1.000000000000000000e+00
1.000000000000000000e+00
1.000000000000000000e+00
9.853124155547524632e-01
1.110221554775020536e+01
-5.709411855151504955e-01
2.599975514411926314e-01
1.793725043535232544e-01
1.000000000000000000e+00
1.000000000000000000e+00
1.000000000000000000e+00
4.804514432981972227e-01
3.057767743114947478e-01
3.398825875114138140e-01
3.580824684920113077e-01
4.253965875748985104e-01
5.236012717731051147e-01
9.794114735616504808e-01
1.000000000000000000e+00
9.406584310495472723e-01
9.993953313309410502e-01
1.000000000000000000e+00
1.000000000000000000e+00
1.000000000000000000e+00
1.000000000000000000e+00
1.000000000000000000e+00
9.444048480362684517e-01
9.631157044646647680e-01
1.000000000000000000e+00
1.000000000000000000e+00
9.431260986622497233e-01
9.795233529058590127e-01
1.108056497545749508e+01
-5.913545106119759698e-01
2.599854016304016247e-01
2.124932259321212769e-01
1.000000000000000000e+00
9.507885431210152394e-01
5.471685070153903263e-01
4.025487288085818349e-01
2.436163883536348052e-01
2.694994219133021174e-01
4.290183087333214185e-01
3.908606365883645073e-01
9.385140435975646289e-01
1.000000000000000000e+00
9.886644538335964683e-01
9.873509082163918205e-01
1.000000000000000000e+00
1.000000000000000000e+00
9.453927103354073935e-01
1.000000000000000000e+00
1.000000000000000000e+00
1.000000000000000000e+00
9.812483578647041016e-01
1.000000000000000000e+00
1.000000000000000000e+00
1.000000000000000000e+00
9.650184432555686254e-01
9.981328286340266365e-01
1.105236484076800707e+01
-6.148895330969438300e-01
2.599987602233886919e-01
1.035283580422401428e-01
9.639811025274971357e-01
9.742100676348532939e-01
5.997442235876299099e-01
3.625816886161575270e-01
2.442282543170321285e-01
2.909082520871715261e-01
4.187873691946903953e-01
4.156557071551217342e-01
1.000000000000000000e+00
1.000000000000000000e+00
1.000000000000000000e+00
1.000000000000000000e+00
9.382227839191336072e-01
1.000000000000000000e+00
1.000000000000000000e+00
9.431890682559902483e-01
9.600351775548616740e-01
1.000000000000000000e+00
9.561765106485535792e-01
9.693189013789231812e-01
1.000000000000000000e+00
1.000000000000000000e+00
9.615137857481524941e-01
1.000000000000000000e+00
1.103121182444228410e+01
-6.193736809579607483e-01
2.599989771842956543e-01
-1.302834972739219666e-02
1.000000000000000000e+00
9.888097369917689949e-01
4.854903154909355201e-01
3.311170924911944757e-01
3.101968195828510022e-01
3.100643694161476782e-01
4.022296993160456302e-01
3.869902974605024526e-01
1.000000000000000000e+00
1.000000000000000000e+00
1.000000000000000000e+00
1.000000000000000000e+00
9.717495838835805699e-01
1.000000000000000000e+00
1.000000000000000000e+00
1.000000000000000000e+00
1.000000000000000000e+00
1.000000000000000000e+00
9.386649724878476375e-01
9.887603803715686590e-01
9.933878404688953889e-01
1.000000000000000000e+00
9.615161763646439264e-01
1.000000000000000000e+00
1.100998588646409004e+01
-6.199577912342409958e-01
2.599993491172790661e-01
-2.952655544504523277e-03
9.506271739932771192e-01
1.000000000000000000e+00
4.390824538698105961e-01
2.474653743105926507e-01
3.130639904204932100e-01
3.375095539990610738e-01
3.202174961981288925e-01
3.844454770709700431e-01
1.000000000000000000e+00
1.000000000000000000e+00
1.000000000000000000e+00
1.000000000000000000e+00
9.892886888600019857e-01
9.390145558737840181e-01
9.790999724037192653e-01
1.000000000000000000e+00
1.000000000000000000e+00
1.000000000000000000e+00
1.000000000000000000e+00
1.000000000000000000e+00
1.000000000000000000e+00
1.000000000000000000e+00
1.000000000000000000e+00
1.000000000000000000e+00
1.098884054793109044e+01
-6.211728411698823615e-01
2.599991941452026722e-01
-1.252536196261644363e-02
9.807776106653873782e-01
9.414571484074827357e-01
4.735613179893452540e-01
2.630826921219601155e-01
2.849792190720988327e-01
3.425110163744511937e-01
3.988547869946273416e-01
4.593446628058576175e-01
1.000000000000000000e+00
9.899206463597077787e-01
9.785677255394661378e-01
9.856193127365603379e-01
9.373768880543408288e-01
1.000000000000000000e+00
1.000000000000000000e+00
9.958991856495414963e-01
9.527639429309963104e-01
9.733174270269714379e-01
9.875268242835570920e-01
1.000000000000000000e+00
9.548932333219121160e-01
1.000000000000000000e+00
1.000000000000000000e+00
9.378532984407181861e-01
1.096085208301789926e+01
-6.229961025808371522e-01
2.599971485137939631e-01
2.398758940398693085e-02
9.991855387610296679e-01
9.524814943936142919e-01
4.796874180607602622e-01
3.079737347326633179e-01
3.564567547407221926e-01
3.487514756113783143e-01
3.087303233852140005e-01
4.739381803926106529e-01
9.967946624551297097e-01
9.567994688639510636e-01
9.790822209278722266e-01
9.571707500781221345e-01
1.000000000000000000e+00
9.783483815024228702e-01
9.442266994323389451e-01
1.000000000000000000e+00
1.000000000000000000e+00
9.622678556081127876e-01
1.000000000000000000e+00
9.633014998674163110e-01
9.461806918711221925e-01
9.810140754758652770e-01
1.000000000000000000e+00
9.944149625539732140e-01
1.093971910521627677e+01
-6.225480507192922008e-01
2.599994111061096347e-01
-3.810648620128631592e-02
9.658483814951041024e-01
9.771239776507366637e-01
3.087051738293357661e-01
2.136800086600353921e-01
3.478977631632504952e-01
2.621227442301836130e-01
3.969899066834122192e-01
4.341399974279043783e-01
9.780908546955107141e-01
1.000000000000000000e+00
1.000000000000000000e+00
1.000000000000000000e+00
9.588146557516126212e-01
1.000000000000000000e+00
9.440328852134708404e-01
1.000000000000000000e+00
9.775013733650200765e-01
1.000000000000000000e+00
9.834533212603165930e-01
9.465431001654316390e-01
9.740841286909717178e-01
9.567168886242969350e-01
9.605843114995250565e-01
9.976240417262661753e-01
1.091851266564577116e+01
-6.208692056702329598e-01
2.599996280670165971e-01
-2.776077203452587128e-02
1.000000000000000000e+00
9.917296094657472860e-01
3.746531768107020377e-01
2.611333898583746427e-01
3.198568082730089412e-01
3.041948224613763019e-01
3.735155381287121878e-01
4.247760599928459002e-01
9.886400438484790332e-01
9.694123761122810379e-01
1.000000000000000000e+00
9.517057358620626406e-01
9.441342246014644557e-01
1.000000000000000000e+00
1.000000000000000000e+00
9.490133360535685236e-01
9.622920634238972815e-01
1.000000000000000000e+00
1.000000000000000000e+00
9.910437810583438978e-01
1.000000000000000000e+00
1.000000000000000000e+00
1.000000000000000000e+00
1.000000000000000000e+00
1.089033391173759746e+01
-6.204604044757625614e-01
2.599969005584716886e-01
4.506481811404228210e-03
9.959152002065939646e-01
9.894346152155633067e-01
3.132272301960081218e-01
2.861435280683506943e-01
3.285206069793354389e-01
3.315953693657356927e-01
3.980461415309566875e-01
3.860309191914123028e-01
1.000000000000000000e+00
1.000000000000000000e+00
9.699068462363479304e-01
1.000000000000000000e+00
1.000000000000000000e+00
9.971980125923108895e-01
9.901749943869140314e-01
1.000000000000000000e+00
1.000000000000000000e+00
1.000000000000000000e+00
9.941753270518652874e-01
9.535692422231856202e-01
1.000000000000000000e+00
9.677275293564591152e-01
9.501063413804028412e-01
9.920824260707812314e-01
1.086922165917229677e+01
-6.214818062864078119e-01
2.599981713294983177e-01
-2.940541133284568787e-03
1.000000000000000000e+00
1.000000000000000000e+00
2.478212190694240591e-01
2.274225299378632159e-01
2.565343061722986095e-01
3.723986248746845584e-01
3.480041234227507774e-01
4.493349215918240880e-01
1.000000000000000000e+00
1.000000000000000000e+00
1.000000000000000000e+00
9.537221204061363533e-01
1.000000000000000000e+00
1.000000000000000000e+00
9.949870157224568468e-01
9.958574526993370091e-01
1.000000000000000000e+00
9.892388415294854909e-01
9.412119270225243195e-01
9.421616645584424132e-01
9.837429749959536451e-01
9.473418796604382575e-01
1.000000000000000000e+00
9.543285201794223793e-01
1.084802759277573969e+01
-6.205660947746107770e-01
2.599990391731262229e-01
-2.967902831733226776e-02
1.000000000000000000e+00
1.000000000000000000e+00
3.161394028257333844e-01
2.469785844310976031e-01
2.711243754107873771e-01
2.809077463578176226e-01
4.144599171019637263e-01
3.826602762175026484e-01
1.000000000000000000e+00
9.943690743673554433e-01
1.000000000000000000e+00
1.000000000000000000e+00
9.675985685746572029e-01
1.000000000000000000e+00
1.000000000000000000e+00
9.447229927593567833e-01
1.000000000000000000e+00
1.000000000000000000e+00
1.000000000000000000e+00
9.920573292028558310e-01
9.957142662922455756e-01
1.000000000000000000e+00
9.765900753286932412e-01
9.965393620559102050e-01
1.082682921211153726e+01
-6.206368142437990176e-01
2.599960327148437833e-01
1.324289664626121521e-02
1.000000000000000000e+00
4.120902006505651194e-01
3.138815146550154034e-01
2.204777535386569232e-01
2.336971472011089013e-01
3.329056185004674040e-01
3.492303436056261035e-01
1.000000000000000000e+00
1.000000000000000000e+00
1.000000000000000000e+00
1.000000000000000000e+00
1.000000000000000000e+00
1.000000000000000000e+00
1.000000000000000000e+00
1.000000000000000000e+00
9.807489430479945369e-01
1.000000000000000000e+00
9.553894126959194821e-01
9.456738508703936841e-01
9.992399854194994324e-01
9.449842973040626370e-01
9.668195629653261181e-01
1.000000000000000000e+00
9.810537009850576196e-01
1.081294030634749603e+01
-6.223898977326899340e-01
2.599968385696411199e-01
2.678425610065460205e-02
1.000000000000000000e+00
4.463166407437960670e-01
3.214062722052349885e-01
3.116924511691804844e-01
2.660046259488182963e-01
2.690182536473030850e-01
3.152116237648569519e-01
9.782962195129357719e-01
9.827366123262560871e-01
1.000000000000000000e+00
1.000000000000000000e+00
1.000000000000000000e+00
1.000000000000000000e+00
9.589983243189618145e-01
9.821671038432093770e-01
1.000000000000000000e+00
9.868731397652888981e-01
1.000000000000000000e+00
9.787041989889629923e-01
9.809423766560684266e-01
1.000000000000000000e+00
1.000000000000000000e+00
9.712578170629271312e-01
1.000000000000000000e+00
1.077087415225683387e+01
-6.283933051526137126e-01
2.599995660781860285e-01
8.362904191017150879e-03
1.000000000000000000e+00
2.365810652108714662e-01
2.479442556171215784e-01
2.248207657949693183e-01
2.277549907357303005e-01
3.174105717738591181e-01
3.343468678612637190e-01
9.763168177805304770e-01
9.774316175054166278e-01
9.481958765266353950e-01
1.000000000000000000e+00
1.000000000000000000e+00
1.000000000000000000e+00
9.725094569341028450e-01
9.662330665126772633e-01
9.945197036743989027e-01
1.000000000000000000e+00
9.878997745853709267e-01
9.936460618652104282e-01
9.958646593125360935e-01
1.000000000000000000e+00
9.556207675340633312e-01
1.000000000000000000e+00
9.665128759901013833e-01
1.074982611438930746e+01
-6.304972191615632049e-01
2.599995970726013406e-01
-1.888069906271994114e-03
9.744515961630672019e-01
3.061672149296342238e-01
3.134346063575161323e-01
2.533397360323937919e-01
3.113761206695704331e-01
3.146365288081446887e-01
3.075363565263839472e-01
1.000000000000000000e+00
1.000000000000000000e+00
9.541744857352693066e-01
9.771399947558446764e-01
1.000000000000000000e+00
1.000000000000000000e+00
9.659925267951561256e-01
1.000000000000000000e+00
1.000000000000000000e+00
1.000000000000000000e+00
9.933327956566245787e-01
1.000000000000000000e+00
1.000000000000000000e+00
9.488672062364681414e-01
9.985378251270567995e-01
1.000000000000000000e+00
9.811013580336297446e-01
1.072903071643321660e+01
-6.337769211483305076e-01
2.599994421005248912e-01
1.191701740026473999e-01
1.000000000000000000e+00
1.959750264502652661e-01
3.074220397927697745e-01
2.889701131091061970e-01
2.720555343628974221e-01
3.799820896261645875e-01
3.292818366280714781e-01
1.000000000000000000e+00
1.000000000000000000e+00
9.936350868168917216e-01
1.000000000000000000e+00
9.470784750942512487e-01
9.528986078375741853e-01
1.000000000000000000e+00
1.000000000000000000e+00
9.662020873624174166e-01
9.568844245173772078e-01
1.000000000000000000e+00
9.532011328364038416e-01
9.699052972223870528e-01
9.934101310210136093e-01
1.000000000000000000e+00
9.566590920154423028e-01
1.000000000000000000e+00
1.070128835558160851e+01
-6.427104077201466481e-01
2.599999380111694403e-01
-4.587280098348855972e-03
9.407151932060423549e-01
2.802910713957950661e-01
2.219356977782830642e-01
3.147330917477294543e-01
3.191126220642500066e-01
2.951437973846230411e-01
3.419518842416093274e-01
1.000000000000000000e+00
1.000000000000000000e+00
9.561491620915836265e-01
1.000000000000000000e+00
9.503077224056125649e-01
9.871066039217207821e-01
9.509695565311645504e-01
9.970352451827894091e-01
9.978786259450478369e-01
9.390570916898652865e-01
9.846679401968054801e-01
1.000000000000000000e+00
1.000000000000000000e+00
9.666796524251344280e-01
9.557727309902740442e-01
9.644342540070571790e-01
1.000000000000000000e+00
1.067355681780503751e+01
-6.440828004495522396e-01
2.599997520446777344e-01
-2.227029763162136078e-03
1.000000000000000000e+00
2.183787164728547836e-01
3.029858339041731630e-01
2.916859954520981679e-01
3.232243994233981454e-01
2.814268118246536221e-01
3.008156095202457192e-01
1.000000000000000000e+00
1.000000000000000000e+00
1.000000000000000000e+00
1.000000000000000000e+00
1.000000000000000000e+00
1.000000000000000000e+00
9.622025787099044436e-01
1.000000000000000000e+00
1.000000000000000000e+00
1.000000000000000000e+00
9.784604030814794129e-01
9.969652977534114724e-01
9.586803715571641238e-01
9.841179786509622884e-01
1.000000000000000000e+00
1.000000000000000000e+00
9.929091236500634521e-01
1.065279223473751991e+01
-6.458755328572132193e-01
2.599999070167541837e-01
3.463216125965118408e-05
2.261345770015148748e-01
2.431558248810669343e-01
3.167589427228017507e-01
3.123485509009321093e-01
2.310153419432566246e-01
3.037787302668973344e-01
2.984796796312502720e-01
1.000000000000000000e+00
9.986559523473659272e-01
1.000000000000000000e+00
1.000000000000000000e+00
9.826997627580356109e-01
1.000000000000000000e+00
9.386793043079907362e-01
1.000000000000000000e+00
9.857160927601061884e-01
1.000000000000000000e+00
9.860126657870436073e-01
9.690945644967788875e-01
1.000000000000000000e+00
1.000000000000000000e+00
1.000000000000000000e+00
1.000000000000000000e+00
1.000000000000000000e+00
1.063217493090941446e+01
-6.487811176569011629e-01
2.599998760223388716e-01
3.271962329745292664e-02
2.573030067496507867e-01
2.077726042710442977e-01
2.135400182780483325e-01
3.235627546746771555e-01
2.930217596107054234e-01
2.986049549999255648e-01
3.739217063204003932e-01
9.982239862633318639e-01
1.000000000000000000e+00
9.837996250531721998e-01
1.000000000000000000e+00
9.548395454157440065e-01
1.000000000000000000e+00
1.000000000000000000e+00
9.765570005361441375e-01
9.537548383081367875e-01
1.000000000000000000e+00
9.514405838876879296e-01
1.000000000000000000e+00
1.000000000000000000e+00
9.979129441380233390e-01
9.925673240380131768e-01
9.469076002043959051e-01
1.000000000000000000e+00
1.060475131607201149e+01
-6.623148993237428783e-01
2.600000000000000089e-01
1.744298338890075684e-01
2.753309803873524864e-01
2.010945893399548046e-01
2.208768451902460572e-01
2.851741803039816170e-01
3.235514713414809895e-01
3.098699786565303760e-01
9.667843042180394031e-01
9.671847306038386938e-01
9.988241739813403797e-01
1.000000000000000000e+00
1.000000000000000000e+00
1.000000000000000000e+00
9.557836400074358751e-01
9.648646232975065518e-01
9.761969203350618907e-01
9.773221821343260896e-01
9.516270727657695216e-01
1.000000000000000000e+00
1.000000000000000000e+00
9.979310890854912186e-01
9.406225570731711061e-01
1.000000000000000000e+00
9.995700693563620565e-01
1.000000000000000000e+00
1.058440929207846004e+01
-6.803338713995874532e-01
2.600000000000000089e-01
1.629770845174789429e-01
2.473159009559569022e-01
2.904736056260487920e-01
2.800645829697002154e-01
3.270048562428716776e-01
2.441467771740224169e-01
2.666852297183647247e-01
1.000000000000000000e+00
9.903368348353632777e-01
1.000000000000000000e+00
1.000000000000000000e+00
9.806095383782243990e-01
1.000000000000000000e+00
1.000000000000000000e+00
9.711318063901017705e-01
1.000000000000000000e+00
9.834346912594941204e-01
9.887667547315024397e-01
1.000000000000000000e+00
1.000000000000000000e+00
1.000000000000000000e+00
1.000000000000000000e+00
1.000000000000000000e+00
1.000000000000000000e+00
9.383187078091966837e-01
1.056430751725884853e+01
-6.925607406208074135e-01
2.600000000000000089e-01
-5.632017739117145538e-03
2.769431097097317385e-01
2.840187849838111123e-01
2.230770067932310863e-01
3.237601106991950806e-01
2.438652602416694903e-01
3.070613725656751725e-01
9.949840549612022356e-01
1.000000000000000000e+00
9.732464040899725388e-01
1.000000000000000000e+00
1.000000000000000000e+00
1.000000000000000000e+00
1.000000000000000000e+00
1.000000000000000000e+00
1.000000000000000000e+00
9.973391506524160732e-01
1.000000000000000000e+00
9.908853315213242974e-01
1.000000000000000000e+00
1.000000000000000000e+00
1.000000000000000000e+00
1.000000000000000000e+00
9.384697177753277275e-01
1.000000000000000000e+00
1.053753859943711113e+01
-6.916219733427861893e-01
2.599999690055847523e-01
-3.812847658991813660e-02
2.390630250991281069e-01
2.062927683078087937e-01
2.829218513450890704e-01
3.169510524784436845e-01
2.999002973155909246e-01
2.963082474963034119e-01
1.000000000000000000e+00
1.000000000000000000e+00
1.000000000000000000e+00
9.444905149078702822e-01
1.000000000000000000e+00
9.538768736014348049e-01
9.509856276342970594e-01
1.000000000000000000e+00
9.467928681158872539e-01
9.991095819164442782e-01
9.995090514340416732e-01
9.585884371209189014e-01
1.000000000000000000e+00
9.425598481244278348e-01
9.786333709675486547e-01
1.000000000000000000e+00
1.000000000000000000e+00
1.000000000000000000e+00
1.051742707131764654e+01
-6.894951075975821464e-01
2.600000000000000089e-01
-3.561468422412872314e-02
2.530543640254964144e-01
2.893712475800199746e-01
2.104934152391977342e-01
3.315630164287958204e-01
2.534084423574969880e-01
2.623945718841668717e-01
9.813068164297537033e-01
9.867464735854165614e-01
1.000000000000000000e+00
9.983140542406027107e-01
9.780532389203502319e-01
9.789166283038512884e-01
1.000000000000000000e+00
9.965123667873523328e-01
1.000000000000000000e+00
9.927089868621707947e-01
1.000000000000000000e+00
1.000000000000000000e+00
9.830275477965877418e-01
9.500696163725308452e-01
9.831850131722633668e-01
1.000000000000000000e+00
1.000000000000000000e+00
1.000000000000000000e+00
1.049069306012520819e+01
-6.885816644038538215e-01
2.599999690055847523e-01
-2.073210291564464569e-02
2.362327272567162073e-01
2.240386513175896821e-01
2.851944152397668519e-01
2.612139870561484556e-01
3.308977433534612267e-01
3.745488671938442815e-01
9.404692617497215634e-01
9.892353098544003354e-01
9.769593584691043109e-01
1.000000000000000000e+00
1.000000000000000000e+00
9.915384554812879392e-01
1.000000000000000000e+00
1.000000000000000000e+00
1.000000000000000000e+00
9.818402745857449654e-01
9.887802018650028169e-01
9.444506408006855258e-01
9.482042358479679800e-01
9.433931505948588425e-01
1.000000000000000000e+00
1.000000000000000000e+00
9.534057355057585781e-01
9.932755979324364715e-01
1.047067367396568116e+01
-6.885935698882732492e-01
2.600000000000000089e-01
-1.178576052188873291e-02
2.098956579720480942e-01
3.059079630772266190e-01
2.734780098225940148e-01
2.320203925238168430e-01
2.612144393837378398e-01
3.353219424365359580e-01
9.872510127562242888e-01
9.398795575357821175e-01
9.712855659528377705e-01
1.000000000000000000e+00
9.514984275921271051e-01
1.000000000000000000e+00
9.404866058370899840e-01
9.486176851950018918e-01
1.000000000000000000e+00
1.000000000000000000e+00
9.681278689161810780e-01
1.000000000000000000e+00
1.000000000000000000e+00
1.000000000000000000e+00
1.000000000000000000e+00
9.575407230390232671e-01
1.000000000000000000e+00
9.485082552277953605e-01
1.045059015450100048e+01
-6.882339342417123085e-01
2.600000000000000089e-01
-2.136015333235263824e-02
2.617168419900030574e-01
2.204757246808795312e-01
2.903430872111275596e-01
3.174696704842075445e-01
3.550513531604920225e-01
9.589978661240757818e-01
1.000000000000000000e+00
1.000000000000000000e+00
1.000000000000000000e+00
1.000000000000000000e+00
9.827908624793966208e-01
1.000000000000000000e+00
9.671974414179095314e-01
9.814219193900504123e-01
9.512536730698697429e-01
9.406258301135089761e-01
9.603292082904529847e-01
9.667493583592235984e-01
1.000000000000000000e+00
9.944714421013329808e-01
9.853512084766056223e-01
9.981427607061263974e-01
9.440678685644147139e-01
1.000000000000000000e+00
1.043043082303466562e+01
-6.878129537562107654e-01
2.599999690055847523e-01
-1.696889288723468781e-02
2.082740626040503751e-01
3.103914298115522108e-01
1.975765779641762698e-01
3.242197631820545878e-01
3.018862288824813445e-01
9.966993894380181684e-01
9.462340970382515648e-01
9.726352848400978690e-01
9.579245645788524444e-01
9.665352802499764806e-01
9.662808734443780745e-01
9.591866509571727040e-01
1.000000000000000000e+00
1.000000000000000000e+00
1.000000000000000000e+00
9.763794248308260704e-01
1.000000000000000000e+00
1.000000000000000000e+00
9.848445546612923929e-01
1.000000000000000000e+00
9.660157922307542888e-01
1.000000000000000000e+00
1.000000000000000000e+00
9.744320586349694002e-01
1.040358323643525296e+01
-6.842390160664336696e-01
2.599996280670165971e-01
-1.241927295923233032e-01
2.661542439199599541e-01
2.082003974524528900e-01
3.125168644911924254e-01
3.228660571538735091e-01
3.417442475263542390e-01
1.000000000000000000e+00
1.000000000000000000e+00
1.000000000000000000e+00
9.431421096138169480e-01
1.000000000000000000e+00
9.555090733541231618e-01
9.959838981902761068e-01
9.784029266037607142e-01
1.000000000000000000e+00
1.000000000000000000e+00
1.000000000000000000e+00
9.886736065399457374e-01
1.000000000000000000e+00
9.596985894926385319e-01
9.437374772190533223e-01
1.000000000000000000e+00
9.395595834399542712e-01
1.000000000000000000e+00
9.444654133607047752e-01
1.037644719040824803e+01
-6.738151427815715078e-01
2.599997520446777344e-01
-7.966965436935424805e-02
2.497983512097934344e-01
2.623896305848942845e-01
3.185008919981964226e-01
2.455869205899948171e-01
2.440374967817122709e-01
9.530146221988597954e-01
1.000000000000000000e+00
1.000000000000000000e+00
1.000000000000000000e+00
9.865796350174923512e-01
1.000000000000000000e+00
1.000000000000000000e+00
9.816005824948762504e-01
1.000000000000000000e+00
1.000000000000000000e+00
1.000000000000000000e+00
1.000000000000000000e+00
1.000000000000000000e+00
9.499460507991355218e-01
1.000000000000000000e+00
9.730995743731928327e-01
9.898206257395333330e-01
9.934843448521715192e-01
9.545910433311503018e-01
1.035595500537423597e+01
-6.651006390515408206e-01
2.599996900558471657e-01
-1.126791164278984070e-01
2.823006911217193493e-01
2.244653943646262029e-01
2.548929267896363204e-01
3.230772843900335256e-01
3.217224985453962516e-01
1.000000000000000000e+00
9.888452512764155378e-01
9.437039525160216824e-01
9.882722404085632073e-01
9.413595668889115364e-01
9.615608946107191413e-01
1.000000000000000000e+00
1.000000000000000000e+00
9.536062899496291489e-01
1.000000000000000000e+00
1.000000000000000000e+00
1.000000000000000000e+00
9.700293122779083399e-01
1.000000000000000000e+00
1.000000000000000000e+00
9.888904547147111534e-01
9.989866398108383505e-01
1.000000000000000000e+00
1.000000000000000000e+00
1.033536372839137840e+01
-6.571936730042025054e-01
2.599994730949402033e-01
-9.595642983913421631e-02
3.215429230680531547e-01
2.751293988048609807e-01
3.166877619937993882e-01
2.662200783839639984e-01
3.073847015606431254e-01
9.882927654161662856e-01
1.000000000000000000e+00
9.524616507121510534e-01
9.703762911215912945e-01
9.869836536180874864e-01
9.507683362730314780e-01
9.918366591388316778e-01
1.000000000000000000e+00
9.887733269073820663e-01
1.000000000000000000e+00
1.000000000000000000e+00
1.000000000000000000e+00
1.000000000000000000e+00
1.000000000000000000e+00
9.942128649066949153e-01
1.000000000000000000e+00
1.000000000000000000e+00
9.947359231384167444e-01
9.934046530259766916e-01
1.031471486012391736e+01
-6.498546926512049904e-01
2.599997210502624778e-01
-8.179307729005813599e-02
3.089699563822055906e-01
2.846842025183193292e-01
2.219821421493226588e-01
2.282341584259257039e-01
2.754596831535302548e-01
9.575025176561295925e-01
9.430958178290949068e-01
9.497775325371481392e-01
1.000000000000000000e+00
9.595439298606455170e-01
1.000000000000000000e+00
9.920419152663116913e-01
9.837153775735372196e-01
9.928609641054634283e-01
1.000000000000000000e+00
9.746835043922233988e-01
9.477395119695538606e-01
9.859302197361100584e-01
9.657642716181145115e-01
1.000000000000000000e+00
1.000000000000000000e+00
9.741518468180361268e-01
9.778492147001053292e-01
1.000000000000000000e+00
1.028701564304033411e+01
-6.391631025675227340e-01
2.599997210502624778e-01
-1.015867367386817932e-01
2.754933387829315294e-01
2.739386398317184557e-01
3.133854149550331369e-01
2.209388352772747033e-01
3.260065389377234668e-01
1.000000000000000000e+00
9.676008034751185649e-01
9.745032230754236968e-01
1.000000000000000000e+00
1.000000000000000000e+00
9.689571173079596367e-01
9.659004592696840419e-01
1.000000000000000000e+00
1.000000000000000000e+00
1.000000000000000000e+00
1.000000000000000000e+00
9.537957938387398027e-01
1.000000000000000000e+00
1.000000000000000000e+00
1.000000000000000000e+00
1.000000000000000000e+00
9.903487666611784368e-01
1.000000000000000000e+00
9.961057545472792318e-01
1.026599042613212376e+01
-6.317048038616743799e-01
2.599997830390930464e-01
-8.197193592786788940e-02
2.065895788805666711e-01
2.039518179209058590e-01
1.937538300743596731e-01
2.856502382210984736e-01
2.814345731485663471e-01
1.000000000000000000e+00
9.714320019568554176e-01
1.000000000000000000e+00
9.558564373005900006e-01
9.487592627606943330e-01
1.000000000000000000e+00
9.887703194866508394e-01
9.489390264355501703e-01
9.769063211778539202e-01
9.981246223576086818e-01
1.000000000000000000e+00
9.918897155622833361e-01
1.000000000000000000e+00
1.000000000000000000e+00
9.991779205094800664e-01
9.787814866423547588e-01
9.762073948581911909e-01
9.473155537788249259e-01
1.000000000000000000e+00
1.024493313116499671e+01
-6.255859708985584966e-01
2.599997520446777344e-01
-8.411116898059844971e-02
2.077452004528422547e-01
2.858889570031503680e-01
1.858586455752721245e-01
2.662854158831716722e-01
9.672561813637032824e-01
1.000000000000000000e+00
9.901060330135103005e-01
9.402912728673475939e-01
1.000000000000000000e+00
9.863032982211210609e-01
9.931624510729569755e-01
9.514462225254838312e-01
9.756291388021069988e-01
9.433465953782780300e-01
1.000000000000000000e+00
9.695808397371100673e-01
9.890302723258027617e-01
1.000000000000000000e+00
1.000000000000000000e+00
9.772454363695191049e-01
1.000000000000000000e+00
9.835278364764831194e-01
9.967793437714860261e-01
9.737951139513597587e-01
1.021689215109489979e+01
-6.189825481623042469e-01
2.599998450279236151e-01
-2.869098074734210968e-02
2.273138380707466211e-01
1.989749223653649313e-01
2.487452136037111572e-01
2.813593938815922013e-01
1.000000000000000000e+00
1.000000000000000000e+00
9.440823978226550173e-01
9.821773693085588119e-01
9.444652586061408339e-01
9.814174882396774491e-01
9.462697534986854730e-01
9.938095385506109380e-01
1.000000000000000000e+00
9.622261342670187512e-01
1.000000000000000000e+00
9.534318977681575102e-01
9.535013523082576103e-01
9.473423288123231645e-01
1.000000000000000000e+00
9.691882940282493530e-01
1.000000000000000000e+00
9.870467309832541281e-01
1.000000000000000000e+00
1.000000000000000000e+00
1.019555988189713425e+01
-6.094310997609256875e-01
2.599999690055847523e-01
-1.114010810852050781e-01
3.102138332789710629e-01
2.834776079060217779e-01
1.978536509271637545e-01
2.427806792294478211e-01
9.929616597689436830e-01
1.000000000000000000e+00
1.000000000000000000e+00
9.511652411583683131e-01
9.976931209493454800e-01
1.000000000000000000e+00
9.798192829947992566e-01
9.513035189469707387e-01
9.927724256958547766e-01
9.700805415620986638e-01
9.656380760309811739e-01
9.609714354431143635e-01
9.428123200065983145e-01
1.000000000000000000e+00
1.000000000000000000e+00
9.450631702448123450e-01
1.000000000000000000e+00
1.000000000000000000e+00
1.000000000000000000e+00
1.000000000000000000e+00
1.016682436142360935e+01
-5.990878586067482914e-01
2.599999690055847523e-01
-9.189052134752273560e-02
2.798947180594154038e-01
3.082687099300584488e-01
2.602570861557482185e-01
3.155738190405932841e-01
9.446341567509426440e-01
9.467689804649527252e-01
1.000000000000000000e+00
9.708068395977285103e-01
9.618882875355287965e-01
9.756063149163314296e-01
1.000000000000000000e+00
9.956703373983841754e-01
1.000000000000000000e+00
9.958723866914598322e-01
1.000000000000000000e+00
1.000000000000000000e+00
1.000000000000000000e+00
9.694964728152193345e-01
1.000000000000000000e+00
1.000000000000000000e+00
1.000000000000000000e+00
9.485158999068251662e-01
9.397940552523372792e-01
1.000000000000000000e+00
1.014527647201898120e+01
-5.913452392708440364e-01
2.599999380111694403e-01
-1.200924217700958252e-01
2.098936485772429916e-01
3.109337847986637926e-01
3.133662474418303368e-01
2.029735527027612674e-01
1.000000000000000000e+00
1.000000000000000000e+00
1.000000000000000000e+00
9.796554690004021237e-01
9.769408168039140916e-01
1.000000000000000000e+00
1.000000000000000000e+00
1.000000000000000000e+00
1.000000000000000000e+00
9.909331859432182199e-01
9.900836618676231993e-01
1.000000000000000000e+00
1.000000000000000000e+00
1.000000000000000000e+00
9.505028295143083117e-01
1.000000000000000000e+00
9.565191436405292569e-01
1.000000000000000000e+00
1.000000000000000000e+00
9.712716351802025416e-01
1.012356351936871590e+01
-5.794771072507740595e-01
2.599999690055847523e-01
-1.443282365798950195e-01
3.001260566304976840e-01
2.975978460300368611e-01
1.869797514064418242e-01
2.897162315956477996e-01
9.776203292042300319e-01
9.828441975127886199e-01
9.653756158012758437e-01
1.000000000000000000e+00
1.000000000000000000e+00
1.000000000000000000e+00
1.000000000000000000e+00
9.828788976496664054e-01
9.580411994100883621e-01
1.000000000000000000e+00
9.886621423256695129e-01
1.000000000000000000e+00
1.000000000000000000e+00
1.000000000000000000e+00
9.753837698309200110e-01
1.000000000000000000e+00
9.444079072309029543e-01
9.474350492815746261e-01
9.376897822641938607e-01
9.382246223204483426e-01
1.009434964150575276e+01
-5.635603470458169229e-01
2.599999380111694403e-01
-1.198995634913444519e-01
2.805551185350365073e-01
2.299405979666303279e-01
2.876677135426240484e-01
2.033612952502121540e-01
1.000000000000000000e+00
1.000000000000000000e+00
1.000000000000000000e+00
1.000000000000000000e+00
1.000000000000000000e+00
9.755288164229964920e-01
1.000000000000000000e+00
1.000000000000000000e+00
9.701740196802790539e-01
1.000000000000000000e+00
1.000000000000000000e+00
9.800503307348283899e-01
9.959915863947970127e-01
1.000000000000000000e+00
1.000000000000000000e+00
1.000000000000000000e+00
9.717424477360692148e-01
1.000000000000000000e+00
1.000000000000000000e+00
1.000000000000000000e+00
1.006486949492579619e+01
-5.486787225676815760e-01
2.599999690055847523e-01
-1.351613402366638184e-01
2.476088036102760126e-01
2.169790960477837038e-01
2.053608069285518811e-01
2.857947592041463203e-01
9.384391503709902382e-01
9.545526655825360418e-01
1.000000000000000000e+00
9.748060406349995377e-01
1.000000000000000000e+00
1.000000000000000000e+00
1.000000000000000000e+00
1.000000000000000000e+00
1.000000000000000000e+00
1.000000000000000000e+00
1.000000000000000000e+00
9.984246651847872300e-01
9.805998485052953573e-01
1.000000000000000000e+00
9.648920407084672357e-01
1.000000000000000000e+00
1.000000000000000000e+00
1.000000000000000000e+00
9.728521394083003981e-01
1.000000000000000000e+00
1.004263935850578271e+01
-5.372152667909245727e-01
2.599999380111694403e-01
-1.032405197620391846e-01
2.428193256412381762e-01
1.972897719137198524e-01
2.004020108622866503e-01
2.819697871128959421e-01
1.000000000000000000e+00
1.000000000000000000e+00
9.707157456474327928e-01
1.000000000000000000e+00
1.000000000000000000e+00
1.000000000000000000e+00
9.740684327004315302e-01
9.621887710370149449e-01
9.595313243262948433e-01
9.774407033963529168e-01
1.000000000000000000e+00
1.000000000000000000e+00
1.000000000000000000e+00
1.000000000000000000e+00
9.629125536268369201e-01
1.000000000000000000e+00
9.763146969036929912e-01
1.000000000000000000e+00
1.000000000000000000e+00
1.000000000000000000e+00
1.002019989006845080e+01
-5.286284812839130431e-01
2.599999690055847523e-01
-8.997908979654312134e-02
2.994804975472710740e-01
1.754919225436759878e-01
1.779090440240832793e-01
9.457442609073535289e-01
9.867527145075059014e-01
1.000000000000000000e+00
9.813630282486618395e-01
9.947721879756123986e-01
9.403220462886532349e-01
1.000000000000000000e+00
1.000000000000000000e+00
1.000000000000000000e+00
1.000000000000000000e+00
9.638494007352859105e-01
1.000000000000000000e+00
1.000000000000000000e+00
1.000000000000000000e+00
9.839872643566767163e-01
9.992914812835104188e-01
9.888564204190773976e-01
1.000000000000000000e+00
1.000000000000000000e+00
1.000000000000000000e+00
1.000000000000000000e+00
9.990026682317813211e+00
-5.198425948391766083e-01
2.599999690055847523e-01
-8.089522272348403931e-02
2.617975551681020474e-01
2.317708841494150462e-01
2.571345334583219899e-01
9.702189334698917422e-01
1.000000000000000000e+00
1.000000000000000000e+00
9.581530997273157713e-01
1.000000000000000000e+00
9.433575516773589076e-01
1.000000000000000000e+00
1.000000000000000000e+00
1.000000000000000000e+00
9.505126203931490991e-01
1.000000000000000000e+00
1.000000000000000000e+00
9.922090396699559944e-01
1.000000000000000000e+00
9.939461764851696968e-01
1.000000000000000000e+00
9.718835174476152527e-01
1.000000000000000000e+00
1.000000000000000000e+00
1.000000000000000000e+00
9.909557429751149060e-01
9.967281150482405039e+00
-5.097275472530382601e-01
2.599998760223388716e-01
-1.369191110134124756e-01
2.159490406688059638e-01
1.790079330963994242e-01
1.946890317013658112e-01
1.000000000000000000e+00
9.516192328288007873e-01
1.000000000000000000e+00
1.000000000000000000e+00
9.502022735206762105e-01
1.000000000000000000e+00
9.676641758245738689e-01
1.000000000000000000e+00
1.000000000000000000e+00
9.678666875833379368e-01
9.644019427187199289e-01
1.000000000000000000e+00
9.799127631482963396e-01
1.000000000000000000e+00
9.550753991593455838e-01
1.000000000000000000e+00
1.000000000000000000e+00
9.775279610578665457e-01
9.742306087279561932e-01
9.809608608675116637e-01
9.595160108258674603e-01
9.944425808590514393e+00
-4.960116777371817998e-01
2.599997520446777344e-01
-1.428313106298446655e-01
2.751436973939915265e-01
1.812651535012176907e-01
1.882192020509262098e-01
9.508817136510814283e-01
1.000000000000000000e+00
9.617984449855592199e-01
1.000000000000000000e+00
1.000000000000000000e+00
1.000000000000000000e+00
9.555062353848075007e-01
1.000000000000000000e+00
1.000000000000000000e+00
9.909363723824292647e-01
9.513300082164702909e-01
9.902160188999931112e-01
1.000000000000000000e+00
1.000000000000000000e+00
1.000000000000000000e+00
1.000000000000000000e+00
1.000000000000000000e+00
9.804261293137931377e-01
9.532174892925661114e-01
9.949236791588917939e-01
1.000000000000000000e+00
9.921475202725677178e+00
-4.840944782404662527e-01
2.599997830390930464e-01
-1.123253777623176575e-01
2.338975691469103446e-01
1.748924223788706767e-01
2.802329400273856352e-01
1.000000000000000000e+00
9.879768076129552545e-01
1.000000000000000000e+00
9.440779322015598884e-01
1.000000000000000000e+00
9.525967904368940475e-01
9.585491707870950062e-01
9.994452355897547324e-01
1.000000000000000000e+00
9.862021264317839542e-01
1.000000000000000000e+00
9.440202755024735826e-01
9.652112366959132439e-01
9.515149167534353580e-01
9.748642416392298005e-01
9.873358207939070263e-01
1.000000000000000000e+00
1.000000000000000000e+00
1.000000000000000000e+00
9.648155794924758721e-01
1.000000000000000000e+00
9.890676519740008388e+00
-4.703888770064008629e-01
2.599998760223388716e-01
-1.242137551307678223e-01
2.817114560757052466e-01
2.295142322957630099e-01
9.763337575367103671e-01
1.000000000000000000e+00
1.000000000000000000e+00
9.675828517898290571e-01
9.787439784756924999e-01
9.747099826487708452e-01
9.388041071964305928e-01
1.000000000000000000e+00
9.660837383456609695e-01
9.400820503017912610e-01
1.000000000000000000e+00
9.932697656125784036e-01
9.706545302599459690e-01
1.000000000000000000e+00
9.401796406968468967e-01
1.000000000000000000e+00
1.000000000000000000e+00
9.390544537952607573e-01
9.968540071908277289e-01
1.000000000000000000e+00
1.000000000000000000e+00
1.000000000000000000e+00
9.867277492790154980e+00
-4.598966185561359499e-01
2.599995970726013406e-01
-1.134384796023368835e-01
2.508566589593044793e-01
2.288007770541644337e-01
1.000000000000000000e+00
9.747775007777937928e-01
9.657736377597470057e-01
9.926349184066427522e-01
9.774857005118654518e-01
9.952455426660515858e-01
9.823579254613673539e-01
1.000000000000000000e+00
1.000000000000000000e+00
1.000000000000000000e+00
1.000000000000000000e+00
1.000000000000000000e+00
1.000000000000000000e+00
9.432242632461698140e-01
1.000000000000000000e+00
9.768244308148332777e-01
9.995732121878558862e-01
1.000000000000000000e+00
9.852356897486963527e-01
9.477292365627475457e-01
9.510204325322592078e-01
1.000000000000000000e+00
9.836228901925151646e+00
-4.411944052969802854e-01
2.599966835975647261e-01
-2.235994488000869751e-01
2.604864508696698167e-01
2.452497896297212432e-01
1.000000000000000000e+00
9.641182607743985500e-01
9.638896488174185651e-01
1.000000000000000000e+00
1.000000000000000000e+00
9.658142883891349673e-01
9.440937902331324461e-01
1.000000000000000000e+00
9.938856403199748391e-01
9.957222574825125294e-01
1.000000000000000000e+00
1.000000000000000000e+00
9.983045728398683982e-01
1.000000000000000000e+00
9.999834362870470006e-01
1.000000000000000000e+00
9.820297330781885270e-01
1.000000000000000000e+00
9.765270217667627595e-01
1.000000000000000000e+00
1.000000000000000000e+00
9.409964254252347615e-01
9.812544755929936358e+00
-4.241279389744240236e-01
2.599971795082092196e-01
-1.591785550117492676e-01
1.838512633899888893e-01
2.463014864788697633e-01
1.000000000000000000e+00
9.451165384755906285e-01
9.665011200923245838e-01
1.000000000000000000e+00
9.859064419193253048e-01
9.478980272843033905e-01
1.000000000000000000e+00
9.553832615071923273e-01
9.520475660740707058e-01
9.844747241874560739e-01
9.967186132748484528e-01
1.000000000000000000e+00
9.460443894954462252e-01
9.678304025778530217e-01
9.834679859310997418e-01
9.380707184934319320e-01
1.000000000000000000e+00
1.000000000000000000e+00
9.625219534511576525e-01
9.575159757191470389e-01
1.000000000000000000e+00
9.772236644049870913e-01
9.788591772938181279e+00
-4.070877014265409377e-01
2.599974894523620628e-01
-1.936882734298706055e-01
1.770796717625535699e-01
2.760750466098915168e-01
4.522758439830400490e-01
9.970399938064300471e-01
9.798210831684103228e-01
1.000000000000000000e+00
9.952864565740007219e-01
9.805892989282892769e-01
1.000000000000000000e+00
1.000000000000000000e+00
1.000000000000000000e+00
1.000000000000000000e+00
1.000000000000000000e+00
9.789212229753435635e-01
1.000000000000000000e+00
1.000000000000000000e+00
1.000000000000000000e+00
1.000000000000000000e+00
1.000000000000000000e+00
9.513712620966555678e-01
1.000000000000000000e+00
1.000000000000000000e+00
1.000000000000000000e+00
1.000000000000000000e+00
9.756101264638367354e+00
-3.861155390888212358e-01
2.599948239326477228e-01
-1.251692622900009155e-01
2.838335692794767828e-01
1.779304198654114433e-01
4.780418340727903836e-01
9.640530480496646293e-01
1.000000000000000000e+00
9.441028502152247759e-01
1.000000000000000000e+00
1.000000000000000000e+00
9.531171154820500258e-01
1.000000000000000000e+00
9.722085663721308224e-01
9.496121688043477338e-01
9.428296445740763643e-01
9.820695382035624643e-01
1.000000000000000000e+00
9.934741458284793714e-01
1.000000000000000000e+00
1.000000000000000000e+00
1.000000000000000000e+00
1.000000000000000000e+00
9.596111312837890539e-01
9.511788132774920967e-01
9.446469290868787505e-01
1.000000000000000000e+00
9.731988679599712810e+00
-3.739855207270516013e-01
2.599993491172790661e-01
-1.327326148748397827e-01
2.652852483749463253e-01
1.874820935412987999e-01
4.645184750838772247e-01
9.417281508432552295e-01
9.454882597953829793e-01
9.592942699341209245e-01
9.754338379966125405e-01
1.000000000000000000e+00
1.000000000000000000e+00
9.632084801972089494e-01
1.000000000000000000e+00
9.724136659967042018e-01
1.000000000000000000e+00
9.918254278836531324e-01
1.000000000000000000e+00
9.502529551975353872e-01
1.000000000000000000e+00
9.757648097283436739e-01
1.000000000000000000e+00
1.000000000000000000e+00
1.000000000000000000e+00
9.758191681408646678e-01
1.000000000000000000e+00
1.000000000000000000e+00
9.707653662104414494e+00
-3.614402511637017090e-01
2.599996280670165971e-01
-1.340580582618713379e-01
2.745747271544292656e-01
1.745826117859606286e-01
5.266338418508220709e-01
1.000000000000000000e+00
1.000000000000000000e+00
1.000000000000000000e+00
1.000000000000000000e+00
1.000000000000000000e+00
1.000000000000000000e+00
9.876999603278890927e-01
9.752609894864582296e-01
1.000000000000000000e+00
1.000000000000000000e+00
9.782865835634320106e-01
9.848997875343618036e-01
9.915066512122023834e-01
1.000000000000000000e+00
1.000000000000000000e+00
9.684590903861682865e-01
1.000000000000000000e+00
9.846392970054852478e-01
9.773069712864923542e-01
1.000000000000000000e+00
1.000000000000000000e+00
9.675006737149809410e+00
-3.460965381911400574e-01
2.599995040893554599e-01
-1.146098375320434570e-01
2.143542244955076725e-01
2.731765620279030804e-01
5.159726594109996789e-01
1.000000000000000000e+00
1.000000000000000000e+00
9.985714718112215227e-01
1.000000000000000000e+00
9.992121890989070776e-01
1.000000000000000000e+00
1.000000000000000000e+00
9.579935126598455586e-01
1.000000000000000000e+00
1.000000000000000000e+00
9.692455150191746638e-01
9.492343153808493472e-01
9.749422738759129237e-01
1.000000000000000000e+00
9.995949789414152464e-01
1.000000000000000000e+00
1.000000000000000000e+00
9.890733548446071222e-01
9.885272991502371820e-01
9.939386288645424283e-01
1.000000000000000000e+00
9.650463859157948576e+00
-3.353034194510273736e-01
2.599993181228637540e-01
-1.283745020627975464e-01
2.271225597728409595e-01
2.803302766786338607e-01
1.000000000000000000e+00
9.973479948619935476e-01
9.887257662427545446e-01
9.669914529049279395e-01
9.648135811646628701e-01
1.000000000000000000e+00
9.629055262976189411e-01
9.975734211847970823e-01
9.981920322081886399e-01
1.000000000000000000e+00
9.388916868074249633e-01
1.000000000000000000e+00
9.441090473516109416e-01
1.000000000000000000e+00
1.000000000000000000e+00
1.000000000000000000e+00
9.517261448789725575e-01
9.729604489747171181e-01
1.000000000000000000e+00
1.000000000000000000e+00
1.000000000000000000e+00
1.000000000000000000e+00
9.617704406515199977e+00
-3.188781409101910658e-01
2.599992251396179288e-01
-1.274872273206710815e-01
2.006539284572004811e-01
2.445736829714387495e-01
1.000000000000000000e+00
1.000000000000000000e+00
9.644448454999682285e-01
1.000000000000000000e+00
1.000000000000000000e+00
9.879462854410606676e-01
9.578540554430963194e-01
1.000000000000000000e+00
9.684672542307606324e-01
1.000000000000000000e+00
1.000000000000000000e+00
9.735311816088131343e-01
1.000000000000000000e+00
9.801911160274153767e-01
1.000000000000000000e+00
1.000000000000000000e+00
1.000000000000000000e+00
9.869497654001093689e-01
1.000000000000000000e+00
9.549296775650445435e-01
1.000000000000000000e+00
9.638129905943629838e-01
9.592836391124192730e+00
-3.070241780193132541e-01
2.599952578544617032e-01
-1.211790293455123901e-01
2.235925368165566918e-01
2.896685831270958689e-01
9.431983563926470415e-01
9.996905815979743037e-01
1.000000000000000000e+00
1.000000000000000000e+00
9.782970826038986933e-01
9.936046115148745583e-01
1.000000000000000000e+00
1.000000000000000000e+00
1.000000000000000000e+00
9.391113708143578043e-01
9.626532490278150167e-01
9.922870011146348590e-01
1.000000000000000000e+00
1.000000000000000000e+00
9.651851736186856101e-01
1.000000000000000000e+00
1.000000000000000000e+00
1.000000000000000000e+00
1.000000000000000000e+00
1.000000000000000000e+00
1.000000000000000000e+00
9.645838522949015115e-01
9.559449579324418522e+00
-2.928780327891681301e-01
2.599942970275879173e-01
-1.184962913393974304e-01
1.625950547811053359e-01
2.495228378423959559e-01
1.000000000000000000e+00
9.644491222203483982e-01
1.000000000000000000e+00
1.000000000000000000e+00
1.000000000000000000e+00
1.000000000000000000e+00
9.764073641590638175e-01
9.887126736225113621e-01
9.835162807272064267e-01
1.000000000000000000e+00
1.000000000000000000e+00
1.000000000000000000e+00
9.565767663017757938e-01
1.000000000000000000e+00
9.553382765649608421e-01
1.000000000000000000e+00
9.591497270055839852e-01
9.873678186855654459e-01
9.391907495893289104e-01
9.878376844850839111e-01
9.482118112596090720e-01
1.000000000000000000e+00
9.534536440488915687e+00
-2.821832496581840877e-01
2.599968075752258634e-01
-1.069906949996948242e-01
2.669893333432788451e-01
3.155719793120154160e-01
9.560990390560524244e-01
1.000000000000000000e+00
1.000000000000000000e+00
9.659919621555578262e-01
9.833205215989812009e-01
1.000000000000000000e+00
9.914490477494488641e-01
1.000000000000000000e+00
9.431428493237324906e-01
9.380268264660570621e-01
9.801370667767919098e-01
1.000000000000000000e+00
9.490533520110563392e-01
1.000000000000000000e+00
1.000000000000000000e+00
1.000000000000000000e+00
9.952949677425175778e-01
1.000000000000000000e+00
9.974327071584700999e-01
1.000000000000000000e+00
1.000000000000000000e+00
9.984657053405362470e-01
9.509462692345071133e+00
-2.714543189133186152e-01
2.599938011169433683e-01
-1.106490939855575562e-01
2.044589412437847475e-01
3.351983641613782150e-01
9.559808757219322439e-01
9.888944178310840050e-01
9.459033838482860945e-01
1.000000000000000000e+00
1.000000000000000000e+00
9.422137703197552838e-01
1.000000000000000000e+00
9.652186791694579160e-01
9.756896875837356431e-01
9.737903524417086398e-01
1.000000000000000000e+00
9.555440219744751884e-01
9.800934141791052268e-01
9.376176725765901221e-01
1.000000000000000000e+00
9.398669788444381501e-01
9.701701707673262565e-01
1.000000000000000000e+00
9.491658827184262792e-01
9.563520975914135969e-01
1.000000000000000000e+00
1.000000000000000000e+00
9.475969384406825569e+00
-2.589173390134318353e-01
2.599976134300232000e-01
-9.086319059133529663e-02
2.594127155551637087e-01
4.102801701622449393e-01
1.000000000000000000e+00
9.721163404803393471e-01
1.000000000000000000e+00
9.937427353820471598e-01
9.925418220668994485e-01
1.000000000000000000e+00
9.863819187767133290e-01
1.000000000000000000e+00
9.495281840755628311e-01
9.702234287085172992e-01
9.764281185565542032e-01
1.000000000000000000e+00
1.000000000000000000e+00
9.984841446310367408e-01
1.000000000000000000e+00
1.000000000000000000e+00
1.000000000000000000e+00
1.000000000000000000e+00
1.000000000000000000e+00
1.000000000000000000e+00
9.955974507954471475e-01
1.000000000000000000e+00
9.442401893076569408e+00
-2.473246647331314163e-01
2.599972414970397883e-01
-1.030363962054252625e-01
2.441821015178466114e-01
3.009638987732567439e-01
9.454575635344223405e-01
1.000000000000000000e+00
9.436769073059135815e-01
9.835335544925394302e-01
9.381081533021499164e-01
1.000000000000000000e+00
1.000000000000000000e+00
1.000000000000000000e+00
1.000000000000000000e+00
9.549026261482876921e-01
9.971437644784243437e-01
1.000000000000000000e+00
1.000000000000000000e+00
1.000000000000000000e+00
1.000000000000000000e+00
9.613598956360778214e-01
9.518909692293721081e-01
1.000000000000000000e+00
1.000000000000000000e+00
9.774476939102464401e-01
1.000000000000000000e+00
1.000000000000000000e+00
9.408531326820991580e+00
-2.348524632900128584e-01
2.599985122680664174e-01
-8.080807328224182129e-02
3.347758568840552007e-01
3.304034513623235747e-01
9.874236069516795222e-01
9.526991469257665157e-01
1.000000000000000000e+00
1.000000000000000000e+00
1.000000000000000000e+00
9.998788392209080333e-01
9.679965283579222701e-01
1.000000000000000000e+00
1.000000000000000000e+00
9.673033557974241026e-01
9.376165988911889793e-01
1.000000000000000000e+00
9.816803758012017100e-01
9.646396769161548201e-01
9.528793596814002509e-01
1.000000000000000000e+00
1.000000000000000000e+00
1.000000000000000000e+00
9.841384616192773160e-01
9.741567835922818608e-01
9.887207908900583764e-01
1.000000000000000000e+00
9.383206935870624932e+00
-2.266525159967776037e-01
2.599980163574218683e-01
-9.440699964761734009e-02
2.993034546949123742e-01
3.802090814555967868e-01
9.454440797484366943e-01
9.451915977706907279e-01
9.822012444701982981e-01
9.862747973877101781e-01
9.692795312437277877e-01
9.841949392971561794e-01
1.000000000000000000e+00
9.838946472437072321e-01
1.000000000000000000e+00
1.000000000000000000e+00
9.672099761137512575e-01
9.564713260796614547e-01
9.373326620727627789e-01
1.000000000000000000e+00
1.000000000000000000e+00
1.000000000000000000e+00
1.000000000000000000e+00
9.690622179514815082e-01
1.000000000000000000e+00
1.000000000000000000e+00
1.000000000000000000e+00
9.490094848685227680e-01
9.349417898995008969e+00
-2.176169476148985815e-01
2.599982023239135742e-01
-6.494027376174926758e-02
2.365482334337656312e-01
3.874097853144845005e-01
9.544871494764832764e-01
1.000000000000000000e+00
1.000000000000000000e+00
9.644980998403808181e-01
1.000000000000000000e+00
9.767282308574568583e-01
9.950359436763497323e-01
9.695727779755550779e-01
1.000000000000000000e+00
9.595308579111109237e-01
1.000000000000000000e+00
1.000000000000000000e+00
9.468267335105865490e-01
1.000000000000000000e+00
9.699207035422584555e-01
1.000000000000000000e+00
9.439120434102773460e-01
1.000000000000000000e+00
1.000000000000000000e+00
9.704638883306014874e-01
9.834619378768201248e-01
1.000000000000000000e+00
9.323978610451563398e+00
-2.106888187061416451e-01
2.599989151954650857e-01
-7.494600117206573486e-02
2.480883812924767895e-01
4.285436061700454990e-01
9.374567413832023410e-01
1.000000000000000000e+00
1.000000000000000000e+00
9.418814668526512834e-01
9.657585315227316114e-01
1.000000000000000000e+00
9.990566193265816297e-01
9.788999912186616692e-01
9.848852399017086201e-01
1.000000000000000000e+00
9.708418873955328987e-01
9.686448386453372361e-01
1.000000000000000000e+00
9.609100260032744645e-01
1.000000000000000000e+00
9.607525789655443349e-01
9.829781677874576129e-01
9.442595672280026387e-01
1.000000000000000000e+00
1.000000000000000000e+00
1.000000000000000000e+00
9.914641122686767005e-01
9.298480654389377875e+00
-2.029310138309962097e-01
2.599985432624816739e-01
-7.821754366159439087e-02
3.591823778302128400e-01
3.984462470862163985e-01
1.000000000000000000e+00
9.417101662511219162e-01
9.739479161451531919e-01
1.000000000000000000e+00
1.000000000000000000e+00
1.000000000000000000e+00
1.000000000000000000e+00
9.423524734041349715e-01
9.540407415039586780e-01
1.000000000000000000e+00
9.909708447366443185e-01
9.528143186205746407e-01
1.000000000000000000e+00
1.000000000000000000e+00
9.394374611294338262e-01
9.650625458719869210e-01
1.000000000000000000e+00
9.713567642131722968e-01
1.000000000000000000e+00
1.000000000000000000e+00
1.000000000000000000e+00
1.000000000000000000e+00
9.264601486556179211e+00
-1.947853405416865025e-01
2.599991011619567916e-01
-6.350657343864440918e-02
3.046236036316436468e-01
3.720735389749681987e-01
1.000000000000000000e+00
1.000000000000000000e+00
9.894482301863075646e-01
1.000000000000000000e+00
1.000000000000000000e+00
1.000000000000000000e+00
1.000000000000000000e+00
9.634399995410957152e-01
9.881334002626880331e-01
1.000000000000000000e+00
1.000000000000000000e+00
1.000000000000000000e+00
1.000000000000000000e+00
1.000000000000000000e+00
1.000000000000000000e+00
9.460592284178492850e-01
9.942417319236580564e-01
1.000000000000000000e+00
1.000000000000000000e+00
1.000000000000000000e+00
1.000000000000000000e+00
1.000000000000000000e+00
9.239009562955644128e+00
-1.899929852890037685e-01
2.599989151954650857e-01
-5.405207350850105286e-02
2.942694074360843737e-01
4.162400855496384833e-01
9.659220935006421760e-01
1.000000000000000000e+00
9.973510801880192123e-01
9.746744826638398251e-01
9.400454445811006199e-01
1.000000000000000000e+00
9.599755562504427298e-01
9.430064028437780133e-01
9.947181855856106480e-01
9.733438850070460502e-01
1.000000000000000000e+00
9.471264005540945830e-01
1.000000000000000000e+00
9.993843466560555777e-01
9.552805161629654984e-01
1.000000000000000000e+00
1.000000000000000000e+00
1.000000000000000000e+00
9.678026485327800854e-01
1.000000000000000000e+00
1.000000000000000000e+00
1.000000000000000000e+00
9.213430174040594167e+00
-1.842891355625285721e-01
2.599990081787109664e-01
-5.686424672603607178e-02
3.332356033856503918e-01
4.880137905015202171e-01
9.384057755894318342e-01
1.000000000000000000e+00
9.900098711182238054e-01
1.000000000000000000e+00
9.911971225775687566e-01
1.000000000000000000e+00
1.000000000000000000e+00
9.800995224102350134e-01
1.000000000000000000e+00
9.404188891509666082e-01
1.000000000000000000e+00
9.827701392961875060e-01
1.000000000000000000e+00
9.490308013555897038e-01
9.675247228683735434e-01
1.000000000000000000e+00
1.000000000000000000e+00
1.000000000000000000e+00
9.809152678140431458e-01
1.000000000000000000e+00
1.000000000000000000e+00
9.752853958919918131e-01
9.179191830609747527e+00
-1.783224287679263664e-01
2.599990701675415350e-01
-3.984286263585090637e-02
4.063766728241754445e-01
3.976447657753329201e-01
9.575133683637920834e-01
9.383549906513374284e-01
9.710184622024300438e-01
1.000000000000000000e+00
9.701539414563615793e-01
9.623549597836662528e-01
9.687046801148631037e-01
1.000000000000000000e+00
9.886290831827139192e-01
1.000000000000000000e+00
9.405726514054152387e-01
9.700606283638725236e-01
1.000000000000000000e+00
1.000000000000000000e+00
9.725341276573298277e-01
1.000000000000000000e+00
9.831154691097433451e-01
9.676286336448438608e-01
1.000000000000000000e+00
9.515391596303617305e-01
1.000000000000000000e+00
9.567656470545065073e-01
9.153585582004211574e+00
-1.738954397336475166e-01
2.599993801116943226e-01
-6.025339663028717041e-02
3.134909024765772934e-01
4.724593054143028104e-01
1.000000000000000000e+00
9.382157041806916675e-01
9.759920906876449198e-01
1.000000000000000000e+00
1.000000000000000000e+00
1.000000000000000000e+00
9.387773636186684811e-01
1.000000000000000000e+00
1.000000000000000000e+00
1.000000000000000000e+00
1.000000000000000000e+00
9.830985712624334960e-01
9.609643805308640818e-01
1.000000000000000000e+00
9.646694893834785178e-01
9.921471691558209072e-01
9.554672737979678088e-01
9.642581848542283174e-01
1.000000000000000000e+00
9.540663109368734407e-01
1.000000000000000000e+00
9.693654482836912001e-01
9.127869056751611865e+00
-1.686641453922405054e-01
2.599992561340331854e-01
-5.651146173477172852e-02
4.281321473205546013e-01
4.922880291371758976e-01
9.817835380076715968e-01
1.000000000000000000e+00
1.000000000000000000e+00
1.000000000000000000e+00
1.000000000000000000e+00
1.000000000000000000e+00
1.000000000000000000e+00
1.000000000000000000e+00
9.828829219101311576e-01
9.537127466042598645e-01
1.000000000000000000e+00
1.000000000000000000e+00
9.860873674733084959e-01
9.885579575896563664e-01
9.982546401842110617e-01
9.662222419987013255e-01
9.468697917991503177e-01
1.000000000000000000e+00
9.381280897071323510e-01
1.000000000000000000e+00
1.000000000000000000e+00
9.874774116367859289e-01
9.093754102313400978e+00
-1.608212690978653159e-01
2.599993491172790661e-01
-5.849880352616310120e-02
3.679524501057830355e-01
9.398338428705577119e-01
9.377874589724231047e-01
9.913423052690832904e-01
9.565381580238644377e-01
1.000000000000000000e+00
9.829194000354827265e-01
9.631168401411428492e-01
1.000000000000000000e+00
9.756854406134162216e-01
1.000000000000000000e+00
9.736858943386154097e-01
1.000000000000000000e+00
9.424778514279631425e-01
9.948938370914748308e-01
9.928800355386870891e-01
9.992835728430957687e-01
9.930638776968274684e-01
9.740197382343996901e-01
1.000000000000000000e+00
9.927435704907037195e-01
9.572542668313237524e-01
9.378447874803045314e-01
9.605859468302292425e-01
9.068131610887157024e+00
-1.565713494010182449e-01
2.599995970726013406e-01
-4.543962702155113220e-02
3.480556259252040596e-01
1.000000000000000000e+00
9.508599318318970983e-01
1.000000000000000000e+00
1.000000000000000000e+00
9.705447764540842126e-01
9.589273594243393761e-01
1.000000000000000000e+00
9.682398789017639951e-01
1.000000000000000000e+00
1.000000000000000000e+00
9.740099606207740512e-01
9.680206976265955943e-01
9.877523708644615485e-01
1.000000000000000000e+00
1.000000000000000000e+00
1.000000000000000000e+00
1.000000000000000000e+00
9.404793477849290317e-01
9.807362716811489634e-01
1.000000000000000000e+00
9.604623919916327468e-01
9.530149328018595600e-01
9.705838917648906827e-01
9.042403796319383957e+00
-1.529247802722452088e-01
2.599999380111694403e-01
-4.319117963314056396e-02
4.348203016001911947e-01
1.000000000000000000e+00
9.652110759318166533e-01
1.000000000000000000e+00
9.610847459804224835e-01
9.630836998027406670e-01
9.938685100098746394e-01
1.000000000000000000e+00
9.834263350926611968e-01
1.000000000000000000e+00
9.979877784379509453e-01
1.000000000000000000e+00
9.666583305135517667e-01
1.000000000000000000e+00
1.000000000000000000e+00
1.000000000000000000e+00
1.000000000000000000e+00
1.000000000000000000e+00
1.000000000000000000e+00
9.753499393315283594e-01
9.632135763322781097e-01
1.000000000000000000e+00
1.000000000000000000e+00
1.000000000000000000e+00
9.008117008215069887e+00
-1.471165387843241801e-01
2.599999690055847523e-01
-4.619840532541275024e-02
3.509787879333882699e-01
1.000000000000000000e+00
1.000000000000000000e+00
9.471646553899608634e-01
1.000000000000000000e+00
9.896057494118817299e-01
1.000000000000000000e+00
1.000000000000000000e+00
1.000000000000000000e+00
1.000000000000000000e+00
9.575968475285201453e-01
1.000000000000000000e+00
1.000000000000000000e+00
9.481277400740700800e-01
1.000000000000000000e+00
9.424400577782037214e-01
1.000000000000000000e+00
1.000000000000000000e+00
9.998754378273942978e-01
1.000000000000000000e+00
9.601618187824539907e-01
9.637037078527400658e-01
9.796218653718883340e-01
9.833087868479435389e-01
8.982421929076961575e+00
-1.438225367592222970e-01
2.599999690055847523e-01
-2.911152504384517670e-02
3.600654777851267641e-01
9.806179248491065925e-01
9.813939345411506476e-01
1.000000000000000000e+00
9.699584742194081732e-01
1.000000000000000000e+00
1.000000000000000000e+00
1.000000000000000000e+00
1.000000000000000000e+00
1.000000000000000000e+00
9.582898510222310762e-01
9.768405069793429929e-01
9.496836966278114911e-01
9.439840247108487459e-01
1.000000000000000000e+00
9.795276995872196357e-01
9.976731390856758974e-01
1.000000000000000000e+00
9.571198491720470658e-01
1.000000000000000000e+00
1.000000000000000000e+00
1.000000000000000000e+00
1.000000000000000000e+00
9.510555859732818806e-01
8.947960679756405966e+00
-1.406301744792759489e-01
2.599999690055847523e-01
-3.161226958036422729e-02
4.193987155525767951e-01
9.545475958756286516e-01
9.728574394429246874e-01
1.000000000000000000e+00
1.000000000000000000e+00
1.000000000000000000e+00
1.000000000000000000e+00
9.848052028644849187e-01
1.000000000000000000e+00
9.915749251173576750e-01
9.493280408348535593e-01
9.598587940205778324e-01
9.543191367408196957e-01
9.961924352089938095e-01
9.869385097896689052e-01
9.956193447729059232e-01
1.000000000000000000e+00
9.811233558225821438e-01
1.000000000000000000e+00
1.000000000000000000e+00
9.564711923444285668e-01
9.899978099247851437e-01
9.683386169845453750e-01
9.562192645894320719e-01
8.922122005739460349e+00
-1.379328926227564311e-01
2.599999070167541837e-01
-3.208752349019050598e-02
4.406711411194234040e-01
1.000000000000000000e+00
9.831055501640630911e-01
1.000000000000000000e+00
1.000000000000000000e+00
1.000000000000000000e+00
1.000000000000000000e+00
9.682171794002052412e-01
9.666083628000871064e-01
9.748401548258278648e-01
1.000000000000000000e+00
1.000000000000000000e+00
1.000000000000000000e+00
1.000000000000000000e+00
1.000000000000000000e+00
9.533977350444090559e-01
1.000000000000000000e+00
9.410938572506751809e-01
1.000000000000000000e+00
9.931667627009365118e-01
1.000000000000000000e+00
1.000000000000000000e+00
9.901655096429664571e-01
9.999979747959928389e-01
8.887868580335965163e+00
-1.334889044528243529e-01
2.599999380111694403e-01
-3.494347631931304932e-02
4.013484263533549368e-01
9.981881598693748137e-01
1.000000000000000000e+00
9.872311299165758003e-01
1.000000000000000000e+00
9.633505449137266252e-01
1.000000000000000000e+00
9.502414452549567958e-01
9.381632963279542547e-01
9.423905204700470106e-01
9.654185229918786915e-01
1.000000000000000000e+00
9.416011612356015581e-01
9.976649144070781627e-01
9.785589658747614328e-01
9.631099182112139445e-01
9.586673681364851207e-01
1.000000000000000000e+00
9.723960415399748314e-01
9.909875077944141353e-01
9.961877756604378131e-01
1.000000000000000000e+00
9.835243695830995225e-01
1.000000000000000000e+00
8.862154578643361091e+00
-1.311447253927049417e-01
2.599999690055847523e-01
-2.591999992728233337e-02
4.480556058634959649e-01
1.000000000000000000e+00
1.000000000000000000e+00
9.607945847123771088e-01
9.807554968987233224e-01
1.000000000000000000e+00
1.000000000000000000e+00
9.780622844501171143e-01
1.000000000000000000e+00
9.870619532323777756e-01
1.000000000000000000e+00
1.000000000000000000e+00
9.642354131235553183e-01
9.428446955824910658e-01
9.683514850122564299e-01
1.000000000000000000e+00
1.000000000000000000e+00
1.000000000000000000e+00
9.568610515424589291e-01
9.822066049977420388e-01
1.000000000000000000e+00
9.952079530994641932e-01
9.861369242964385107e-01
1.000000000000000000e+00
8.836348417980136816e+00
-1.293884776068294773e-01
2.599999380111694403e-01
-2.158568054437637329e-02
9.422114054383072812e-01
1.000000000000000000e+00
1.000000000000000000e+00
9.964771953498049450e-01
9.545640109956465835e-01
1.000000000000000000e+00
9.600527045435692797e-01
9.573679862845815292e-01
1.000000000000000000e+00
1.000000000000000000e+00
1.000000000000000000e+00
1.000000000000000000e+00
9.697593451991862734e-01
9.811630692786409424e-01
9.564441465411108734e-01
9.754283515330407495e-01
1.000000000000000000e+00
1.000000000000000000e+00
9.501653045849643986e-01
9.460093353805926197e-01
1.000000000000000000e+00
9.629359895053263285e-01
1.000000000000000000e+00
1.000000000000000000e+00
8.801949941114241227e+00
-1.270054208120769967e-01
2.599999380111694403e-01
-1.730244420468807220e-02
1.000000000000000000e+00
1.000000000000000000e+00
9.984243469016036432e-01
9.867545903533184726e-01
9.988853726191001536e-01
9.693557099415063272e-01
1.000000000000000000e+00
1.000000000000000000e+00
1.000000000000000000e+00
9.648831928030967564e-01
1.000000000000000000e+00
9.796274415596896157e-01
9.461453522903553459e-01
9.607043390695922946e-01
9.851458934488138697e-01
1.000000000000000000e+00
9.825881882496780850e-01
1.000000000000000000e+00
9.522664729512919646e-01
1.000000000000000000e+00
9.881411510923386876e-01
9.565068818367513659e-01
9.455475996410767081e-01
1.000000000000000000e+00
8.776320575127767754e+00
-1.219094731128874676e-01
2.599999690055847523e-01
-9.227329492568969727e-02
1.000000000000000000e+00
9.924367673739284967e-01
9.412649321264411340e-01
1.000000000000000000e+00
9.614334032681688402e-01
9.491652514106968530e-01
1.000000000000000000e+00
1.000000000000000000e+00
1.000000000000000000e+00
9.540673294409998118e-01
1.000000000000000000e+00
1.000000000000000000e+00
9.934195793058535617e-01
9.864057690312663107e-01
9.455340600280514041e-01
9.785264580695408609e-01
9.615156001179709921e-01
1.000000000000000000e+00
1.000000000000000000e+00
9.538855331328986997e-01
1.000000000000000000e+00
9.557286417158474823e-01
9.680950776640179223e-01
1.000000000000000000e+00
8.741633593428877802e+00
-1.056194989714391852e-01
2.599999690055847523e-01
-1.399667114019393921e-01
1.000000000000000000e+00
1.000000000000000000e+00
1.000000000000000000e+00
9.679708534535713671e-01
9.946541535322380723e-01
1.000000000000000000e+00
1.000000000000000000e+00
1.000000000000000000e+00
9.540682953476237182e-01
9.473026029748202737e-01
1.000000000000000000e+00
9.614916005398363996e-01
1.000000000000000000e+00
1.000000000000000000e+00
1.000000000000000000e+00
1.000000000000000000e+00
9.445597541673295128e-01
1.000000000000000000e+00
9.455581855680831316e-01
9.865888518829225573e-01
1.000000000000000000e+00
1.000000000000000000e+00
1.000000000000000000e+00
1.000000000000000000e+00
8.715599427916107089e+00
-9.568601469498794199e-02
2.600000000000000089e-01
-8.237546682357788086e-02
1.000000000000000000e+00
9.625562973469126149e-01
9.703300304740345439e-01
1.000000000000000000e+00
1.000000000000000000e+00
9.801583899868692162e-01
1.000000000000000000e+00
9.943906369613301210e-01
9.675003025118262823e-01
1.000000000000000000e+00
9.442023118413588323e-01
1.000000000000000000e+00
1.000000000000000000e+00
1.000000000000000000e+00
9.744628958855655609e-01
9.876338881167746608e-01
9.483429145479398414e-01
9.766582225627666869e-01
9.928327093011741766e-01
9.725491456726697015e-01
9.646930764889175558e-01
9.925043919389519020e-01
9.764580761313846891e-01
9.741371136701807432e-01
8.689645874063518960e+00
-8.765511401346748332e-02
2.599999690055847523e-01
-8.839932084083557129e-02
9.843943676189980119e-01
9.705336879543533524e-01
9.412537899216593118e-01
1.000000000000000000e+00
9.660953497887903030e-01
9.895904896684246665e-01
1.000000000000000000e+00
1.000000000000000000e+00
9.463579403983517491e-01
1.000000000000000000e+00
9.656475810678488703e-01
9.901678660518309361e-01
9.495571165473665198e-01
9.983577622628463377e-01
1.000000000000000000e+00
9.680834282747995401e-01
1.000000000000000000e+00
9.898313230330126888e-01
1.000000000000000000e+00
9.853080286783327812e-01
1.000000000000000000e+00
1.000000000000000000e+00
1.000000000000000000e+00
9.639960012731293437e-01
8.655240412786834980e+00
-7.798457773420819361e-02
2.599999690055847523e-01
-7.106864452362060547e-02
9.843352503030108336e-01
9.973812537045813054e-01
1.000000000000000000e+00
9.580761645665312187e-01
1.000000000000000000e+00
1.000000000000000000e+00
9.866234702594012251e-01
9.539895819628726459e-01
9.660020133846162205e-01
9.704983114763765517e-01
1.000000000000000000e+00
9.801005315528129591e-01
9.536085962517583114e-01
9.378266705602130715e-01
9.622859444964974029e-01
1.000000000000000000e+00
1.000000000000000000e+00
1.000000000000000000e+00
9.596948185055023117e-01
1.000000000000000000e+00
9.751589008990153573e-01
1.000000000000000000e+00
1.000000000000000000e+00
1.000000000000000000e+00
8.629264867635239256e+00
-7.355811385735699925e-02
2.599999690055847523e-01
-3.346101194620132446e-02
9.412352974234208247e-01
9.496212486450229529e-01
9.527361984502455972e-01
1.000000000000000000e+00
9.391931417823820016e-01
1.000000000000000000e+00
1.000000000000000000e+00
9.931448220112368830e-01
1.000000000000000000e+00
1.000000000000000000e+00
1.000000000000000000e+00
1.000000000000000000e+00
9.462279608179278156e-01
1.000000000000000000e+00
1.000000000000000000e+00
1.000000000000000000e+00
1.000000000000000000e+00
9.848543708809380792e-01
1.000000000000000000e+00
1.000000000000000000e+00
1.000000000000000000e+00
1.000000000000000000e+00
9.687463728201025637e-01
9.740288145339023318e-01
8.603214717226698838e+00
-7.046985517596282556e-02
2.599999380111694403e-01
-3.301011398434638977e-02
9.569578106967735476e-01
9.698738029906820435e-01
1.000000000000000000e+00
9.702786558490591462e-01
9.923123073861319643e-01
1.000000000000000000e+00
9.820398120157592947e-01
9.672454192322844646e-01
9.975036448640957065e-01
1.000000000000000000e+00
1.000000000000000000e+00
1.000000000000000000e+00
1.000000000000000000e+00
1.000000000000000000e+00
9.653874002535686172e-01
1.000000000000000000e+00
1.000000000000000000e+00
1.000000000000000000e+00
1.000000000000000000e+00
1.000000000000000000e+00
1.000000000000000000e+00
1.000000000000000000e+00
1.000000000000000000e+00
9.650260833489801016e-01
8.551436415888494125e+00
-6.607562278160084013e-02
2.599999380111694403e-01
-8.010208606719970703e-03
9.767553619195398218e-01
1.000000000000000000e+00
9.719560934827278231e-01
1.000000000000000000e+00
1.000000000000000000e+00
1.000000000000000000e+00
9.823114151379156445e-01
1.000000000000000000e+00
1.000000000000000000e+00
9.737928183139891170e-01
1.000000000000000000e+00
1.000000000000000000e+00
1.000000000000000000e+00
1.000000000000000000e+00
9.740571713260021136e-01
9.834827738705851363e-01
9.887070130628784481e-01
1.000000000000000000e+00
9.439799766297169992e-01
1.000000000000000000e+00
1.000000000000000000e+00
9.858389078494073088e-01
9.570854729533456728e-01
9.786407140219710588e-01
8.525466370083210066e+00
-6.515339283824150840e-02
2.599999690055847523e-01
-1.179423648864030838e-02
9.528434037166071402e-01
1.000000000000000000e+00
1.000000000000000000e+00
9.505035917465848305e-01
1.000000000000000000e+00
1.000000000000000000e+00
1.000000000000000000e+00
9.406198142486977831e-01
9.860078755699134279e-01
9.878798683360233701e-01
9.625737862840725301e-01
9.696592481853502088e-01
9.843832522670136198e-01
9.691565689432657393e-01
9.407286758392622295e-01
9.928909387678407361e-01
9.983939408447791708e-01
1.000000000000000000e+00
9.418795787971181444e-01
9.462437326965396078e-01
1.000000000000000000e+00
9.566905403517468320e-01
1.000000000000000000e+00
1.000000000000000000e+00
8.499418127797962796e+00
-6.352410157372578858e-02
2.599999690055847523e-01
-2.202659659087657928e-02
9.983450627775122266e-01
9.601507699270429574e-01
9.380574316853511618e-01
1.000000000000000000e+00
1.000000000000000000e+00
9.942322584553826559e-01
9.549281219180109082e-01
1.000000000000000000e+00
9.839946728706490120e-01
1.000000000000000000e+00
9.661342816754679985e-01
9.524212602905188785e-01
9.899013790496987708e-01
1.000000000000000000e+00
9.926789217512165253e-01
1.000000000000000000e+00
1.000000000000000000e+00
1.000000000000000000e+00
9.377320599679871416e-01
1.000000000000000000e+00
9.567154545155605039e-01
1.000000000000000000e+00
9.881458484151407484e-01
9.412353583258017409e-01
8.473523251129805089e+00
-6.179500995336539848e-02
2.599999690055847523e-01
-2.055062726140022278e-02
9.511523569038161652e-01
1.000000000000000000e+00
1.000000000000000000e+00
9.918665840201997819e-01
9.639431031649606796e-01
9.459946818840349048e-01
1.000000000000000000e+00
9.709534306217052491e-01
9.374815847033619587e-01
1.000000000000000000e+00
9.662639062878158880e-01
1.000000000000000000e+00
9.494307479317318776e-01
9.793790012121311728e-01
1.000000000000000000e+00
1.000000000000000000e+00
1.000000000000000000e+00
1.000000000000000000e+00
9.738689729348565249e-01
9.812063349361339615e-01
9.403740368564534879e-01
1.000000000000000000e+00
1.000000000000000000e+00
1.000000000000000000e+00
8.439066187161941457e+00
-5.911354205454788513e-02
2.599999690055847523e-01
-2.186314202845096588e-02
9.635284465255604669e-01
1.000000000000000000e+00
9.527770329126272753e-01
9.889151909321700629e-01
1.000000000000000000e+00
9.746619506741432959e-01
1.000000000000000000e+00
9.614933185721069586e-01
1.000000000000000000e+00
1.000000000000000000e+00
1.000000000000000000e+00
9.510047662751552888e-01
1.000000000000000000e+00
9.601422619503887645e-01
1.000000000000000000e+00
1.000000000000000000e+00
9.689483016253817027e-01
9.513827285504647957e-01
9.404042876901284043e-01
1.000000000000000000e+00
9.980781139395797918e-01
1.000000000000000000e+00
9.386960457826610815e-01
9.899221608977718523e-01
8.413045358038450772e+00
-5.735378519047873436e-02
2.599999380111694403e-01
-1.667054556310176849e-02
1.000000000000000000e+00
9.869617872170101114e-01
9.819657035185752614e-01
9.751909503863011031e-01
9.982480753157103592e-01
9.659100084078657833e-01
9.717586874356750615e-01
1.000000000000000000e+00
9.413164875213742011e-01
9.646570933023168593e-01
9.920657734375017966e-01
1.000000000000000000e+00
9.915427495553220671e-01
9.849610778899743346e-01
1.000000000000000000e+00
1.000000000000000000e+00
9.534357202368292095e-01
1.000000000000000000e+00
1.000000000000000000e+00
9.577684547529766723e-01
9.515476634864532546e-01
1.000000000000000000e+00
1.000000000000000000e+00
1.000000000000000000e+00
8.378232638568308133e+00
-5.546876035387560133e-02
2.599999690055847523e-01
-2.083034068346023560e-02
1.000000000000000000e+00
1.000000000000000000e+00
1.000000000000000000e+00
1.000000000000000000e+00
1.000000000000000000e+00
1.000000000000000000e+00
9.553040064815885302e-01
9.466600282387360732e-01
9.464785734816768548e-01
1.000000000000000000e+00
9.787570434206934733e-01
1.000000000000000000e+00
9.780716542632370558e-01
1.000000000000000000e+00
9.784673342031009469e-01
9.887314955461190547e-01
9.729784712809640412e-01
1.000000000000000000e+00
1.000000000000000000e+00
9.870939345312051971e-01
9.585936819341205339e-01
1.000000000000000000e+00
9.662509540397358210e-01
1.000000000000000000e+00
8.352355665009792318e+00
-5.322360167061679359e-02
2.599999690055847523e-01
-2.410097792744636536e-02
1.000000000000000000e+00
1.000000000000000000e+00
1.000000000000000000e+00
9.660559411555633691e-01
1.000000000000000000e+00
9.627163361249362339e-01
9.490698275661408889e-01
9.532834076836921300e-01
9.597345495153033479e-01
9.769114502040697756e-01
1.000000000000000000e+00
1.000000000000000000e+00
1.000000000000000000e+00
9.402801279259490608e-01
9.890409346901831711e-01
9.751458686284292243e-01
9.589161303864562891e-01
9.398769957897215033e-01
9.663136956309864578e-01
9.784922853247460806e-01
1.000000000000000000e+00
1.000000000000000000e+00
1.000000000000000000e+00
1.000000000000000000e+00
8.326386444182460878e+00
-5.090864954713381074e-02
2.599999690055847523e-01
-2.280708402395248413e-02
9.416696305846639081e-01
1.000000000000000000e+00
9.617543199037703605e-01
1.000000000000000000e+00
9.376835925714032127e-01
1.000000000000000000e+00
9.821503969067771900e-01
1.000000000000000000e+00
9.444760133025054127e-01
9.462062990247702698e-01
9.552016419834957750e-01
9.743021591050269326e-01
1.000000000000000000e+00
1.000000000000000000e+00
9.458218651749715766e-01
9.989296052150224980e-01
1.000000000000000000e+00
1.000000000000000000e+00
9.691182244390649236e-01
9.999213106586930522e-01
1.000000000000000000e+00
1.000000000000000000e+00
9.440000643177924866e-01
1.000000000000000000e+00
8.291731751650702975e+00
-4.834960673032884237e-02
2.599999690055847523e-01
-1.940790750086307526e-02
1.000000000000000000e+00
9.384066988153517697e-01
9.435364751709804931e-01
1.000000000000000000e+00
9.437711613055412840e-01
9.472399035617646845e-01
1.000000000000000000e+00
9.546955689506740894e-01
9.729233881643357673e-01
1.000000000000000000e+00
1.000000000000000000e+00
9.742307362031462636e-01
9.823146425474668098e-01
1.000000000000000000e+00
9.937785109266765726e-01
9.915322636639204434e-01
9.982282625772551654e-01
1.000000000000000000e+00
1.000000000000000000e+00
1.000000000000000000e+00
9.485143151582725585e-01
1.000000000000000000e+00
1.000000000000000000e+00
9.707371174397669833e-01
8.265850880158614800e+00
-4.714977392472008422e-02
2.599999380111694403e-01
-1.303955912590026855e-02
1.000000000000000000e+00
1.000000000000000000e+00
1.000000000000000000e+00
9.656638691647684292e-01
9.441195646588748103e-01
1.000000000000000000e+00
9.813582749003270100e-01
1.000000000000000000e+00
1.000000000000000000e+00
9.603541398466309831e-01
1.000000000000000000e+00
9.807487217777246524e-01
1.000000000000000000e+00
1.000000000000000000e+00
9.399202859085041828e-01
9.746060532500963047e-01
9.378250342125953321e-01
1.000000000000000000e+00
9.701552377666370353e-01
1.000000000000000000e+00
9.762118043012153468e-01
9.728895201739239385e-01
1.000000000000000000e+00
1.000000000000000000e+00
8.239941042205767729e+00
-4.595613243771889955e-02
2.599999380111694403e-01
-1.120868884027004242e-02
9.812700378760317310e-01
1.000000000000000000e+00
1.000000000000000000e+00
9.679216586462713323e-01
1.000000000000000000e+00
1.000000000000000000e+00
1.000000000000000000e+00
1.000000000000000000e+00
1.000000000000000000e+00
9.430411384343829750e-01
1.000000000000000000e+00
1.000000000000000000e+00
9.391715475538744418e-01
9.755267940154217499e-01
1.000000000000000000e+00
1.000000000000000000e+00
9.477124728510337714e-01
9.703545096407746318e-01
9.503699790421606952e-01
9.404679903172412647e-01
9.533348716182145077e-01
9.402441898819217103e-01
1.000000000000000000e+00
9.937154088450063094e-01
8.205336232694492082e+00
-4.446637131266051313e-02
2.599999690055847523e-01
-1.147477608174085617e-02
1.000000000000000000e+00
1.000000000000000000e+00
1.000000000000000000e+00
9.561291831756177917e-01
9.790326070073188669e-01
9.479286663192764140e-01
1.000000000000000000e+00
1.000000000000000000e+00
9.386610953275308367e-01
1.000000000000000000e+00
1.000000000000000000e+00
1.000000000000000000e+00
1.000000000000000000e+00
9.958445147966604738e-01
1.000000000000000000e+00
1.000000000000000000e+00
9.736728961366972745e-01
9.573007889067775000e-01
9.395467604619680557e-01
9.863892608288359343e-01
9.797454768459367136e-01
1.000000000000000000e+00
1.000000000000000000e+00
1.000000000000000000e+00
8.179315416195180433e+00
-4.324272415509800016e-02
2.599999690055847523e-01
-2.105795405805110931e-02
9.656927349236933411e-01
1.000000000000000000e+00
9.902938012391195866e-01
9.585507682358880288e-01
9.759647986250764573e-01
1.000000000000000000e+00
9.613187139641496959e-01
1.000000000000000000e+00
9.588793049705375271e-01
1.000000000000000000e+00
1.000000000000000000e+00
1.000000000000000000e+00
9.763227794555485728e-01
1.000000000000000000e+00
9.974634619702609228e-01
9.418090739914833920e-01
9.845069390459763037e-01
1.000000000000000000e+00
9.506696142176407349e-01
1.000000000000000000e+00
9.824832621636749863e-01
1.000000000000000000e+00
9.697242112638040368e-01
1.000000000000000000e+00
8.153421730764112141e+00
-4.080547202140993868e-02
2.599999690055847523e-01
-2.778136171400547028e-02
9.653646731234937217e-01
1.000000000000000000e+00
1.000000000000000000e+00
1.000000000000000000e+00
1.000000000000000000e+00
1.000000000000000000e+00
9.895123673885671822e-01
9.502409803928276721e-01
9.833216050660232854e-01
1.000000000000000000e+00
1.000000000000000000e+00
9.808801791644181645e-01
1.000000000000000000e+00
9.463481756175123882e-01
9.976816369354278846e-01
9.843409517059459324e-01
1.000000000000000000e+00
9.448958255392712058e-01
1.000000000000000000e+00
9.598419033454027582e-01
9.621002200097911183e-01
1.000000000000000000e+00
1.000000000000000000e+00
9.589452077840416866e-01
8.118626717739527265e+00
-3.826827453066306006e-02
2.599999380111694403e-01
-8.905033580958843231e-03
1.000000000000000000e+00
1.000000000000000000e+00
1.000000000000000000e+00
9.443686742733797823e-01
1.000000000000000000e+00
9.865861380386069523e-01
9.624767064604303757e-01
1.000000000000000000e+00
9.482579237005640538e-01
9.989967617302518699e-01
1.000000000000000000e+00
9.536309761846517574e-01
1.000000000000000000e+00
1.000000000000000000e+00
1.000000000000000000e+00
1.000000000000000000e+00
1.000000000000000000e+00
1.000000000000000000e+00
1.000000000000000000e+00
1.000000000000000000e+00
9.897717250484795448e-01
1.000000000000000000e+00
1.000000000000000000e+00
1.000000000000000000e+00
8.092567073770581487e+00
-3.746448266574509134e-02
2.599999380111694403e-01
-8.366053923964500427e-03
1.000000000000000000e+00
9.595487907492113999e-01
1.000000000000000000e+00
9.432707373316532307e-01
1.000000000000000000e+00
1.000000000000000000e+00
9.780213247190810977e-01
1.000000000000000000e+00
1.000000000000000000e+00
1.000000000000000000e+00
1.000000000000000000e+00
1.000000000000000000e+00
9.671729183252575357e-01
1.000000000000000000e+00
1.000000000000000000e+00
1.000000000000000000e+00
9.603637781830794973e-01
1.000000000000000000e+00
9.873346052737188572e-01
9.663455405278996713e-01
9.429695717059952687e-01
1.000000000000000000e+00
9.581937234093390598e-01
1.000000000000000000e+00
8.066610789656261105e+00
-3.703268381119229069e-02
2.599999690055847523e-01
-1.322395261377096176e-02
1.000000000000000000e+00
9.568068945682407511e-01
9.659270961242715225e-01
1.000000000000000000e+00
1.000000000000000000e+00
9.629986349419498159e-01
9.709145514650544539e-01
1.000000000000000000e+00
9.533217749466978974e-01
1.000000000000000000e+00
9.948901559942785466e-01
9.870630330102408978e-01
9.876100864027348436e-01
1.000000000000000000e+00
9.794204225190163982e-01
1.000000000000000000e+00
1.000000000000000000e+00
1.000000000000000000e+00
9.602290553977012033e-01
1.000000000000000000e+00
9.509245092648672681e-01
1.000000000000000000e+00
9.431518504138578507e-01
9.783016013063748906e-01
8.032155479506167595e+00
-3.504783730535576680e-02
2.599999380111694403e-01
-1.437329873442649841e-02
1.000000000000000000e+00
9.695943813590092164e-01
1.000000000000000000e+00
1.000000000000000000e+00
9.880883134479790941e-01
9.620028189681070208e-01
1.000000000000000000e+00
1.000000000000000000e+00
1.000000000000000000e+00
1.000000000000000000e+00
1.000000000000000000e+00
9.616628078835860460e-01
1.000000000000000000e+00
9.382660241619316110e-01
1.000000000000000000e+00
9.658037055483961186e-01
9.805267747337825801e-01
1.000000000000000000e+00
9.941488344875769601e-01
9.537616714659077344e-01
1.000000000000000000e+00
9.647092442917065691e-01
9.778323120889477194e-01
1.000000000000000000e+00
8.006134155173587175e+00
-3.327628279819738744e-02
2.599999690055847523e-01
-1.849105954170227051e-02
1.000000000000000000e+00
9.939740226424129688e-01
9.458043132280259391e-01
9.956575872927366788e-01
9.754930529934652261e-01
9.951953658452579177e-01
9.633275371206388993e-01
9.794452863917075813e-01
1.000000000000000000e+00
9.540234603866551977e-01
1.000000000000000000e+00
9.741730127177544718e-01
9.973265339178210009e-01
9.467085564986599255e-01
9.687731415639075916e-01
9.397554817933503335e-01
1.000000000000000000e+00
1.000000000000000000e+00
9.790635860211523989e-01
9.754393427905905245e-01
9.675177812068941341e-01
9.684065629813048970e-01
1.000000000000000000e+00
9.798547349065466205e-01
7.980076992260769941e+00
-3.208923909256977680e-02
2.599999380111694403e-01
-1.286094263195991516e-02
1.000000000000000000e+00
1.000000000000000000e+00
9.803125571678364958e-01
9.822665291670302778e-01
1.000000000000000000e+00
9.827426941276012906e-01
1.000000000000000000e+00
1.000000000000000000e+00
9.605317645922071268e-01
9.789141286658901153e-01
1.000000000000000000e+00
9.939975350833398782e-01
9.733261726718664963e-01
1.000000000000000000e+00
1.000000000000000000e+00
1.000000000000000000e+00
1.000000000000000000e+00
1.000000000000000000e+00
1.000000000000000000e+00
1.000000000000000000e+00
1.000000000000000000e+00
9.740719488552737060e-01
9.375546205552289791e-01
9.830570572419858877e-01
7.954175227362166645e+00
-3.140939881388060684e-02
2.599999380111694403e-01
-5.797582212835550308e-03
1.000000000000000000e+00
1.000000000000000000e+00
9.742703062686627336e-01
9.854647632281389180e-01
9.953401923524072270e-01
1.000000000000000000e+00
9.915976891510936975e-01
9.560567235236857586e-01
1.000000000000000000e+00
1.000000000000000000e+00
1.000000000000000000e+00
1.000000000000000000e+00
1.000000000000000000e+00
1.000000000000000000e+00
1.000000000000000000e+00
1.000000000000000000e+00
1.000000000000000000e+00
1.000000000000000000e+00
1.000000000000000000e+00
1.000000000000000000e+00
1.000000000000000000e+00
9.800700599033845828e-01
1.000000000000000000e+00
9.455446665621479729e-01
7.919667289216298478e+00
-2.995498766441506699e-02
2.599999380111694403e-01
-1.436049025505781174e-02
1.000000000000000000e+00
1.000000000000000000e+00
1.000000000000000000e+00
9.376461750039123411e-01
9.725537738600296134e-01
9.644062213990488575e-01
1.000000000000000000e+00
9.482068911242496068e-01
1.000000000000000000e+00
9.556569251884089455e-01
1.000000000000000000e+00
9.572273378117934772e-01
1.000000000000000000e+00
9.437281243786531659e-01
9.941657154994173462e-01
1.000000000000000000e+00
9.390981360935475308e-01
9.984337792488728880e-01
9.893181268280815122e-01
1.000000000000000000e+00
9.714806727614867521e-01
9.861738494560741142e-01
9.616875707703084197e-01
1.000000000000000000e+00
7.893615778424662999e+00
-2.860479452548347901e-02
2.599999690055847523e-01
-9.292368777096271515e-03
1.000000000000000000e+00
1.000000000000000000e+00
1.000000000000000000e+00
1.000000000000000000e+00
9.666412978000532563e-01
1.000000000000000000e+00
1.000000000000000000e+00
1.000000000000000000e+00
1.000000000000000000e+00
1.000000000000000000e+00
9.453910443758912763e-01
1.000000000000000000e+00
9.616741559511605697e-01
1.000000000000000000e+00
1.000000000000000000e+00
9.379974962129221661e-01
1.000000000000000000e+00
1.000000000000000000e+00
1.000000000000000000e+00
1.000000000000000000e+00
9.692686246040826958e-01
1.000000000000000000e+00
9.493084230502369936e-01
1.000000000000000000e+00
7.841709296978288890e+00
-2.771957139030634121e-02
2.599999380111694403e-01
-7.196308579295873642e-03
9.413995813240372268e-01
1.000000000000000000e+00
1.000000000000000000e+00
1.000000000000000000e+00
1.000000000000000000e+00
9.898253497672419021e-01
1.000000000000000000e+00
1.000000000000000000e+00
1.000000000000000000e+00
1.000000000000000000e+00
9.734612293602166178e-01
9.444731485832786877e-01
1.000000000000000000e+00
9.938123231594081508e-01
1.000000000000000000e+00
9.895997272851760895e-01
9.492484308303781315e-01
1.000000000000000000e+00
1.000000000000000000e+00
1.000000000000000000e+00
9.790912855403099968e-01
1.000000000000000000e+00
1.000000000000000000e+00
1.000000000000000000e+00
7.815750363820192170e+00
-2.685998820287149869e-02
2.599999070167541837e-01
-6.916755344718694687e-03
1.000000000000000000e+00
1.000000000000000000e+00
9.639124370769189820e-01
9.633271460078682846e-01
9.407260186859118800e-01
9.926119715716457126e-01
9.724583645678590571e-01
9.878609799925994750e-01
1.000000000000000000e+00
1.000000000000000000e+00
1.000000000000000000e+00
1.000000000000000000e+00
9.617900304730734318e-01
9.657661126400735041e-01
1.000000000000000000e+00
1.000000000000000000e+00
9.484143612096719300e-01
9.423175398677050563e-01
9.728096986441989724e-01
9.887828148803370354e-01
1.000000000000000000e+00
1.000000000000000000e+00
1.000000000000000000e+00
9.499172188318409926e-01
7.780840117632688013e+00
-2.609242251893773012e-02
2.599999380111694403e-01
-4.241971764713525772e-03
1.000000000000000000e+00
9.432332327106541792e-01
1.000000000000000000e+00
1.000000000000000000e+00
1.000000000000000000e+00
1.000000000000000000e+00
1.000000000000000000e+00
9.853414265896630608e-01
9.842514714624159833e-01
1.000000000000000000e+00
9.899016024279605475e-01
9.651400761596827804e-01
9.458546504151128520e-01
1.000000000000000000e+00
9.648476213858659944e-01
1.000000000000000000e+00
1.000000000000000000e+00
1.000000000000000000e+00
9.474782390078120287e-01
1.000000000000000000e+00
1.000000000000000000e+00
1.000000000000000000e+00
9.801290844300227789e-01
1.000000000000000000e+00
7.746351161612622604e+00
-2.604094682070179356e-02
2.599999380111694403e-01
-6.118251942098140717e-03
1.000000000000000000e+00
1.000000000000000000e+00
1.000000000000000000e+00
9.744745534377471374e-01
9.816026341604319194e-01
1.000000000000000000e+00
1.000000000000000000e+00
1.000000000000000000e+00
1.000000000000000000e+00
9.487920723538171286e-01
1.000000000000000000e+00
9.620417404518176729e-01
9.481815990731226051e-01
9.669226674678305100e-01
9.636064239771368056e-01
9.835878468415243381e-01
9.706938611706187325e-01
1.000000000000000000e+00
9.985329419425692521e-01
1.000000000000000000e+00
9.541574841454921740e-01
1.000000000000000000e+00
1.000000000000000000e+00
1.000000000000000000e+00
7.720411486045446026e+00
-2.475393824668692400e-02
2.599998760223388716e-01
-1.458327006548643112e-02
1.000000000000000000e+00
9.934641499349404770e-01
1.000000000000000000e+00
9.681750418889711884e-01
1.000000000000000000e+00
9.778428989683967121e-01
1.000000000000000000e+00
1.000000000000000000e+00
9.639186552265258667e-01
9.892368905446609073e-01
1.000000000000000000e+00
9.564614040195723588e-01
1.000000000000000000e+00
1.000000000000000000e+00
1.000000000000000000e+00
9.878343157036280076e-01
1.000000000000000000e+00
9.575963500582560517e-01
9.397788402788969098e-01
9.703277832843142381e-01
9.699577834084101013e-01
1.000000000000000000e+00
9.466940811354407348e-01
1.000000000000000000e+00
7.685773712562126825e+00
-2.265017171867211854e-02
2.599998760223388716e-01
-1.470374222844839096e-02
9.720290759143886961e-01
9.560885476787196469e-01
9.383875351419310729e-01
9.455412983352214917e-01
9.486514373784514786e-01
1.000000000000000000e+00
1.000000000000000000e+00
9.411057149317689774e-01
1.000000000000000000e+00
9.896638006227506112e-01
1.000000000000000000e+00
1.000000000000000000e+00
1.000000000000000000e+00
1.000000000000000000e+00
1.000000000000000000e+00
9.423459538778838906e-01
1.000000000000000000e+00
9.759409404816646871e-01
9.484054675251695210e-01
9.474521471566887953e-01
9.386884255004448452e-01
9.553275131523353281e-01
9.925987535114072502e-01
9.832275906484129191e-01
7.659777672793876668e+00
-2.165652970719778025e-02
2.599999380111694403e-01
-1.863966695964336395e-02
9.638461454276938678e-01
9.801522732126282111e-01
1.000000000000000000e+00
9.782330115138163640e-01
1.000000000000000000e+00
9.961012723101102528e-01
1.000000000000000000e+00
9.902614679319530211e-01
9.631669782866906226e-01
9.876519284484631678e-01
9.870647590506781421e-01
1.000000000000000000e+00
1.000000000000000000e+00
9.911341086812968104e-01
9.677746945602919704e-01
9.857677054844498077e-01
1.000000000000000000e+00
1.000000000000000000e+00
1.000000000000000000e+00
9.493377903288932051e-01
1.000000000000000000e+00
1.000000000000000000e+00
9.936694179003373595e-01
1.000000000000000000e+00
7.633874965053952799e+00
-2.011642836759175434e-02
2.599999380111694403e-01
-1.288828533142805099e-02
1.000000000000000000e+00
1.000000000000000000e+00
9.699268363471317267e-01
9.392450236926919160e-01
1.000000000000000000e+00
9.863074182344595542e-01
9.835063946604197804e-01
1.000000000000000000e+00
9.391680550711027919e-01
9.761126606869432454e-01
1.000000000000000000e+00
1.000000000000000000e+00
9.746877749110407496e-01
1.000000000000000000e+00
1.000000000000000000e+00
1.000000000000000000e+00
1.000000000000000000e+00
1.000000000000000000e+00
1.000000000000000000e+00
1.000000000000000000e+00
9.766912785062163982e-01
1.000000000000000000e+00
1.000000000000000000e+00
1.000000000000000000e+00
7.607911735441318157e+00
-1.967381764368481001e-02
2.599999380111694403e-01
3.393351100385189056e-03
9.539975803377584995e-01
1.000000000000000000e+00
1.000000000000000000e+00
9.564207351510837229e-01
9.733829226807577673e-01
1.000000000000000000e+00
9.803124849976587729e-01
1.000000000000000000e+00
9.875481421737833942e-01
1.000000000000000000e+00
9.732418294649382018e-01
1.000000000000000000e+00
1.000000000000000000e+00
1.000000000000000000e+00
9.681686967138593003e-01
9.916984510319083457e-01
1.000000000000000000e+00
1.000000000000000000e+00
1.000000000000000000e+00
9.795094435443437719e-01
1.000000000000000000e+00
9.637789041299379411e-01
9.940598266323131815e-01
9.915207713370638443e-01
7.573004883960721578e+00
-2.001148966619059610e-02
2.599999380111694403e-01
2.339778002351522446e-03
9.908317623143146902e-01
9.645153042925861397e-01
1.000000000000000000e+00
9.688531343483076652e-01
1.000000000000000000e+00
9.907916160861851562e-01
9.922904923474064054e-01
1.000000000000000000e+00
1.000000000000000000e+00
1.000000000000000000e+00
9.810185257517181068e-01
9.738821015040913798e-01
1.000000000000000000e+00
1.000000000000000000e+00
9.954025117881318829e-01
9.429826698718002387e-01
1.000000000000000000e+00
9.497263700351722404e-01
9.629241043201099970e-01
1.000000000000000000e+00
9.782769238392604594e-01
1.000000000000000000e+00
1.000000000000000000e+00
9.443484069935715874e-01
7.547057288938914255e+00
-2.105772609093514713e-02
2.599999380111694403e-01
3.618797287344932556e-03
9.981817778112919148e-01
1.000000000000000000e+00
9.422367163949391111e-01
1.000000000000000000e+00
1.000000000000000000e+00
9.271636289531851594e-01
1.000000000000000000e+00
9.466199558336507724e-01
9.769212967080161958e-01
1.000000000000000000e+00
9.545361233231919318e-01
1.000000000000000000e+00
9.834030040247231375e-01
1.000000000000000000e+00
1.000000000000000000e+00
9.635570642819608622e-01
1.000000000000000000e+00
1.000000000000000000e+00
9.515948828172835494e-01
1.000000000000000000e+00
1.000000000000000000e+00
1.000000000000000000e+00
1.000000000000000000e+00
9.596840463825173639e-01
7.512592525321103665e+00
-2.067172457771704330e-02
2.599999380111694403e-01
-4.461908712983131409e-03
9.947553875069768958e-01
1.000000000000000000e+00
9.503156087925620499e-01
9.841147670468181063e-01
9.586740801532055434e-01
9.395506962015912622e-01
1.000000000000000000e+00
1.000000000000000000e+00
1.000000000000000000e+00
1.000000000000000000e+00
9.489163694027312745e-01
9.917911662149636598e-01
9.876791821218452450e-01
9.547235790200013783e-01
9.549396968577746891e-01
1.000000000000000000e+00
1.000000000000000000e+00
9.684409216608177440e-01
9.489841402524287206e-01
9.732652513004677042e-01
1.000000000000000000e+00
1.000000000000000000e+00
1.000000000000000000e+00
9.846844796237185227e-01
7.486565322069310469e+00
-2.041994615905151633e-02
2.599999380111694403e-01
9.255248005501925945e-04
9.641298945458692815e-01
9.824087287335999674e-01
1.000000000000000000e+00
9.922606324932224942e-01
1.000000000000000000e+00
9.265303541608232996e-01
1.000000000000000000e+00
9.395175769968439061e-01
9.523908348651138889e-01
9.765550198977480667e-01
9.401754995664112213e-01
9.467652880099233226e-01
1.000000000000000000e+00
1.000000000000000000e+00
9.459101825480161763e-01
1.000000000000000000e+00
1.000000000000000000e+00
1.000000000000000000e+00
1.000000000000000000e+00
1.000000000000000000e+00
1.000000000000000000e+00
1.000000000000000000e+00
1.000000000000000000e+00
1.000000000000000000e+00
7.460567462889177826e+00
-2.047324937867578409e-02
2.599999380111694403e-01
-2.005510777235031128e-02
1.000000000000000000e+00
1.000000000000000000e+00
1.000000000000000000e+00
1.000000000000000000e+00
9.326966622386007044e-01
9.964288523516666718e-01
1.000000000000000000e+00
1.000000000000000000e+00
9.425703104117978404e-01
9.655569998020715472e-01
1.000000000000000000e+00
1.000000000000000000e+00
9.721095179427396982e-01
9.380955096903363932e-01
1.000000000000000000e+00
9.466622836051918899e-01
1.000000000000000000e+00
9.812846514669260056e-01
1.000000000000000000e+00
9.763719784787111555e-01
1.000000000000000000e+00
9.555331031413391019e-01
9.632945686605060009e-01
1.000000000000000000e+00
7.434713993434221457e+00
-1.969305007992083745e-02
2.599999070167541837e-01
2.018146775662899017e-02
9.647551094660389293e-01
1.000000000000000000e+00
9.508722522104832153e-01
9.419339595834292922e-01
9.770118259622904144e-01
9.529907816385946306e-01
1.000000000000000000e+00
9.997758632390727485e-01
1.000000000000000000e+00
9.791355243098108785e-01
1.000000000000000000e+00
1.000000000000000000e+00
1.000000000000000000e+00
1.000000000000000000e+00
9.596451466695062882e-01
9.894948285587458203e-01
9.600682908471617205e-01
1.000000000000000000e+00
9.567971454060126835e-01
9.976138155188654100e-01
9.908354684300982873e-01
9.641592631851482187e-01
9.852936436719470503e-01
1.000000000000000000e+00
7.400214707636959766e+00
-1.992167273131795202e-02
2.599999070167541837e-01
-1.228335965424776077e-02
1.000000000000000000e+00
9.841183709799229407e-01
1.000000000000000000e+00
9.443112282291192816e-01
9.993855409749178298e-01
9.603698234888123908e-01
1.000000000000000000e+00
1.000000000000000000e+00
9.500805543585606472e-01
1.000000000000000000e+00
9.569002905278157778e-01
9.725590208159041739e-01
1.000000000000000000e+00
9.462786443077763066e-01
9.829162249066057955e-01
9.469970959760852791e-01
9.498986737590667806e-01
1.000000000000000000e+00
1.000000000000000000e+00
1.000000000000000000e+00
1.000000000000000000e+00
9.429724701180628443e-01
9.765347505659559557e-01
1.000000000000000000e+00
7.374158710801221872e+00
-1.901195697161561782e-02
2.599999380111694403e-01
-5.524252075701951981e-03
1.000000000000000000e+00
1.000000000000000000e+00
1.000000000000000000e+00
9.833539794366588094e-01
9.661506290464316749e-01
8.958166552235654612e-01
1.000000000000000000e+00
9.572183751170504351e-01
9.957572452946603647e-01
1.000000000000000000e+00
1.000000000000000000e+00
9.439306877421310693e-01
1.000000000000000000e+00
9.769653514510466819e-01
9.638767019639523648e-01
1.000000000000000000e+00
9.588030679253387589e-01
9.414239015597795079e-01
9.837028726378769239e-01
9.742100188287592388e-01
9.989518502315463122e-01
1.000000000000000000e+00
1.000000000000000000e+00
9.416921601072039127e-01
7.339350234934672201e+00
-1.872822667204865343e-02
2.599999070167541837e-01
-1.152431499212980270e-02
9.443123162047581953e-01
1.000000000000000000e+00
1.000000000000000000e+00
9.694219054711308292e-01
9.134211376030034746e-01
9.912430599452847213e-01
1.000000000000000000e+00
1.000000000000000000e+00
1.000000000000000000e+00
1.000000000000000000e+00
1.000000000000000000e+00
9.467446660250680157e-01
9.566228558104766799e-01
1.000000000000000000e+00
9.423899843795279230e-01
1.000000000000000000e+00
1.000000000000000000e+00
1.000000000000000000e+00
1.000000000000000000e+00
9.393306661448207473e-01
1.000000000000000000e+00
9.993147652954467164e-01
1.000000000000000000e+00
1.000000000000000000e+00
7.313446453744193221e+00
-1.748245437348494580e-02
2.599999070167541837e-01
-8.774379268288612366e-03
9.986175088005978528e-01
1.000000000000000000e+00
1.000000000000000000e+00
1.000000000000000000e+00
8.824619942968500164e-01
9.529547391771949760e-01
9.643183612264193405e-01
1.000000000000000000e+00
9.373180248305297280e-01
9.985421902071710543e-01
9.650692115783342517e-01
1.000000000000000000e+00
9.528849280689722923e-01
9.507474733495552277e-01
9.939057805346754870e-01
1.000000000000000000e+00
1.000000000000000000e+00
9.621183888627120595e-01
1.000000000000000000e+00
9.605361916322425753e-01
9.915672555908096042e-01
9.844619418507393194e-01
1.000000000000000000e+00
1.000000000000000000e+00
7.287440985686476580e+00
-1.630336327983228362e-02
2.599998760223388716e-01
-1.199308782815933228e-02
9.681609429841705472e-01
1.000000000000000000e+00
9.603235160905416734e-01
9.359511975382529547e-01
9.310019065357737489e-01
9.793457317085618730e-01
9.881629721733249383e-01
1.000000000000000000e+00
1.000000000000000000e+00
9.593792047122520206e-01
9.620243233747997058e-01
1.000000000000000000e+00
1.000000000000000000e+00
9.726122475724002792e-01
1.000000000000000000e+00
1.000000000000000000e+00
1.000000000000000000e+00
1.000000000000000000e+00
1.000000000000000000e+00
1.000000000000000000e+00
1.000000000000000000e+00
9.764543361237457697e-01
9.486758180925454198e-01
9.837453466635491806e-01
7.252820781892754809e+00
-1.586849770229992185e-02
2.599998760223388716e-01
-8.407848072238266468e-04
9.559294698278709701e-01
9.453968066247798729e-01
9.918056857158485951e-01
9.822700811982584268e-01
9.213098222927278425e-01
1.000000000000000000e+00
1.000000000000000000e+00
1.000000000000000000e+00
9.565219427763829163e-01
1.000000000000000000e+00
1.000000000000000000e+00
9.503740550176286161e-01
1.000000000000000000e+00
1.000000000000000000e+00
9.670344142547173671e-01
9.455244417004411428e-01
9.527481178230031711e-01
9.574879773834841235e-01
9.522806840143142049e-01
1.000000000000000000e+00
9.569287717248782243e-01
1.000000000000000000e+00
1.000000000000000000e+00
9.687493167510325964e-01
7.226918560335435338e+00
-1.720088212707115982e-02
2.599999380111694403e-01
1.814761385321617126e-02
9.473130633780646459e-01
9.637657194353570489e-01
1.000000000000000000e+00
9.146799152501886576e-01
8.978712040596000810e-01
1.000000000000000000e+00
1.000000000000000000e+00
9.982301830306257173e-01
1.000000000000000000e+00
9.652658592369263157e-01
1.000000000000000000e+00
9.605623457370322527e-01
1.000000000000000000e+00
9.826901213483595354e-01
9.551077373063646681e-01
1.000000000000000000e+00
9.526505115181727046e-01
1.000000000000000000e+00
1.000000000000000000e+00
9.692051504221124159e-01
1.000000000000000000e+00
1.000000000000000000e+00
9.945095184258188059e-01
9.851532841340991942e-01
7.200986092537524641e+00
-1.847170651248164486e-02
2.599998760223388716e-01
1.350981555879116058e-02
1.000000000000000000e+00
9.485461080678785351e-01
1.000000000000000000e+00
9.268192487902612298e-01
8.679783649743678664e-01
9.862713498897176523e-01
1.000000000000000000e+00
9.983937912040516949e-01
1.000000000000000000e+00
1.000000000000000000e+00
1.000000000000000000e+00
9.682867175469447307e-01
9.982863077000632135e-01
9.891196078492155985e-01
1.000000000000000000e+00
1.000000000000000000e+00
9.567228918581800468e-01
1.000000000000000000e+00
1.000000000000000000e+00
9.972437744497829604e-01
9.728003344931874796e-01
1.000000000000000000e+00
9.841883107096540684e-01
9.942197269796861914e-01
7.166362913205410301e+00
-2.036511297409937526e-02
2.599999070167541837e-01
1.820023544132709503e-02
1.000000000000000000e+00
9.725959328341758914e-01
1.000000000000000000e+00
9.192968198240896172e-01
9.587113520751276985e-01
1.000000000000000000e+00
9.397840303372708703e-01
9.821137101686360227e-01
9.494182474069533528e-01
9.430912518935621325e-01
9.798668811456783256e-01
1.000000000000000000e+00
9.943590920459927096e-01
9.737305271418155161e-01
9.667823642551750529e-01
1.000000000000000000e+00
1.000000000000000000e+00
9.454581055798764178e-01
9.973717578785542548e-01
9.830741268123581733e-01
9.657313312567870067e-01
9.663582308921669917e-01
1.000000000000000000e+00
1.000000000000000000e+00
7.140382969242935474e+00
-2.298908632832186161e-02
2.599999070167541837e-01
1.993326842784881592e-02
1.000000000000000000e+00
9.516927334288352025e-01
1.000000000000000000e+00
9.279011721449059724e-01
9.679330677746696976e-01
1.000000000000000000e+00
9.407374139263895430e-01
9.672735977282280739e-01
1.000000000000000000e+00
1.000000000000000000e+00
9.930752957208571763e-01
9.848611741425348232e-01
1.000000000000000000e+00
9.493531824114314066e-01
1.000000000000000000e+00
1.000000000000000000e+00
9.716458413904517366e-01
1.000000000000000000e+00
9.838105695241615711e-01
9.789499777956659488e-01
9.393164074086939319e-01
1.000000000000000000e+00
9.401831233763288109e-01
9.716467707130681530e-01
7.114491061312265607e+00
-2.418409456815151515e-02
2.599999380111694403e-01
7.736119907349348068e-03
9.592540174357867544e-01
1.000000000000000000e+00
1.000000000000000000e+00
9.409935150132725523e-01
9.491710367150644201e-01
1.000000000000000000e+00
1.000000000000000000e+00
9.779563993802253830e-01
9.983342395687718751e-01
9.603737815356769847e-01
9.994889853269869340e-01
1.000000000000000000e+00
1.000000000000000000e+00
9.621693733972512819e-01
9.903265028255114899e-01
1.000000000000000000e+00
9.733257460707488429e-01
9.791203614960780621e-01
1.000000000000000000e+00
1.000000000000000000e+00
1.000000000000000000e+00
9.741965447600736683e-01
1.000000000000000000e+00
1.000000000000000000e+00
7.071084774414041263e+00
-2.562483665471593230e-02
2.599999070167541837e-01
2.122628316283226013e-02
1.000000000000000000e+00
9.470193254481412692e-01
9.859528286637402328e-01
9.602060002110535120e-01
8.970269483046973136e-01
9.850154505479734590e-01
9.681747765872202871e-01
1.000000000000000000e+00
9.837814409071657940e-01
9.962482806386866452e-01
1.000000000000000000e+00
1.000000000000000000e+00
1.000000000000000000e+00
9.758230167310745218e-01
1.000000000000000000e+00
9.740450391052013490e-01
9.916959374423991447e-01
9.647250312891008095e-01
1.000000000000000000e+00
1.000000000000000000e+00
1.000000000000000000e+00
9.551146545227805484e-01
1.000000000000000000e+00
1.000000000000000000e+00
7.036505019850439524e+00
-2.943624103424313798e-02
2.599999070167541837e-01
2.641187794506549835e-02
9.965097662399898804e-01
1.000000000000000000e+00
1.000000000000000000e+00
9.140556793032675875e-01
8.642072573346778475e-01
1.000000000000000000e+00
1.000000000000000000e+00
1.000000000000000000e+00
9.796786895826918862e-01
9.786484374855668467e-01
1.000000000000000000e+00
1.000000000000000000e+00
1.000000000000000000e+00
9.970597695119032267e-01
9.776375562366369509e-01
1.000000000000000000e+00
9.444277181998063098e-01
9.963464478387943357e-01
9.592497206391347175e-01
9.746849414371564491e-01
9.469570350865273989e-01
9.550851466268092116e-01
9.636572430093208741e-01
1.000000000000000000e+00
7.010614023054801081e+00
-3.069408326087597061e-02
2.599999380111694403e-01
4.126476123929023743e-03
1.000000000000000000e+00
9.961386403150090940e-01
9.530572530449489266e-01
9.114630966333653328e-01
8.627979193981075712e-01
9.729024418461981183e-01
1.000000000000000000e+00
9.404684853167040171e-01
1.000000000000000000e+00
9.991372876556742222e-01
9.621017820034960533e-01
1.000000000000000000e+00
1.000000000000000000e+00
1.000000000000000000e+00
1.000000000000000000e+00
9.935038616870131012e-01
9.992409477584380806e-01
9.691873894663359801e-01
9.969442075427663585e-01
9.440877398399096787e-01
9.958912056527878809e-01
1.000000000000000000e+00
1.000000000000000000e+00
9.979976470127384092e-01
6.984645235919140660e+00
-2.927504055222474033e-02
2.599999070167541837e-01
-5.097475275397300720e-02
9.853414709647623226e-01
9.933053771975606239e-01
9.705484629766903959e-01
9.580593917948532212e-01
9.166099781362655463e-01
1.000000000000000000e+00
1.000000000000000000e+00
9.407317722994766873e-01
9.869458664321519858e-01
1.000000000000000000e+00
9.581151096100761766e-01
1.000000000000000000e+00
1.000000000000000000e+00
9.573680421187930056e-01
9.710277949438814726e-01
9.498051249824390752e-01
9.941928918134635973e-01
1.000000000000000000e+00
1.000000000000000000e+00
1.000000000000000000e+00
9.456187917522118624e-01
9.928671829769701862e-01
9.915288439327067938e-01
1.000000000000000000e+00
6.949701872464912000e+00
-2.449872002505237845e-02
2.599999070167541837e-01
-2.114828862249851227e-02
9.901769960099493506e-01
1.000000000000000000e+00
1.000000000000000000e+00
9.428463012193190051e-01
9.015379405822037118e-01
9.912377022011120697e-01
1.000000000000000000e+00
9.772463702465096214e-01
1.000000000000000000e+00
9.598632655434499172e-01
9.844364988780475167e-01
9.994714623395788422e-01
1.000000000000000000e+00
1.000000000000000000e+00
9.662273830557722709e-01
1.000000000000000000e+00
9.548263234055041071e-01
9.683879093232047319e-01
1.000000000000000000e+00
9.738914002265530723e-01
1.000000000000000000e+00
9.641554170821047265e-01
1.000000000000000000e+00
9.515925991916078797e-01
6.923778643389766785e+00
-2.581628400117930155e-02
2.599998450279236151e-01
2.230156213045120239e-02
1.000000000000000000e+00
9.844015831745785983e-01
9.334173563162481146e-01
8.658436879242581430e-01
8.628166785476791834e-01
9.674780263957697413e-01
9.889498870338239156e-01
9.871990055266427477e-01
9.800384967631468047e-01
1.000000000000000000e+00
9.520619058467347795e-01
9.748294952210765363e-01
9.489842441153006902e-01
1.000000000000000000e+00
1.000000000000000000e+00
1.000000000000000000e+00
9.603373853387831005e-01
1.000000000000000000e+00
1.000000000000000000e+00
1.000000000000000000e+00
9.574540526419257347e-01
1.000000000000000000e+00
1.000000000000000000e+00
9.715870636363866941e-01
6.889317349693560466e+00
-2.601195103391851227e-02
2.599999070167541837e-01
-1.580948196351528168e-02
1.000000000000000000e+00
1.000000000000000000e+00
9.438517273169110267e-01
8.769319311962575636e-01
8.606422434415230693e-01
1.000000000000000000e+00
9.806367163925260311e-01
9.528062593082015086e-01
9.810672570626099986e-01
1.000000000000000000e+00
1.000000000000000000e+00
1.000000000000000000e+00
1.000000000000000000e+00
1.000000000000000000e+00
1.000000000000000000e+00
9.509132939131087481e-01
1.000000000000000000e+00
9.466439777189075144e-01
1.000000000000000000e+00
9.668834168739091073e-01
1.000000000000000000e+00
1.000000000000000000e+00
9.591468466899554235e-01
1.000000000000000000e+00
6.863286343993078908e+00
-2.571795748796257275e-02
2.599998760223388716e-01
5.609428510069847107e-03
9.457607156363710965e-01
9.888630589904486845e-01
9.618264176036215307e-01
8.636612948807221857e-01
8.211182336083112654e-01
1.000000000000000000e+00
9.421644279396896859e-01
1.000000000000000000e+00
1.000000000000000000e+00
9.520806683817488736e-01
9.455309341623541197e-01
9.429852733236190332e-01
1.000000000000000000e+00
1.000000000000000000e+00
1.000000000000000000e+00
9.565666481853917213e-01
9.572105015856475774e-01
1.000000000000000000e+00
9.409729733461141832e-01
9.425708122646045961e-01
1.000000000000000000e+00
9.400351260846865342e-01
1.000000000000000000e+00
1.000000000000000000e+00
6.837258076660560846e+00
-2.588374900748924290e-02
2.599999070167541837e-01
-7.020900025963783264e-03
1.000000000000000000e+00
9.541790893502525295e-01
9.350240941795131544e-01
8.778273992076843779e-01
8.489722781646799055e-01
1.000000000000000000e+00
1.000000000000000000e+00
9.876401384297782693e-01
1.000000000000000000e+00
9.965684676006703047e-01
9.443455879383595430e-01
9.995529408338362787e-01
1.000000000000000000e+00
9.502607103125130239e-01
9.906562532139064903e-01
1.000000000000000000e+00
1.000000000000000000e+00
1.000000000000000000e+00
1.000000000000000000e+00
1.000000000000000000e+00
9.547208800453338418e-01
1.000000000000000000e+00
9.750701779489293619e-01
9.830402562709281700e-01
6.811372822073423094e+00
-2.604338127633698541e-02
2.599998760223388716e-01
5.502571817487478256e-03
9.582550813774107779e-01
9.499806594526759573e-01
9.490777930320829503e-01
8.207025206915308235e-01
8.705788619931286165e-01
9.926822761921715310e-01
1.000000000000000000e+00
1.000000000000000000e+00
9.711298268897176067e-01
1.000000000000000000e+00
1.000000000000000000e+00
1.000000000000000000e+00
9.940407347501657442e-01
9.604870408236225732e-01
9.736483219457666705e-01
1.000000000000000000e+00
1.000000000000000000e+00
9.373592781270029262e-01
9.980098585615866380e-01
9.443064622135218800e-01
1.000000000000000000e+00
9.800515446585791324e-01
9.821045635777067018e-01
1.000000000000000000e+00
6.776862612765735427e+00
-2.725502760453879514e-02
2.599999070167541837e-01
1.657451130449771881e-02
1.000000000000000000e+00
9.835657529203293281e-01
8.995472415043287429e-01
9.286885071033170735e-01
8.485349901932887073e-01
9.766092919953548446e-01
9.701463669517280675e-01
1.000000000000000000e+00
9.673353300668080523e-01
9.883642095642752867e-01
1.000000000000000000e+00
9.806705375432178684e-01
9.948793163382100291e-01
1.000000000000000000e+00
9.792551129404796217e-01
9.901841560476128956e-01
1.000000000000000000e+00
1.000000000000000000e+00
9.886289764000867342e-01
1.000000000000000000e+00
1.000000000000000000e+00
9.932859011801484783e-01
1.000000000000000000e+00
1.000000000000000000e+00
6.750815545931422967e+00
-2.815407986600548806e-02
2.599999070167541837e-01
5.807097069919109344e-03
1.000000000000000000e+00
9.795996564382495331e-01
9.178610071277688576e-01
8.771150876282269859e-01
9.796239733994296373e-01
9.528783071575296360e-01
9.677891912191889379e-01
9.888371708956343875e-01
9.433767124217944389e-01
9.538221065072356453e-01
1.000000000000000000e+00
1.000000000000000000e+00
1.000000000000000000e+00
9.778354094612765612e-01
1.000000000000000000e+00
1.000000000000000000e+00
1.000000000000000000e+00
9.636856573576312313e-01
1.000000000000000000e+00
9.741584913133183310e-01
9.849198126592755287e-01
9.412148682178376191e-01
1.000000000000000000e+00
9.726636645960126115e-01
6.724839882824155346e+00
-2.935860276407864511e-02
2.599999070167541837e-01
3.676533000543713570e-03
1.000000000000000000e+00
9.593871671137351731e-01
9.367270176774573631e-01
8.768719683337383719e-01
9.370069102392916127e-01
1.000000000000000000e+00
1.000000000000000000e+00
9.477156112571034630e-01
1.000000000000000000e+00
1.000000000000000000e+00
9.439793984126774173e-01
1.000000000000000000e+00
1.000000000000000000e+00
9.797445549672885168e-01
9.907134000933871532e-01
1.000000000000000000e+00
1.000000000000000000e+00
1.000000000000000000e+00
1.000000000000000000e+00
9.771290139439102740e-01
9.957762079722273230e-01
1.000000000000000000e+00
1.000000000000000000e+00
9.992578601597218446e-01
6.698957450293125504e+00
-2.998429395544677245e-02
2.599999380111694403e-01
8.936552330851554871e-03
9.728526610607770575e-01
9.656641989603074183e-01
8.372644484277441679e-01
7.933616948056979590e-01
1.000000000000000000e+00
1.000000000000000000e+00
9.631441630284165445e-01
9.632464450207761653e-01
1.000000000000000000e+00
9.803034821790385100e-01
1.000000000000000000e+00
9.536227943736711454e-01
9.790089793171139476e-01
9.609828344104237585e-01
9.998264010996209539e-01
9.977211597779839236e-01
9.515258920363204309e-01
9.979891501997980585e-01
9.753828282670540251e-01
1.000000000000000000e+00
1.000000000000000000e+00
9.625507676548308300e-01
1.000000000000000000e+00
1.000000000000000000e+00
6.664154000066245587e+00
-3.208339279177496728e-02
2.599998760223388716e-01
2.569014020264148712e-02
9.620023708563685272e-01
9.927581960647312576e-01
9.219377274051456794e-01
8.684393972816160101e-01
1.000000000000000000e+00
1.000000000000000000e+00
9.992060095391720465e-01
9.517408480532809634e-01
9.737180023182496758e-01
9.888207123486305594e-01
1.000000000000000000e+00
1.000000000000000000e+00
1.000000000000000000e+00
9.750131069657578253e-01
1.000000000000000000e+00
9.600086229911221070e-01
1.000000000000000000e+00
1.000000000000000000e+00
9.655266879176342965e-01
9.909106345316617270e-01
9.646284290511328852e-01
1.000000000000000000e+00
1.000000000000000000e+00
1.000000000000000000e+00
6.638110902389089851e+00
-3.553415748153310183e-02
2.599999070167541837e-01
3.765067085623741150e-02
1.000000000000000000e+00
1.000000000000000000e+00
9.115930972665241550e-01
7.879247237169587637e-01
9.916741471689184406e-01
9.494556564911748042e-01
9.671287452312193889e-01
9.668374947001474595e-01
9.444103702515133092e-01
1.000000000000000000e+00
9.578891672545400970e-01
9.692899800916759956e-01
9.938247484170299462e-01
1.000000000000000000e+00
1.000000000000000000e+00
9.423695334820847425e-01
1.000000000000000000e+00
1.000000000000000000e+00
1.000000000000000000e+00
9.446650814337190782e-01
1.000000000000000000e+00
9.828822758507246293e-01
9.400057465659028555e-01
9.690531012546236278e-01
6.612247298956838826e+00
-3.811262474457677296e-02
2.599999070167541837e-01
8.982060477137565613e-03
9.392443175745466277e-01
1.000000000000000000e+00
8.170068351021535502e-01
8.060234281375453502e-01
1.000000000000000000e+00
9.655077457952762066e-01
9.574287300355964758e-01
1.000000000000000000e+00
1.000000000000000000e+00
1.000000000000000000e+00
9.633965653074817448e-01
9.867001520384336422e-01
1.000000000000000000e+00
1.000000000000000000e+00
9.732036979762421769e-01
1.000000000000000000e+00
1.000000000000000000e+00
9.889269750384003244e-01
9.925189471765403226e-01
9.949473982323014942e-01
9.814177302168838324e-01
9.557065450489349301e-01
9.618082280408053464e-01
9.373278400355006257e-01
6.586355436649000694e+00
-3.810547358550198105e-02
2.599999380111694403e-01
-1.444515492767095566e-02
1.000000000000000000e+00
1.000000000000000000e+00
8.496387912608781567e-01
7.965351592187420726e-01
1.000000000000000000e+00
9.954944448646736443e-01
1.000000000000000000e+00
9.682937146666770190e-01
9.729254098696905606e-01
9.693747020551437554e-01
9.489692816276390497e-01
1.000000000000000000e+00
9.417114174980819596e-01
1.000000000000000000e+00
1.000000000000000000e+00
9.836122574012426956e-01
1.000000000000000000e+00
9.981350844828328350e-01
1.000000000000000000e+00
1.000000000000000000e+00
1.000000000000000000e+00
1.000000000000000000e+00
1.000000000000000000e+00
9.808098274562346841e-01
6.551762044077483083e+00
-3.741049765263271265e-02
2.599999380111694403e-01
4.955188836902379990e-03
9.847413936298432535e-01
1.000000000000000000e+00
8.676231747644187475e-01
8.629997691803524829e-01
1.000000000000000000e+00
9.878134828310848325e-01
9.870017276065240486e-01
1.000000000000000000e+00
1.000000000000000000e+00
9.593131273808872539e-01
9.505641658916454961e-01
9.716281090944512977e-01
9.996971567396643055e-01
9.596920993859437976e-01
1.000000000000000000e+00
1.000000000000000000e+00
9.882504335842845489e-01
1.000000000000000000e+00
1.000000000000000000e+00
1.000000000000000000e+00
9.912749433181329284e-01
9.823945258644506406e-01
9.477041184734956714e-01
1.000000000000000000e+00
6.525742888678077946e+00
-3.786126406346734807e-02
2.599999070167541837e-01
-3.384641371667385101e-03
9.977008858510868494e-01
1.000000000000000000e+00
9.106410686463396464e-01
8.590524612340163513e-01
1.000000000000000000e+00
9.833339972269969920e-01
1.000000000000000000e+00
1.000000000000000000e+00
1.000000000000000000e+00
9.788331537524553871e-01
1.000000000000000000e+00
1.000000000000000000e+00
9.680267146865501049e-01
9.386071203852454081e-01
9.436389390129075183e-01
9.926080009371531787e-01
1.000000000000000000e+00
1.000000000000000000e+00
1.000000000000000000e+00
9.527783052834750688e-01
1.000000000000000000e+00
9.864685827826502607e-01
9.841249391403011915e-01
1.000000000000000000e+00
6.499841051957587545e+00
-3.769706366374914186e-02
2.599998760223388716e-01
-6.798295769840478897e-03
1.000000000000000000e+00
8.821126274041041215e-01
8.020587947998241152e-01
8.542318962479233946e-01
9.573815087323668260e-01
9.460298967258867764e-01
9.372822758809815635e-01
1.000000000000000000e+00
1.000000000000000000e+00
9.836032856899248333e-01
1.000000000000000000e+00
9.645826823270574613e-01
9.894938006994157265e-01
9.625609926169254038e-01
1.000000000000000000e+00
9.775685429520685199e-01
9.920992616706149070e-01
1.000000000000000000e+00
9.731542304710710800e-01
9.496113347446274444e-01
1.000000000000000000e+00
9.665094827267440847e-01
1.000000000000000000e+00
1.000000000000000000e+00
6.465310435795546873e+00
-3.374841804019579339e-02
2.599998450279236151e-01
-5.283907800912857056e-02
9.972848106426897008e-01
9.466685088943959103e-01
7.913271548127804866e-01
7.836521822563800033e-01
1.000000000000000000e+00
1.000000000000000000e+00
9.551970065815025279e-01
1.000000000000000000e+00
1.000000000000000000e+00
9.558673425961837777e-01
9.586986028160306983e-01
1.000000000000000000e+00
9.585733015016595360e-01
1.000000000000000000e+00
1.000000000000000000e+00
9.664708942375916934e-01
9.641512773221442290e-01
9.955967533167023875e-01
9.541594303357640028e-01
9.650069828242112679e-01
1.000000000000000000e+00
1.000000000000000000e+00
9.526887913610779801e-01
9.598195824879045546e-01
6.439117042437990435e+00
-2.638382553369467143e-02
2.599999070167541837e-01
2.080394327640533447e-02
9.516612044270640336e-01
9.334578591239678369e-01
8.943829252408856956e-01
7.479402798436841637e-01
9.831333130694936973e-01
9.983706271209111804e-01
9.796557540377097695e-01
1.000000000000000000e+00
1.000000000000000000e+00
9.976699864587059707e-01
9.466481699396377403e-01
9.443528655363866431e-01
9.413228776846371826e-01
9.770757531624493231e-01
9.913150483453054829e-01
9.625312985455207748e-01
9.640840746765869662e-01
9.598734178597286837e-01
9.623613317588500804e-01
1.000000000000000000e+00
9.466781766090293093e-01
9.401767651288882588e-01
1.000000000000000000e+00
9.629472034592501117e-01
6.413148883945004819e+00
-2.961508131619938755e-02
2.599999070167541837e-01
3.276691213250160217e-02
9.796841910211507853e-01
8.762193353242478944e-01
7.806243997051758310e-01
7.550586611780307766e-01
1.000000000000000000e+00
1.000000000000000000e+00
9.471562491661059680e-01
1.000000000000000000e+00
9.737279515049396261e-01
9.569065575752569996e-01
1.000000000000000000e+00
1.000000000000000000e+00
1.000000000000000000e+00
9.874564237302178027e-01
1.000000000000000000e+00
1.000000000000000000e+00
9.861982608624949576e-01
1.000000000000000000e+00
1.000000000000000000e+00
1.000000000000000000e+00
9.919613615504661031e-01
1.000000000000000000e+00
1.000000000000000000e+00
9.579584134030615372e-01
6.369916280413438159e+00
-3.452885146562512109e-02
2.599998450279236151e-01
2.789016067981719971e-02
1.000000000000000000e+00
9.232608041105921926e-01
8.041090858289520193e-01
7.894722920496867191e-01
9.792971918649407970e-01
9.872045549396508690e-01
1.000000000000000000e+00
9.849155542632358484e-01
1.000000000000000000e+00
1.000000000000000000e+00
1.000000000000000000e+00
9.686984413732073751e-01
9.867985215483631167e-01
1.000000000000000000e+00
9.882169181287120407e-01
9.533305133491202232e-01
9.648336635895734537e-01
9.860628028233497933e-01
9.427619668658532293e-01
9.510967358421638096e-01
1.000000000000000000e+00
1.000000000000000000e+00
1.000000000000000000e+00
9.550620620601566468e-01
6.335315262686600946e+00
-4.018037733976720371e-02
2.599999380111694403e-01
5.937743559479713440e-02
9.844335436104832970e-01
9.042791113031514172e-01
8.736418968980685928e-01
8.313105506833008418e-01
1.000000000000000000e+00
1.000000000000000000e+00
9.427027185792020703e-01
9.934241930154599221e-01
9.815044600464130076e-01
9.936261430396303718e-01
1.000000000000000000e+00
1.000000000000000000e+00
1.000000000000000000e+00
9.618569759493285076e-01
9.428721371642007076e-01
9.500283648131048198e-01
9.855450880120510959e-01
9.509899153584105980e-01
1.000000000000000000e+00
9.923821550114729773e-01
1.000000000000000000e+00
9.653345586051297333e-01
1.000000000000000000e+00
1.000000000000000000e+00
6.309536091541961156e+00
-4.323720857787360927e-02
2.599999070167541837e-01
-1.455399859696626663e-02
9.921523019758945461e-01
8.970708803479542359e-01
8.531201157840803129e-01
9.614999640943554526e-01
1.000000000000000000e+00
1.000000000000000000e+00
1.000000000000000000e+00
9.630999522663321599e-01
1.000000000000000000e+00
9.909915181219919322e-01
1.000000000000000000e+00
1.000000000000000000e+00
1.000000000000000000e+00
9.734292165901480276e-01
1.000000000000000000e+00
9.998383369707088963e-01
9.846813916823619062e-01
9.937548367791346760e-01
1.000000000000000000e+00
9.924941386708109325e-01
1.000000000000000000e+00
9.562174423236944332e-01
9.992199767104558150e-01
1.000000000000000000e+00
6.274883305818780954e+00
-4.319199715747701340e-02
2.599998760223388716e-01
8.039652369916439056e-03
1.000000000000000000e+00
8.618191528471887963e-01
8.563947830653644289e-01
8.917859611836159717e-01
9.502350127765344379e-01
9.518500879813097670e-01
9.405915103456258253e-01
1.000000000000000000e+00
1.000000000000000000e+00
9.633269842675067363e-01
9.660018354145246677e-01
1.000000000000000000e+00
1.000000000000000000e+00
1.000000000000000000e+00
9.477917357882167382e-01
9.416600267864051466e-01
1.000000000000000000e+00
1.000000000000000000e+00
1.000000000000000000e+00
9.654103761053934862e-01
1.000000000000000000e+00
1.000000000000000000e+00
9.566246149139063792e-01
1.000000000000000000e+00
6.248894476210692162e+00
-4.316018973730417763e-02
2.599998450279236151e-01
-4.287076182663440704e-03
9.893010386626068797e-01
8.752940806033571164e-01
7.833547427885655390e-01
9.596485462578419057e-01
9.775479059777778534e-01
1.000000000000000000e+00
9.796367359295155008e-01
1.000000000000000000e+00
9.767586651041604284e-01
9.926337986003693770e-01
1.000000000000000000e+00
1.000000000000000000e+00
9.925874605924559502e-01
9.608283466936409223e-01
9.439264247533351027e-01
9.906631987215080981e-01
9.890307233828522504e-01
1.000000000000000000e+00
1.000000000000000000e+00
9.823525364445487851e-01
9.743418802091714515e-01
1.000000000000000000e+00
9.993733545373604255e-01
9.611507002825773194e-01
6.214299052776252275e+00
-4.670614755820257091e-02
2.599998760223388716e-01
3.216515108942985535e-02
1.000000000000000000e+00
8.785813271200996200e-01
7.962896318109228266e-01
9.974558157205352105e-01
9.404082602704880722e-01
1.000000000000000000e+00
1.000000000000000000e+00
9.843496882189262109e-01
9.465190466975237360e-01
9.564230116721657016e-01
1.000000000000000000e+00
9.414211862275204679e-01
9.872958874817212571e-01
9.684549060189097114e-01
9.399719703049164155e-01
9.727036050530639688e-01
1.000000000000000000e+00
1.000000000000000000e+00
9.493571606287021236e-01
9.503108750481088496e-01
1.000000000000000000e+00
1.000000000000000000e+00
9.640625643161995217e-01
1.000000000000000000e+00
6.188404099285315318e+00
-4.842269561656231680e-02
2.599998450279236151e-01
2.407422289252281189e-04
1.000000000000000000e+00
8.957735781905590278e-01
8.158207020120649133e-01
9.838471446754395444e-01
9.600725698724856816e-01
9.711476315788770686e-01
9.939809014439004997e-01
9.768678359380648102e-01
9.418042893999862830e-01
1.000000000000000000e+00
9.914068667002329249e-01
1.000000000000000000e+00
9.452628949633086197e-01
1.000000000000000000e+00
9.919578003723232840e-01
1.000000000000000000e+00
9.657797653905852986e-01
1.000000000000000000e+00
9.840671671057075187e-01
1.000000000000000000e+00
9.736337236278994611e-01
9.649035934471984488e-01
1.000000000000000000e+00
9.485301372407162201e-01
6.162472033690661988e+00
-4.605330010378727579e-02
2.599996900558471657e-01
-3.638174384832382202e-02
1.000000000000000000e+00
8.297787416135745664e-01
7.983644018234963280e-01
9.891082385566091206e-01
9.401883283821856896e-01
1.000000000000000000e+00
9.972437509814113810e-01
9.617483636888878307e-01
1.000000000000000000e+00
1.000000000000000000e+00
1.000000000000000000e+00
9.552686102948115821e-01
1.000000000000000000e+00
1.000000000000000000e+00
9.485826457753763208e-01
9.767501140585960195e-01
1.000000000000000000e+00
9.426321528221262014e-01
1.000000000000000000e+00
1.000000000000000000e+00
1.000000000000000000e+00
1.000000000000000000e+00
9.507863461687009465e-01
9.920156828597447296e-01
6.127801306558001038e+00
-3.951193696662813615e-02
2.599998140335083030e-01
-6.407721340656280518e-02
9.650734875925505163e-01
8.987887644945523613e-01
7.608668078762322873e-01
1.000000000000000000e+00
1.000000000000000000e+00
1.000000000000000000e+00
1.000000000000000000e+00
1.000000000000000000e+00
1.000000000000000000e+00
1.000000000000000000e+00
9.863672784635805213e-01
1.000000000000000000e+00
9.555615589206417626e-01
1.000000000000000000e+00
1.000000000000000000e+00
9.832779525884787208e-01
9.935678855592768866e-01
1.000000000000000000e+00
1.000000000000000000e+00
9.511118325329671608e-01
1.000000000000000000e+00
1.000000000000000000e+00
1.000000000000000000e+00
9.451495769159151683e-01
6.101750537527187213e+00
-3.752711582179790728e-02
2.599997830390930464e-01
3.532977076247334480e-03
1.000000000000000000e+00
8.194795019791959456e-01
8.229048774872584904e-01
9.431499909555416394e-01
1.000000000000000000e+00
1.000000000000000000e+00
1.000000000000000000e+00
1.000000000000000000e+00
1.000000000000000000e+00
9.648313369031832343e-01
1.000000000000000000e+00
9.864422736506132106e-01
1.000000000000000000e+00
1.000000000000000000e+00
9.599179371715218512e-01
1.000000000000000000e+00
1.000000000000000000e+00
1.000000000000000000e+00
9.392921401244975765e-01
9.590678260623104467e-01
9.640153601563123953e-01
9.993905883002410784e-01
9.787002982336538981e-01
1.000000000000000000e+00
6.075883285049533455e+00
-3.821541508620185379e-02
2.599997520446777344e-01
1.075359806418418884e-02
9.889519385842594490e-01
8.107348567518707361e-01
8.246004312282384507e-01
1.000000000000000000e+00
9.754528394314573303e-01
1.000000000000000000e+00
9.987645765161652367e-01
9.633331125660493655e-01
1.000000000000000000e+00
1.000000000000000000e+00
1.000000000000000000e+00
9.686094285599028408e-01
1.000000000000000000e+00
9.786384834711887581e-01
1.000000000000000000e+00
1.000000000000000000e+00
1.000000000000000000e+00
1.000000000000000000e+00
1.000000000000000000e+00
1.000000000000000000e+00
9.503883581345548004e-01
1.000000000000000000e+00
1.000000000000000000e+00
1.000000000000000000e+00
6.049931895945121596e+00
-4.014207976853767512e-02
2.599997520446777344e-01
4.123167321085929871e-02
8.591848078380219800e-01
7.808272457125605692e-01
7.331151367131686358e-01
1.000000000000000000e+00
9.544479004626363894e-01
9.918245510628570516e-01
9.618954563430838212e-01
1.000000000000000000e+00
9.847577268536020778e-01
9.528975921854503373e-01
1.000000000000000000e+00
1.000000000000000000e+00
1.000000000000000000e+00
9.468905786640661182e-01
1.000000000000000000e+00
9.760748906494874921e-01
1.000000000000000000e+00
9.586574096733674333e-01
9.676098644078990896e-01
9.433610028268425429e-01
9.963287649284843228e-01
1.000000000000000000e+00
1.000000000000000000e+00
9.780116836382692913e-01
6.015062806703299181e+00
-4.716621831601797155e-02
2.599997520446777344e-01
6.195736676454544067e-02
9.395483411364665693e-01
7.815428498596725948e-01
7.341681647058766469e-01
1.000000000000000000e+00
1.000000000000000000e+00
9.488435970257153018e-01
1.000000000000000000e+00
1.000000000000000000e+00
1.000000000000000000e+00
1.000000000000000000e+00
1.000000000000000000e+00
9.416718270942128211e-01
1.000000000000000000e+00
9.740121978298207361e-01
9.471795164917751197e-01
1.000000000000000000e+00
1.000000000000000000e+00
1.000000000000000000e+00
9.807371074132354982e-01
1.000000000000000000e+00
9.737171003602530517e-01
9.710048348923084882e-01
1.000000000000000000e+00
1.000000000000000000e+00
5.989207858430464881e+00
-5.471034537338004267e-02
2.599998140335083030e-01
7.105229794979095459e-02
9.326928281009403410e-01
7.730631769582542168e-01
8.705515643810324278e-01
1.000000000000000000e+00
9.542302655595662486e-01
1.000000000000000000e+00
1.000000000000000000e+00
1.000000000000000000e+00
9.642311593018211280e-01
1.000000000000000000e+00
1.000000000000000000e+00
1.000000000000000000e+00
9.862154449418066848e-01
1.000000000000000000e+00
9.554000179223044453e-01
9.608711284573870914e-01
9.611416474524681064e-01
9.773125466183544274e-01
9.777961892643431963e-01
1.000000000000000000e+00
9.828978898892609672e-01
9.529565826148977958e-01
1.000000000000000000e+00
1.000000000000000000e+00
5.963380106584263096e+00
-6.142390866760671919e-02
2.599997520446777344e-01
5.873657390475273132e-02
8.223443798691194573e-01
7.248485189598447009e-01
8.038610009865513328e-01
1.000000000000000000e+00
1.000000000000000000e+00
9.613256702024305378e-01
1.000000000000000000e+00
9.495378161730204658e-01
1.000000000000000000e+00
9.946230681821743858e-01
9.690860700292740493e-01
1.000000000000000000e+00
1.000000000000000000e+00
1.000000000000000000e+00
1.000000000000000000e+00
9.969394160564462037e-01
1.000000000000000000e+00
1.000000000000000000e+00
1.000000000000000000e+00
9.601516003693028045e-01
1.000000000000000000e+00
1.000000000000000000e+00
9.647687000219454800e-01
9.619419969193560016e-01
5.928860435812212337e+00
-6.646270547767108017e-02
2.599997210502624778e-01
1.399432867765426636e-02
8.292748953410328250e-01
7.589683374970794816e-01
9.000213376685886058e-01
1.000000000000000000e+00
9.848658318996669214e-01
1.000000000000000000e+00
9.834479843355558026e-01
9.825036002870523033e-01
9.650824007204340527e-01
9.972686111874324855e-01
1.000000000000000000e+00
9.921404202539205741e-01
9.636871821468104837e-01
9.528337899849793624e-01
1.000000000000000000e+00
9.959523608051016330e-01
1.000000000000000000e+00
1.000000000000000000e+00
9.917462774410032988e-01
1.000000000000000000e+00
1.000000000000000000e+00
9.644256692828852007e-01
1.000000000000000000e+00
1.000000000000000000e+00
5.902878772027383647e+00
-7.171763943353226534e-02
2.599997210502624778e-01
6.682216376066207886e-02
8.256967858142593153e-01
8.204898876153491338e-01
8.469954933306560463e-01
1.000000000000000000e+00
1.000000000000000000e+00
1.000000000000000000e+00
9.388921028730453644e-01
1.000000000000000000e+00
9.958982986836411033e-01
9.970013602031121414e-01
9.661851372950386319e-01
9.579885828397251002e-01
1.000000000000000000e+00
1.000000000000000000e+00
1.000000000000000000e+00
1.000000000000000000e+00
1.000000000000000000e+00
9.999142178907144407e-01
9.687012589378717342e-01
1.000000000000000000e+00
1.000000000000000000e+00
1.000000000000000000e+00
1.000000000000000000e+00
1.000000000000000000e+00
5.877111279153860224e+00
-7.847001768665906596e-02
2.599995970726013406e-01
6.054354086518287659e-02
8.903853841776167011e-01
8.078823237472934071e-01
8.583924212749030058e-01
9.882260120892817357e-01
1.000000000000000000e+00
9.483110191865895544e-01
9.402295452372303464e-01
9.559016536325632973e-01
9.389734545575016966e-01
9.604522106918906843e-01
1.000000000000000000e+00
1.000000000000000000e+00
9.461975349018560966e-01
9.605522718486697586e-01
9.405355197698967995e-01
1.000000000000000000e+00
1.000000000000000000e+00
1.000000000000000000e+00
1.000000000000000000e+00
9.458952857675203552e-01
9.765496220807958760e-01
9.838577714051973677e-01
1.000000000000000000e+00
1.000000000000000000e+00
5.842740794711732910e+00
-8.603633090051443499e-02
2.599997210502624778e-01
4.819785431027412415e-02
7.987012378717545102e-01
8.017807546132729168e-01
8.859416379777942385e-01
1.000000000000000000e+00
1.000000000000000000e+00
1.000000000000000000e+00
1.000000000000000000e+00
1.000000000000000000e+00
1.000000000000000000e+00
1.000000000000000000e+00
9.820165766950664787e-01
9.644666439031803762e-01
1.000000000000000000e+00
9.409840588566943387e-01
9.772375670030907235e-01
1.000000000000000000e+00
9.881467171307546371e-01
1.000000000000000000e+00
1.000000000000000000e+00
1.000000000000000000e+00
1.000000000000000000e+00
9.741317813402446957e-01
9.374703404175751542e-01
1.000000000000000000e+00
5.816769007770046684e+00
-8.773710803028078598e-02
2.599997830390930464e-01
-6.301489192992448807e-03
8.383251843579092588e-01
7.224830084134524766e-01
1.000000000000000000e+00
1.000000000000000000e+00
1.000000000000000000e+00
9.849257295179655314e-01
1.000000000000000000e+00
9.391417706713596214e-01
9.494458807853581872e-01
1.000000000000000000e+00
1.000000000000000000e+00
9.950761723677181703e-01
9.960238213772164562e-01
1.000000000000000000e+00
1.000000000000000000e+00
9.647895006221621772e-01
9.833641676556453826e-01
1.000000000000000000e+00
1.000000000000000000e+00
9.602167421414655735e-01
1.000000000000000000e+00
1.000000000000000000e+00
9.597378366554180085e-01
9.557334250843309009e-01
5.790861255031199306e+00
-8.781564350604587066e-02
2.599994111061096347e-01
-5.401392932981252670e-03
7.585835514344949626e-01
7.043658168487557658e-01
9.412054141514748506e-01
9.830164153415255068e-01
1.000000000000000000e+00
9.514541986214526403e-01
1.000000000000000000e+00
1.000000000000000000e+00
9.564433566431095324e-01
1.000000000000000000e+00
1.000000000000000000e+00
1.000000000000000000e+00
9.647771389923052165e-01
9.466302207128737267e-01
1.000000000000000000e+00
1.000000000000000000e+00
1.000000000000000000e+00
1.000000000000000000e+00
1.000000000000000000e+00
1.000000000000000000e+00
1.000000000000000000e+00
1.000000000000000000e+00
9.672005572937389939e-01
9.885082346462263914e-01
5.756273035997160115e+00
-8.916340692117852296e-02
2.599995350837707719e-01
1.977318897843360901e-02
7.479875331326707455e-01
7.657291251608075999e-01
9.528513304188732658e-01
9.916948351115796312e-01
9.633495688245349298e-01
9.623514919718507699e-01
1.000000000000000000e+00
1.000000000000000000e+00
1.000000000000000000e+00
1.000000000000000000e+00
1.000000000000000000e+00
1.000000000000000000e+00
1.000000000000000000e+00
1.000000000000000000e+00
9.690113464976312097e-01
9.703286442208406415e-01
9.855472377679463936e-01
9.836452414290642876e-01
1.000000000000000000e+00
9.946907134697136055e-01
9.609707770914939218e-01
9.372785913980405947e-01
1.000000000000000000e+00
1.000000000000000000e+00
5.721814084880966433e+00
-9.475859169812173022e-02
2.599994421005248912e-01
5.875696241855621338e-02
7.833165167103250948e-01
7.659711848955443880e-01
1.000000000000000000e+00
9.980511540767181833e-01
1.000000000000000000e+00
1.000000000000000000e+00
1.000000000000000000e+00
9.439671855687967739e-01
9.827616809094117389e-01
1.000000000000000000e+00
1.000000000000000000e+00
9.891068338520370151e-01
1.000000000000000000e+00
9.681470651258126114e-01
9.560741029287737058e-01
1.000000000000000000e+00
9.488493135666694611e-01
1.000000000000000000e+00
9.394214646466971796e-01
1.000000000000000000e+00
9.547185051814032208e-01
9.789741866565001560e-01
9.675198503663571259e-01
9.609317254528502161e-01
5.695879860514816428e+00
-9.943673219273296837e-02
2.599996900558471657e-01
3.283919394016265869e-02
7.945835416504276605e-01
7.865435878196550545e-01
9.429409231919445578e-01
1.000000000000000000e+00
1.000000000000000000e+00
9.631045827354977051e-01
9.519242674107026847e-01
1.000000000000000000e+00
1.000000000000000000e+00
1.000000000000000000e+00
1.000000000000000000e+00
1.000000000000000000e+00
9.623580094272348173e-01
9.700271597751247699e-01
9.514832937013056879e-01
1.000000000000000000e+00
9.502691513130817613e-01
1.000000000000000000e+00
1.000000000000000000e+00
9.457615049149497022e-01
9.950353984754733982e-01
9.647547572246002456e-01
1.000000000000000000e+00
1.000000000000000000e+00
5.670166907969105274e+00
-9.970334900798716316e-02
2.599995970726013406e-01
-7.580250501632690430e-02
8.267673733359667265e-01
8.121334772973085592e-01
1.000000000000000000e+00
1.000000000000000000e+00
9.659387715626276405e-01
1.000000000000000000e+00
9.553790714501750880e-01
9.589103505283158579e-01
9.780335239844916151e-01
1.000000000000000000e+00
1.000000000000000000e+00
9.727347063022170337e-01
1.000000000000000000e+00
1.000000000000000000e+00
1.000000000000000000e+00
9.509841529041802577e-01
9.685037427909242158e-01
1.000000000000000000e+00
1.000000000000000000e+00
9.540812183468917462e-01
9.507024516220569099e-01
9.751493791376469877e-01
1.000000000000000000e+00
9.973467320904269018e-01
5.635701342260034608e+00
-8.970456956363348500e-02
2.599995660781860285e-01
-7.685189694166183472e-02
7.410711551216691007e-01
8.453108596818525999e-01
9.424079176591740881e-01
1.000000000000000000e+00
1.000000000000000000e+00
9.508273491858217907e-01
1.000000000000000000e+00
1.000000000000000000e+00
1.000000000000000000e+00
1.000000000000000000e+00
1.000000000000000000e+00
1.000000000000000000e+00
1.000000000000000000e+00
1.000000000000000000e+00
1.000000000000000000e+00
9.931046535470607894e-01
9.918501280645293239e-01
1.000000000000000000e+00
9.614624955700750153e-01
1.000000000000000000e+00
1.000000000000000000e+00
9.880518532069361148e-01
9.644473672375940554e-01
9.992470369376678097e-01
5.609652728676130629e+00
-8.195734768935536430e-02
2.599996900558471657e-01
-8.381797373294830322e-02
7.442458965939454663e-01
8.272841362387017838e-01
9.527099909613730988e-01
9.732725007934215355e-01
1.000000000000000000e+00
9.471414735134067175e-01
1.000000000000000000e+00
9.392917333599727359e-01
9.416111796878917639e-01
9.544721652997393280e-01
9.639117044600193918e-01
9.544382604500254441e-01
9.952498235799588366e-01
1.000000000000000000e+00
9.577509626931014486e-01
1.000000000000000000e+00
9.412422894880350110e-01
1.000000000000000000e+00
1.000000000000000000e+00
1.000000000000000000e+00
9.684053862560875192e-01
9.876100244316804444e-01
1.000000000000000000e+00
9.942390744534608249e-01
5.575055126868250888e+00
-7.479611382567241673e-02
2.599995970726013406e-01
-4.941235296428203583e-03
8.136746039923483664e-01
8.574868476028454367e-01
9.822247241349691960e-01
9.525917009796509571e-01
1.000000000000000000e+00
9.615316203512852544e-01
9.608646233308618667e-01
9.603504257198384186e-01
1.000000000000000000e+00
9.500536114335218496e-01
1.000000000000000000e+00
9.993561906701022846e-01
9.537569760376503059e-01
1.000000000000000000e+00
9.572102001209871203e-01
1.000000000000000000e+00
9.759887707024104131e-01
1.000000000000000000e+00
9.959383793046941991e-01
1.000000000000000000e+00
1.000000000000000000e+00
9.539557179413913346e-01
9.582413013467175888e-01
1.000000000000000000e+00
5.549243380471502896e+00
-7.897680693942799035e-02
2.599995040893554599e-01
6.747883558273315430e-02
7.788888440798313884e-01
8.144696305300145323e-01
1.000000000000000000e+00
9.545545504410917204e-01
9.515975903224755950e-01
1.000000000000000000e+00
1.000000000000000000e+00
1.000000000000000000e+00
9.806808598671750143e-01
1.000000000000000000e+00
9.613050820661499518e-01
1.000000000000000000e+00
9.691777258022752362e-01
1.000000000000000000e+00
9.896813135183231136e-01
9.849956662618020165e-01
9.428714716916216654e-01
9.837848360141883131e-01
9.915901157908202368e-01
1.000000000000000000e+00
9.958593570110724214e-01
9.539296331945942287e-01
9.738594744029205330e-01
9.442928740203896387e-01
5.523328884661900418e+00
-8.238030765195047955e-02
2.599997520446777344e-01
1.242105942219495773e-02
7.043579464600039364e-01
7.983553254710505920e-01
1.000000000000000000e+00
1.000000000000000000e+00
1.000000000000000000e+00
9.994556354875131499e-01
1.000000000000000000e+00
1.000000000000000000e+00
9.475593013173062573e-01
1.000000000000000000e+00
9.637792027546236984e-01
9.543456777558722015e-01
9.556063499042511955e-01
9.438438842957893593e-01
9.823218675066420769e-01
1.000000000000000000e+00
9.444026107482103027e-01
1.000000000000000000e+00
1.000000000000000000e+00
1.000000000000000000e+00
9.598510337299197559e-01
1.000000000000000000e+00
9.633497633957482931e-01
1.000000000000000000e+00
5.488759337142325556e+00
-8.157551849463062776e-02
2.599996280670165971e-01
-3.741313517093658447e-02
7.572490573953161164e-01
8.037382464637100599e-01
1.000000000000000000e+00
9.911134369246940024e-01
1.000000000000000000e+00
1.000000000000000000e+00
9.844746955573274727e-01
9.870931985213063919e-01
1.000000000000000000e+00
1.000000000000000000e+00
1.000000000000000000e+00
9.987658291199402738e-01
1.000000000000000000e+00
9.456261597700332810e-01
9.908193878122357745e-01
9.779822647176562578e-01
1.000000000000000000e+00
9.775379336384616424e-01
9.833124222606917098e-01
9.459455239684085859e-01
1.000000000000000000e+00
1.000000000000000000e+00
9.606642981321139585e-01
9.805735657222782731e-01
5.462990724926179098e+00
-8.145936307333867532e-02
2.599991631507873602e-01
1.980953849852085114e-02
7.179744530705686190e-01
8.559456493613748496e-01
9.862509441665361365e-01
9.512274091172319146e-01
9.623208469368708107e-01
1.000000000000000000e+00
1.000000000000000000e+00
9.390524862486036017e-01
9.560954236927523553e-01
1.000000000000000000e+00
1.000000000000000000e+00
9.394421585071756065e-01
1.000000000000000000e+00
9.382091310669929962e-01
1.000000000000000000e+00
1.000000000000000000e+00
1.000000000000000000e+00
1.000000000000000000e+00
9.475713281214794836e-01
1.000000000000000000e+00
1.000000000000000000e+00
9.697010893932983544e-01
1.000000000000000000e+00
1.000000000000000000e+00
5.428570912652201486e+00
-8.336861584373822520e-02
2.599995350837707719e-01
3.164803376421332359e-03
7.681111403702994833e-01
9.022548421415328423e-01
9.685774522988950253e-01
9.456857712087615164e-01
9.673486179256635120e-01
1.000000000000000000e+00
9.811337099099720627e-01
1.000000000000000000e+00
9.810385028690566944e-01
9.893283897459188569e-01
1.000000000000000000e+00
9.865936232062743061e-01
9.735743862879849830e-01
9.849124896927784478e-01
1.000000000000000000e+00
1.000000000000000000e+00
9.987069424482256652e-01
1.000000000000000000e+00
9.411131396155825168e-01
1.000000000000000000e+00
1.000000000000000000e+00
9.674289915581819610e-01
9.916796204644576784e-01
9.589121534691532611e-01
5.402593366512522088e+00
-8.538260761818006195e-02
2.599995040893554599e-01
2.423026226460933685e-02
7.022644174913805770e-01
8.379532254520050127e-01
9.805515578203299887e-01
9.890654426336490390e-01
9.798220089038249814e-01
1.000000000000000000e+00
9.666708769862272232e-01
9.816918906486961083e-01
9.824928777850685524e-01
1.000000000000000000e+00
9.672274342105019462e-01
1.000000000000000000e+00
9.726428995212035300e-01
1.000000000000000000e+00
9.759799844019978465e-01
1.000000000000000000e+00
9.955994277299914375e-01
9.524656858478957044e-01
1.000000000000000000e+00
9.587591515818709720e-01
9.664287066597562204e-01
1.000000000000000000e+00
9.770993466348775192e-01
1.000000000000000000e+00
5.376787109310270374e+00
-8.556547121878921303e-02
2.599997830390930464e-01
-8.551349490880966187e-02
7.843717226848514468e-01
8.992264984371178826e-01
9.432359513466045398e-01
9.500393459813061270e-01
1.000000000000000000e+00
1.000000000000000000e+00
1.000000000000000000e+00
1.000000000000000000e+00
1.000000000000000000e+00
9.716562748351247336e-01
1.000000000000000000e+00
1.000000000000000000e+00
9.711736303856062236e-01
9.564449582727501120e-01
1.000000000000000000e+00
1.000000000000000000e+00
1.000000000000000000e+00
9.710737838717801163e-01
1.000000000000000000e+00
1.000000000000000000e+00
9.959575512247459406e-01
1.000000000000000000e+00
9.799259210168598244e-01
1.000000000000000000e+00
5.350950746333111852e+00
-7.944156381514688725e-02
2.599995660781860285e-01
-1.224886346608400345e-02
7.851302905968495782e-01
8.567552279626439171e-01
1.000000000000000000e+00
1.000000000000000000e+00
9.709592967998946778e-01
9.831962867453115651e-01
9.729601704678488838e-01
9.944056023010400258e-01
1.000000000000000000e+00
9.693502235949278401e-01
1.000000000000000000e+00
9.696872876415636444e-01
1.000000000000000000e+00
9.380422808189488038e-01
9.711094451104520520e-01
1.000000000000000000e+00
1.000000000000000000e+00
1.000000000000000000e+00
1.000000000000000000e+00
1.000000000000000000e+00
9.762519559218632015e-01
1.000000000000000000e+00
1.000000000000000000e+00
9.612856751905951569e-01
5.316180069400489927e+00
-7.596842400142167495e-02
2.599997210502624778e-01
-4.560368508100509644e-02
8.035536177095451427e-01
9.379871913508119885e-01
1.000000000000000000e+00
1.000000000000000000e+00
1.000000000000000000e+00
1.000000000000000000e+00
1.000000000000000000e+00
9.714641577865134048e-01
9.924726397999397154e-01
1.000000000000000000e+00
9.547849683292097822e-01
1.000000000000000000e+00
1.000000000000000000e+00
9.841832628067553879e-01
9.853444872293085632e-01
1.000000000000000000e+00
1.000000000000000000e+00
1.000000000000000000e+00
1.000000000000000000e+00
9.501350653821685199e-01
1.000000000000000000e+00
1.000000000000000000e+00
1.000000000000000000e+00
1.000000000000000000e+00
5.290138695438260541e+00
-7.211910445322877727e-02
2.599996590614319092e-01
-4.175610840320587158e-02
8.165273555667821315e-01
8.626282719392631693e-01
1.000000000000000000e+00
1.000000000000000000e+00
9.474294258118879375e-01
1.000000000000000000e+00
9.644648024893545113e-01
1.000000000000000000e+00
1.000000000000000000e+00
1.000000000000000000e+00
9.498000879083875470e-01
1.000000000000000000e+00
9.905256804557449613e-01
9.429109681344033378e-01
9.504928736127657984e-01
1.000000000000000000e+00
1.000000000000000000e+00
1.000000000000000000e+00
9.704251325899015956e-01
9.676848307631849000e-01
9.510973323345081054e-01
1.000000000000000000e+00
1.000000000000000000e+00
9.394448304715091735e-01
5.264193702905948236e+00
-6.609874208289623354e-02
2.599997830390930464e-01
-1.132924631237983704e-01
7.111327886941494203e-01
8.728680438197621294e-01
1.000000000000000000e+00
9.798112017787907746e-01
1.000000000000000000e+00
9.441417202879754944e-01
9.963173182820971308e-01
1.000000000000000000e+00
9.913115857207001058e-01
9.703871890704995895e-01
9.394451018784064633e-01
1.000000000000000000e+00
9.464707734500482639e-01
1.000000000000000000e+00
1.000000000000000000e+00
1.000000000000000000e+00
9.635880023355894997e-01
1.000000000000000000e+00
9.957842880823849496e-01
9.376807580360934091e-01
9.378441082185453581e-01
9.441171419722128588e-01
1.000000000000000000e+00
9.456932275959306633e-01
5.229638018410393663e+00
-5.088088268168866612e-02
2.599997210502624778e-01
-1.122832149267196655e-01
7.986597204795661264e-01
8.781864602954897459e-01
9.872676034140698276e-01
1.000000000000000000e+00
1.000000000000000000e+00
1.000000000000000000e+00
1.000000000000000000e+00
1.000000000000000000e+00
9.375818379321060325e-01
1.000000000000000000e+00
9.414192162160696098e-01
9.553639523464270145e-01
1.000000000000000000e+00
1.000000000000000000e+00
9.770652720244922262e-01
1.000000000000000000e+00
9.593705274982547992e-01
1.000000000000000000e+00
9.901153158447292268e-01
9.760459191543855439e-01
9.486222291812025365e-01
9.813350825902136254e-01
1.000000000000000000e+00
9.558912696198980097e-01
5.203528263851916691e+00
-4.662731559681498883e-02
2.599996900558471657e-01
3.526945039629936218e-02
8.065811271118367154e-01
9.605188488022969873e-01
9.951047346720311992e-01
9.407214402339807435e-01
9.412208835384195948e-01
9.475118715349053478e-01
9.436300252809450839e-01
1.000000000000000000e+00
1.000000000000000000e+00
9.829639178308516856e-01
9.741672899478210912e-01
1.000000000000000000e+00
1.000000000000000000e+00
9.649321377568721436e-01
9.765755641370496010e-01
1.000000000000000000e+00
1.000000000000000000e+00
1.000000000000000000e+00
1.000000000000000000e+00
9.949409583668711310e-01
9.922850719347952042e-01
9.778057349615245641e-01
9.768437796974639431e-01
1.000000000000000000e+00
5.177504564147061394e+00
-5.326584718021354359e-02
2.599996900558471657e-01
7.909629493951797485e-02
8.127692555467531665e-01
9.585495660207251634e-01
9.873944782967273293e-01
9.416894310013733671e-01
1.000000000000000000e+00
1.000000000000000000e+00
9.939654801812346507e-01
1.000000000000000000e+00
9.373682078990530631e-01
1.000000000000000000e+00
1.000000000000000000e+00
1.000000000000000000e+00
1.000000000000000000e+00
9.507635641044948072e-01
1.000000000000000000e+00
1.000000000000000000e+00
9.564947169373575475e-01
1.000000000000000000e+00
9.853455348688052728e-01
1.000000000000000000e+00
1.000000000000000000e+00
1.000000000000000000e+00
9.944980867297038563e-01
9.777385368348407990e-01
5.143154151293578558e+00
-6.111627927503249236e-02
2.599998760223388716e-01
3.162763640284538269e-02
8.469329124044820967e-01
1.000000000000000000e+00
1.000000000000000000e+00
1.000000000000000000e+00
9.759710915811050658e-01
9.652476493700837823e-01
1.000000000000000000e+00
1.000000000000000000e+00
1.000000000000000000e+00
1.000000000000000000e+00
9.596933946306129837e-01
9.973214976831179523e-01
1.000000000000000000e+00
1.000000000000000000e+00
9.572682382099805265e-01
1.000000000000000000e+00
1.000000000000000000e+00
1.000000000000000000e+00
1.000000000000000000e+00
9.864301169410439885e-01
9.908987900020623796e-01
9.523645912523726054e-01
9.943536959325512958e-01
1.000000000000000000e+00
5.117153853789406348e+00
-5.782717127577974292e-02
2.599998140335083030e-01
-4.592470824718475342e-02
7.550273196070941273e-01
1.000000000000000000e+00
1.000000000000000000e+00
9.761891854147896064e-01
1.000000000000000000e+00
9.425165324248491183e-01
9.386402627198119353e-01
9.587522671114306894e-01
1.000000000000000000e+00
9.935250462463584009e-01
1.000000000000000000e+00
9.867875446385345750e-01
9.792795743763986760e-01
9.811067461408610191e-01
9.427371303919745982e-01
1.000000000000000000e+00
1.000000000000000000e+00
9.679126291864117437e-01
9.739024687423666338e-01
9.384990614614079352e-01
9.601599327495067282e-01
1.000000000000000000e+00
9.372777242125707176e-01
1.000000000000000000e+00
5.082408063860113678e+00
-4.476800588033680306e-02
2.599998450279236151e-01
-1.820416897535324097e-01
8.402700014538887485e-01
9.631419519267300222e-01
1.000000000000000000e+00
9.470223938725107482e-01
9.596746668620700360e-01
1.000000000000000000e+00
9.997436630246087086e-01
9.724054617794427591e-01
1.000000000000000000e+00
9.490033480338900818e-01
1.000000000000000000e+00
9.911651814776563096e-01
9.578542644674400419e-01
9.998136136735776835e-01
9.830080112214389931e-01
1.000000000000000000e+00
1.000000000000000000e+00
9.810671032779703093e-01
9.400133105737958905e-01
1.000000000000000000e+00
1.000000000000000000e+00
9.960777263448248320e-01
9.524426099471862139e-01
9.577918316100225704e-01
5.056451511681351541e+00
-3.147714728950290475e-02
2.599998450279236151e-01
-1.154593229293823242e-01
7.759180092064689171e-01
9.831228351940112242e-01
1.000000000000000000e+00
1.000000000000000000e+00
1.000000000000000000e+00
1.000000000000000000e+00
1.000000000000000000e+00
9.551116098526055698e-01
1.000000000000000000e+00
1.000000000000000000e+00
9.394496389072101161e-01
9.731963928373776884e-01
9.634765773424321944e-01
1.000000000000000000e+00
9.655886744775072916e-01
1.000000000000000000e+00
1.000000000000000000e+00
1.000000000000000000e+00
1.000000000000000000e+00
9.640535267045848844e-01
1.000000000000000000e+00
9.672475783227778567e-01
1.000000000000000000e+00
1.000000000000000000e+00
5.047885178555761243e+00
-2.759576016574749602e-02
2.599997830390930464e-01
-9.054151177406311035e-02
8.301211731900253188e-01
9.200419581827741222e-01
1.000000000000000000e+00
1.000000000000000000e+00
1.000000000000000000e+00
1.000000000000000000e+00
1.000000000000000000e+00
9.391885721503754336e-01
9.408678871656699361e-01
1.000000000000000000e+00
1.000000000000000000e+00
1.000000000000000000e+00
9.643173921287548911e-01
1.000000000000000000e+00
9.805642188047946073e-01
1.000000000000000000e+00
1.000000000000000000e+00
1.000000000000000000e+00
1.000000000000000000e+00
9.817410808447358805e-01
1.000000000000000000e+00
1.000000000000000000e+00
1.000000000000000000e+00
9.474850264045681092e-01
4.995740129774421057e+00
-6.277770643760449687e-03
2.599997210502624778e-01
-6.541533861309289932e-03
8.435381169311823024e-01
9.889640081161178431e-01
9.607988144849807233e-01
9.555663850360147649e-01
1.000000000000000000e+00
9.459791963840841200e-01
1.000000000000000000e+00
1.000000000000000000e+00
1.000000000000000000e+00
9.430541869224459139e-01
9.434607228798448375e-01
1.000000000000000000e+00
1.000000000000000000e+00
9.582553899384030904e-01
1.000000000000000000e+00
1.000000000000000000e+00
9.473316337201335147e-01
1.000000000000000000e+00
9.817548937571701773e-01
1.000000000000000000e+00
1.000000000000000000e+00
9.397409119963689994e-01
9.851502813823177496e-01
1.000000000000000000e+00
4.969184426986939407e+00
-6.605230209407286779e-03
2.599997210502624778e-01
8.371558785438537598e-02
8.646626632761599263e-01
9.252401762281191600e-01
1.000000000000000000e+00
9.734638611759842686e-01
9.840880242686774748e-01
1.000000000000000000e+00
1.000000000000000000e+00
1.000000000000000000e+00
9.413042362134337315e-01
9.856392489287238989e-01
1.000000000000000000e+00
9.755893559158235195e-01
9.708448377712298738e-01
9.378808015286926869e-01
9.374128198445593751e-01
9.650664628762403163e-01
1.000000000000000000e+00
1.000000000000000000e+00
9.468348262401968807e-01
1.000000000000000000e+00
1.000000000000000000e+00
1.000000000000000000e+00
9.510588376319748516e-01
1.000000000000000000e+00
4.934778218569362274e+00
-1.721215884786875261e-02
2.599998760223388716e-01
7.559344172477722168e-02
7.921076058849576551e-01
9.764962033138063768e-01
9.636227857352281934e-01
1.000000000000000000e+00
1.000000000000000000e+00
1.000000000000000000e+00
9.608100160820252089e-01
9.896657575405748419e-01
9.426271461928091844e-01
9.784853374157318484e-01
1.000000000000000000e+00
9.587103127294874794e-01
9.582677061169561084e-01
9.399717250966644899e-01
1.000000000000000000e+00
1.000000000000000000e+00
1.000000000000000000e+00
1.000000000000000000e+00
1.000000000000000000e+00
9.959174323211924529e-01
1.000000000000000000e+00
1.000000000000000000e+00
9.997477880452546595e-01
1.000000000000000000e+00
4.908819309581033963e+00
-2.177821932113610526e-02
2.599997520446777344e-01
3.460561484098434448e-02
8.502740264088194388e-01
1.000000000000000000e+00
1.000000000000000000e+00
1.000000000000000000e+00
9.566747196483657012e-01
1.000000000000000000e+00
1.000000000000000000e+00
1.000000000000000000e+00
1.000000000000000000e+00
9.477383904602333375e-01
9.857827749471043122e-01
1.000000000000000000e+00
1.000000000000000000e+00
1.000000000000000000e+00
9.935931752193599698e-01
9.821176388348101804e-01
9.380636830939861337e-01
1.000000000000000000e+00
9.420572707454283323e-01
1.000000000000000000e+00
1.000000000000000000e+00
1.000000000000000000e+00
9.635593290528701171e-01
1.000000000000000000e+00
4.882796487300583799e+00
-2.816921931480875774e-02
2.599997210502624778e-01
8.186373114585876465e-02
8.334613505502772579e-01
9.965628344766289670e-01
9.484657943795704593e-01
9.776049659929884061e-01
1.000000000000000000e+00
9.621224705291534507e-01
1.000000000000000000e+00
9.812295445345270428e-01
9.829844233751510174e-01
9.769886463528977272e-01
9.774403673451983465e-01
1.000000000000000000e+00
1.000000000000000000e+00
1.000000000000000000e+00
9.974761167527284034e-01
1.000000000000000000e+00
9.740876128125516287e-01
9.863242409175497771e-01
9.889893177426888338e-01
1.000000000000000000e+00
9.845783770170649651e-01
1.000000000000000000e+00
1.000000000000000000e+00
1.000000000000000000e+00
4.848003140274157907e+00
-3.558795024541083762e-02
2.599998760223388716e-01
-8.332305587828159332e-03
8.635136115855617245e-01
1.000000000000000000e+00
1.000000000000000000e+00
1.000000000000000000e+00
1.000000000000000000e+00
1.000000000000000000e+00
1.000000000000000000e+00
9.821966035548445051e-01
9.747990411168062641e-01
1.000000000000000000e+00
9.549141840260407799e-01
9.798901293692525716e-01
1.000000000000000000e+00
1.000000000000000000e+00
1.000000000000000000e+00
9.566839801776183538e-01
1.000000000000000000e+00
9.612624798084775657e-01
1.000000000000000000e+00
9.615955885526582536e-01
9.548482102427878759e-01
9.433208265462240671e-01
1.000000000000000000e+00
9.551124334856850862e-01
4.822118995828570398e+00
-3.869573324231634359e-02
2.599998140335083030e-01
5.713061988353729248e-02
8.555521149082226939e-01
1.000000000000000000e+00
9.846817631431638018e-01
1.000000000000000000e+00
1.000000000000000000e+00
9.976094228239268391e-01
1.000000000000000000e+00
9.824474283470958635e-01
1.000000000000000000e+00
9.503743331321363730e-01
9.614553654395352478e-01
1.000000000000000000e+00
1.000000000000000000e+00
9.862474858600487337e-01
9.568797967279206729e-01
1.000000000000000000e+00
1.000000000000000000e+00
1.000000000000000000e+00
9.596762726468741622e-01
9.723631314570896356e-01
1.000000000000000000e+00
1.000000000000000000e+00
9.767468547288268299e-01
1.000000000000000000e+00
4.796105033905196713e+00
-3.314900965761569118e-02
2.599998760223388716e-01
-1.131401434540748596e-01
8.992204960948761983e-01
9.535240441193345573e-01
9.814021346132179024e-01
1.000000000000000000e+00
1.000000000000000000e+00
9.644684672479665322e-01
1.000000000000000000e+00
9.935430818831445521e-01
1.000000000000000000e+00
1.000000000000000000e+00
1.000000000000000000e+00
1.000000000000000000e+00
9.611233071180836918e-01
9.462028387854993783e-01
1.000000000000000000e+00
9.691254313046649971e-01
9.383132576649524381e-01
9.877935142311162764e-01
9.782200340953103312e-01
9.536106883019409564e-01
1.000000000000000000e+00
9.397554231967463201e-01
9.566956159404130799e-01
1.000000000000000000e+00
4.761417345873200979e+00
-1.878880346216404984e-02
2.599998140335083030e-01
-1.176043897867202759e-01
8.898176016744342443e-01
1.000000000000000000e+00
1.000000000000000000e+00
9.910620292878126181e-01
1.000000000000000000e+00
1.000000000000000000e+00
9.651219723890257507e-01
1.000000000000000000e+00
1.000000000000000000e+00
1.000000000000000000e+00
1.000000000000000000e+00
9.753570178013071246e-01
1.000000000000000000e+00
9.495439273315928741e-01
9.514890311343909834e-01
1.000000000000000000e+00
9.897534049384236754e-01
1.000000000000000000e+00
9.464120131700098915e-01
9.941877796188460792e-01
1.000000000000000000e+00
1.000000000000000000e+00
9.749483027834957571e-01
9.373727868814286657e-01
4.735360314072414312e+00
-5.793285898436972836e-03
2.599997520446777344e-01
-1.424287408590316772e-01
8.516455521990969890e-01
1.000000000000000000e+00
9.695423960081803738e-01
9.478801320653201801e-01
1.000000000000000000e+00
9.948892986472092081e-01
1.000000000000000000e+00
1.000000000000000000e+00
9.891863649307414130e-01
1.000000000000000000e+00
1.000000000000000000e+00
9.728701659025663639e-01
1.000000000000000000e+00
9.957958754564838477e-01
1.000000000000000000e+00
1.000000000000000000e+00
9.529581583499133757e-01
1.000000000000000000e+00
9.846714950059477500e-01
9.587518703625377281e-01
1.000000000000000000e+00
9.684681229136961056e-01
9.420634428579992559e-01
9.601118542464320837e-01
4.709271248148248823e+00
9.390662150652206996e-03
2.599997520446777344e-01
-1.500810235738754272e-01
8.199967238400104330e-01
9.556043600638769453e-01
1.000000000000000000e+00
9.900379040349044368e-01
1.000000000000000000e+00
1.000000000000000000e+00
1.000000000000000000e+00
1.000000000000000000e+00
9.814110133792305346e-01
9.576955036311812774e-01
1.000000000000000000e+00
1.000000000000000000e+00
9.849778897182125403e-01
1.000000000000000000e+00
9.546938681295377149e-01
1.000000000000000000e+00
1.000000000000000000e+00
9.988477209863420025e-01
9.745180165876383693e-01
1.000000000000000000e+00
1.000000000000000000e+00
9.450864708237158851e-01
9.797743068931105137e-01
1.000000000000000000e+00
4.674305645278520771e+00
2.300890942167121977e-02
2.599998140335083030e-01
-2.200651168823242188e-02
8.840183630808284843e-01
9.797489907326395464e-01
9.902889265672841779e-01
1.000000000000000000e+00
1.000000000000000000e+00
9.943987014512291056e-01
9.438374020546218546e-01
1.000000000000000000e+00
1.000000000000000000e+00
9.812639221830782299e-01
9.855020328968251420e-01
9.928928125380297454e-01
1.000000000000000000e+00
9.775753950512550139e-01
9.797313107017819878e-01
9.861522066932663089e-01
1.000000000000000000e+00
9.412234993470949274e-01
1.000000000000000000e+00
1.000000000000000000e+00
9.832741016749446672e-01
9.986172866245365265e-01
9.790333691227000035e-01
9.604670104161268096e-01
4.648353992301390569e+00
1.732007234198795764e-02
2.599997210502624778e-01
9.080828726291656494e-02
9.346406790539608656e-01
9.428248294370502602e-01
9.510581281300174439e-01
1.000000000000000000e+00
1.000000000000000000e+00
9.568635592559109337e-01
9.384958097519506826e-01
9.568267241275849599e-01
1.000000000000000000e+00
1.000000000000000000e+00
9.790876154560752553e-01
9.710530350276034284e-01
9.422362262166349423e-01
9.425037177390980236e-01
1.000000000000000000e+00
1.000000000000000000e+00
1.000000000000000000e+00
1.000000000000000000e+00
1.000000000000000000e+00
9.452826136938625723e-01
9.960955687611988685e-01
9.638119727826188754e-01
9.650218814879993889e-01
9.376516321178753888e-01
4.613675078286799902e+00
6.684836829851548146e-03
2.599998760223388716e-01
7.720835506916046143e-02
9.144841014523470424e-01
1.000000000000000000e+00
1.000000000000000000e+00
1.000000000000000000e+00
1.000000000000000000e+00
1.000000000000000000e+00
1.000000000000000000e+00
9.863700136127405704e-01
9.555524465987620397e-01
1.000000000000000000e+00
1.000000000000000000e+00
9.443723307969761338e-01
9.531064437085319252e-01
1.000000000000000000e+00
1.000000000000000000e+00
1.000000000000000000e+00
9.502269965898549886e-01
1.000000000000000000e+00
9.536437146553016220e-01
1.000000000000000000e+00
9.715229475431899075e-01
1.000000000000000000e+00
1.000000000000000000e+00
9.924432759489462130e-01
4.587685494454854407e+00
1.583424652032539015e-03
2.599998760223388716e-01
4.529740288853645325e-02
9.591296985873636327e-01
9.664109671348036779e-01
1.000000000000000000e+00
1.000000000000000000e+00
9.664061878900680469e-01
9.597036602916925174e-01
9.552283155046713548e-01
9.888162099197373989e-01
1.000000000000000000e+00
1.000000000000000000e+00
1.000000000000000000e+00
9.559130290300794641e-01
1.000000000000000000e+00
9.504419383502661356e-01
1.000000000000000000e+00
9.903589368190793829e-01
1.000000000000000000e+00
1.000000000000000000e+00
1.000000000000000000e+00
1.000000000000000000e+00
1.000000000000000000e+00
9.774893314027359725e-01
1.000000000000000000e+00
1.000000000000000000e+00
4.561730585240158398e+00
-2.927367960506188638e-03
2.599998450279236151e-01
2.797989919781684875e-02
9.087297743752040802e-01
1.000000000000000000e+00
9.726861775804692689e-01
1.000000000000000000e+00
9.545397513121931521e-01
1.000000000000000000e+00
1.000000000000000000e+00
9.593169299947331696e-01
9.661595387780989030e-01
9.452310656141935663e-01
1.000000000000000000e+00
1.000000000000000000e+00
9.452375265329591159e-01
9.466355386405101990e-01
9.988936456724903934e-01
1.000000000000000000e+00
1.000000000000000000e+00
9.849350690571613276e-01
1.000000000000000000e+00
9.963720957759509833e-01
9.487222737549093621e-01
9.595206282006329968e-01
9.887387027651871607e-01
9.728424619367038728e-01
4.527226072772776000e+00
-6.051630066325031088e-03
2.599998760223388716e-01
1.277158688753843307e-02
9.405336516465553354e-01
1.000000000000000000e+00
1.000000000000000000e+00
9.423746680635149975e-01
9.982884012338745228e-01
9.587495282800128082e-01
9.750396660280263861e-01
9.770229206018544721e-01
1.000000000000000000e+00
1.000000000000000000e+00
9.438184839796204262e-01
9.639922115130750147e-01
1.000000000000000000e+00
9.635773062599808370e-01
1.000000000000000000e+00
1.000000000000000000e+00
9.510144451330441173e-01
9.747143950319914207e-01
1.000000000000000000e+00
1.000000000000000000e+00
1.000000000000000000e+00
1.000000000000000000e+00
9.794904727272447653e-01
1.000000000000000000e+00
4.501256342282657030e+00
-6.203025544102236388e-03
2.599998760223388716e-01
1.370889251120388508e-03
9.482282469070874020e-01
1.000000000000000000e+00
1.000000000000000000e+00
1.000000000000000000e+00
1.000000000000000000e+00
1.000000000000000000e+00
9.518376301184857669e-01
1.000000000000000000e+00
9.637774505330121144e-01
1.000000000000000000e+00
1.000000000000000000e+00
9.813818472353081912e-01
9.896837772657580690e-01
1.000000000000000000e+00
1.000000000000000000e+00
1.000000000000000000e+00
1.000000000000000000e+00
1.000000000000000000e+00
1.000000000000000000e+00
9.635398645108520510e-01
1.000000000000000000e+00
9.585315200466653085e-01
9.617860064955306987e-01
1.000000000000000000e+00
4.475197730612054947e+00
-4.000361302988308942e-03
2.599999070167541837e-01
-3.111333213746547699e-02
9.404268887890268047e-01
1.000000000000000000e+00
1.000000000000000000e+00
1.000000000000000000e+00
9.574550071325277356e-01
1.000000000000000000e+00
9.450865152851294360e-01
1.000000000000000000e+00
1.000000000000000000e+00
9.674375038201661337e-01
1.000000000000000000e+00
9.760415311495486135e-01
1.000000000000000000e+00
1.000000000000000000e+00
9.757139691701104400e-01
9.749611149243163633e-01
9.873745035491813260e-01
1.000000000000000000e+00
9.478124632792098714e-01
1.000000000000000000e+00
9.995794913108458912e-01
1.000000000000000000e+00
9.897384707248352287e-01
9.382348715714764475e-01
4.449212610377097477e+00
-1.980850928107513731e-03
2.599998450279236151e-01
-2.172502316534519196e-02
1.000000000000000000e+00
1.000000000000000000e+00
1.000000000000000000e+00
9.383053342254388252e-01
9.644094706995749444e-01
1.000000000000000000e+00
9.726197175614345047e-01
1.000000000000000000e+00
9.740610407170039453e-01
1.000000000000000000e+00
9.421687099950802891e-01
9.795720999927132189e-01
1.000000000000000000e+00
1.000000000000000000e+00
1.000000000000000000e+00
1.000000000000000000e+00
1.000000000000000000e+00
1.000000000000000000e+00
1.000000000000000000e+00
9.819343032491334444e-01
9.663364803245750867e-01
9.766215918327685319e-01
9.510663104077797803e-01
9.928919286148012446e-01
4.414686410861418331e+00
3.694381541507363309e-03
2.599998140335083030e-01
-6.275599449872970581e-02
1.000000000000000000e+00
1.000000000000000000e+00
1.000000000000000000e+00
1.000000000000000000e+00
9.691468776244706040e-01
1.000000000000000000e+00
1.000000000000000000e+00
1.000000000000000000e+00
9.563196107884566199e-01
9.442327823234050177e-01
9.502541792073987414e-01
9.414590187989209102e-01
9.443008445210882007e-01
9.737694613943472799e-01
9.568017299797481057e-01
9.409939988517475040e-01
1.000000000000000000e+00
1.000000000000000000e+00
1.000000000000000000e+00
1.000000000000000000e+00
1.000000000000000000e+00
9.433185579582908931e-01
1.000000000000000000e+00
1.000000000000000000e+00
4.397233793596623919e+00
9.562223134535474678e-03
2.599999070167541837e-01
-1.052443087100982666e-01
1.000000000000000000e+00
9.972347837845020324e-01
1.000000000000000000e+00
9.395660882433617411e-01
9.644214677283751147e-01
9.771283525409967252e-01
9.923063937404751345e-01
1.000000000000000000e+00
1.000000000000000000e+00
9.757544385317623581e-01
1.000000000000000000e+00
9.801756503648929586e-01
9.663815171659896341e-01
1.000000000000000000e+00
1.000000000000000000e+00
9.945532012463145222e-01
1.000000000000000000e+00
9.995285354508735010e-01
1.000000000000000000e+00
1.000000000000000000e+00
9.963179594529549821e-01
1.000000000000000000e+00
9.728588709612341345e-01
1.000000000000000000e+00
4.345124803238699762e+00
3.394314843537871162e-02
2.599997830390930464e-01
-1.712640821933746338e-01
9.388755439511908829e-01
9.441860931588866857e-01
9.765332878234131986e-01
9.510797116073629320e-01
1.000000000000000000e+00
1.000000000000000000e+00
1.000000000000000000e+00
1.000000000000000000e+00
1.000000000000000000e+00
9.752696439310944987e-01
1.000000000000000000e+00
9.749352277786187404e-01
9.908776427379614171e-01
9.593477690076530617e-01
9.727377121398118609e-01
9.586476127821226267e-01
9.687239883067194635e-01
9.534670883623103110e-01
9.458374285870075893e-01
9.993000117362157431e-01
9.594035440844539409e-01
1.000000000000000000e+00
1.000000000000000000e+00
1.000000000000000000e+00
4.319569853465210052e+00
4.243343866768523043e-02
2.599999070167541837e-01
-7.085550576448440552e-02
9.528433919937823182e-01
9.939023139370123383e-01
1.000000000000000000e+00
9.555698902872667988e-01
9.454065970308711542e-01
1.000000000000000000e+00
1.000000000000000000e+00
1.000000000000000000e+00
9.948559641512192409e-01
9.912811809892198012e-01
9.730237747818971661e-01
1.000000000000000000e+00
9.667357072547984043e-01
9.394995350722320504e-01
9.744383234493144696e-01
1.000000000000000000e+00
1.000000000000000000e+00
1.000000000000000000e+00
9.449670250835235930e-01
1.000000000000000000e+00
9.988101145090276800e-01
1.000000000000000000e+00
1.000000000000000000e+00
9.493358978566879269e-01
4.293651502325968927e+00
4.651820116179150588e-02
2.599997520446777344e-01
4.302917793393135071e-02
1.000000000000000000e+00
1.000000000000000000e+00
1.000000000000000000e+00
9.977292248161181432e-01
1.000000000000000000e+00
1.000000000000000000e+00
1.000000000000000000e+00
1.000000000000000000e+00
1.000000000000000000e+00
9.594287736910734887e-01
1.000000000000000000e+00
1.000000000000000000e+00
1.000000000000000000e+00
1.000000000000000000e+00
9.654571966805759464e-01
1.000000000000000000e+00
1.000000000000000000e+00
9.974657084413257602e-01
1.000000000000000000e+00
9.864846167109113662e-01
9.964374908125692709e-01
1.000000000000000000e+00
9.985974662289668347e-01
9.812505200572936293e-01
4.259153147953403717e+00
4.069386549372699946e-02
2.599999070167541837e-01
4.708085209131240845e-02
1.000000000000000000e+00
1.000000000000000000e+00
9.824191907437180848e-01
9.912871941956910016e-01
1.000000000000000000e+00
1.000000000000000000e+00
1.000000000000000000e+00
9.419999303240300659e-01
1.000000000000000000e+00
1.000000000000000000e+00
1.000000000000000000e+00
1.000000000000000000e+00
9.638738727270351747e-01
1.000000000000000000e+00
1.000000000000000000e+00
9.371766829171649382e-01
1.000000000000000000e+00
9.415770503328018126e-01
9.903864281587987373e-01
1.000000000000000000e+00
1.000000000000000000e+00
1.000000000000000000e+00
9.695211773604131000e-01
9.591408695492791292e-01
4.233217723174426794e+00
3.628171561857773675e-02
2.599999380111694403e-01
3.527843579649925232e-02
9.766784937917839526e-01
1.000000000000000000e+00
1.000000000000000000e+00
9.410217531801550184e-01
1.000000000000000000e+00
1.000000000000000000e+00
9.416212440573875631e-01
9.587117205144967125e-01
9.384024904192774796e-01
1.000000000000000000e+00
9.976562242202225983e-01
1.000000000000000000e+00
1.000000000000000000e+00
1.000000000000000000e+00
9.695761591973788285e-01
9.414856854308272238e-01
9.733201679399149375e-01
1.000000000000000000e+00
9.765423733434354103e-01
1.000000000000000000e+00
9.691604937700086797e-01
9.928679007339383800e-01
9.921616024903157083e-01
1.000000000000000000e+00
4.207278343164879253e+00
3.592163105071610740e-02
2.599999380111694403e-01
-8.234446868300437927e-03
9.414755040357914995e-01
9.777047543788141004e-01
9.658657407449081633e-01
1.000000000000000000e+00
9.757182407204385566e-01
1.000000000000000000e+00
9.455523162579453356e-01
1.000000000000000000e+00
1.000000000000000000e+00
1.000000000000000000e+00
1.000000000000000000e+00
9.883888458906913144e-01
9.534477827611220757e-01
1.000000000000000000e+00
1.000000000000000000e+00
1.000000000000000000e+00
1.000000000000000000e+00
9.734029570918540930e-01
9.625070722551514191e-01
1.000000000000000000e+00
9.664297487193828085e-01
9.509523327995959008e-01
9.627435521677887298e-01
1.000000000000000000e+00
4.172447731944670224e+00
3.554029756222476522e-02
2.599998140335083030e-01
2.833896316587924957e-02
9.418982945685152597e-01
1.000000000000000000e+00
1.000000000000000000e+00
1.000000000000000000e+00
1.000000000000000000e+00
1.000000000000000000e+00
9.772815550546521957e-01
9.920241096912464362e-01
1.000000000000000000e+00
9.514433238225156186e-01
1.000000000000000000e+00
9.511226959662578695e-01
1.000000000000000000e+00
9.818841025477741402e-01
9.711727388081128343e-01
9.618794584666044978e-01
1.000000000000000000e+00
9.398473991534295191e-01
1.000000000000000000e+00
1.000000000000000000e+00
9.979127410747782312e-01
9.562685848801717459e-01
1.000000000000000000e+00
1.000000000000000000e+00
4.146509875199688722e+00
3.185421968363955081e-02
2.599999380111694403e-01
4.391042888164520264e-02
1.000000000000000000e+00
9.620641130661731211e-01
1.000000000000000000e+00
1.000000000000000000e+00
9.949715918828153649e-01
1.000000000000000000e+00
9.374120339502498567e-01
9.499080618194225556e-01
9.497006273349958283e-01
9.640811650548478662e-01
1.000000000000000000e+00
1.000000000000000000e+00
1.000000000000000000e+00
9.709877508172904959e-01
9.562675885174698465e-01
1.000000000000000000e+00
9.481337938057897707e-01
9.771249702212471133e-01
9.934729909651113244e-01
9.577777078102494013e-01
1.000000000000000000e+00
1.000000000000000000e+00
9.491295847270169173e-01
1.000000000000000000e+00
4.112048466502087329e+00
2.845154874362876285e-02
2.599999380111694403e-01
2.053856290876865387e-02
1.000000000000000000e+00
1.000000000000000000e+00
9.899626292662950799e-01
9.894827152589252828e-01
1.000000000000000000e+00
9.480930163509263542e-01
9.959618398645435633e-01
1.000000000000000000e+00
1.000000000000000000e+00
9.491665675385297929e-01
9.747831796550200378e-01
1.000000000000000000e+00
1.000000000000000000e+00
9.706327714420124320e-01
9.496973449668547618e-01
9.627494669475433753e-01
9.764832286930873462e-01
9.662988082949786062e-01
9.915113266473245535e-01
9.743685050216318588e-01
1.000000000000000000e+00
1.000000000000000000e+00
9.960683171166014871e-01
1.000000000000000000e+00
4.086090523786281459e+00
2.719679395305574232e-02
2.599999070167541837e-01
1.869575679302215576e-02
1.000000000000000000e+00
9.728732325670502723e-01
1.000000000000000000e+00
1.000000000000000000e+00
1.000000000000000000e+00
9.508245956162398871e-01
9.552281869164229722e-01
9.957999640523956808e-01
9.483252530830709182e-01
9.553519427117044271e-01
1.000000000000000000e+00
9.424680483988040480e-01
9.740518457631247573e-01
1.000000000000000000e+00
1.000000000000000000e+00
9.648310985894414937e-01
1.000000000000000000e+00
1.000000000000000000e+00
1.000000000000000000e+00
1.000000000000000000e+00
9.820958883189169208e-01
9.681629905600221964e-01
1.000000000000000000e+00
1.000000000000000000e+00
4.060065485414764197e+00
2.868136594441839105e-02
2.599999380111694403e-01
-2.748698741197586060e-02
9.450088460612607877e-01
1.000000000000000000e+00
9.808511810791580299e-01
1.000000000000000000e+00
1.000000000000000000e+00
1.000000000000000000e+00
9.915226237800508491e-01
1.000000000000000000e+00
9.570828645767093246e-01
1.000000000000000000e+00
1.000000000000000000e+00
1.000000000000000000e+00
9.957751185893528589e-01
1.000000000000000000e+00
9.539191322962566888e-01
1.000000000000000000e+00
9.408702529833313788e-01
9.472162091424548569e-01
1.000000000000000000e+00
1.000000000000000000e+00
9.653990985453558826e-01
1.000000000000000000e+00
1.000000000000000000e+00
1.000000000000000000e+00
4.025530565871736854e+00
3.100809276363558631e-02
2.599999070167541837e-01
-1.767657510936260223e-02
9.969397926813076127e-01
9.542955189676305405e-01
1.000000000000000000e+00
1.000000000000000000e+00
9.770703474914684827e-01
1.000000000000000000e+00
9.377652823453657138e-01
9.501307790589877955e-01
9.948023477077246879e-01
1.000000000000000000e+00
1.000000000000000000e+00
1.000000000000000000e+00
1.000000000000000000e+00
1.000000000000000000e+00
1.000000000000000000e+00
1.000000000000000000e+00
9.440063100797859708e-01
1.000000000000000000e+00
9.891369294304063198e-01
9.859652256958828520e-01
9.515752656493774442e-01
1.000000000000000000e+00
9.685847999174862499e-01
1.000000000000000000e+00
3.999632013688411369e+00
3.259679316030605900e-02
2.599999380111694403e-01
-3.208524780347943306e-03
1.000000000000000000e+00
9.619395922729286896e-01
9.757505982273882994e-01
9.480557043435436926e-01
9.515402979824603147e-01
9.981839551067998029e-01
9.915127298647672394e-01
9.661011277214530679e-01
9.539748049839079647e-01
9.695021139905526386e-01
9.875571036742407660e-01
1.000000000000000000e+00
1.000000000000000000e+00
9.405364587032868373e-01
1.000000000000000000e+00
9.503467807067718098e-01
1.000000000000000000e+00
9.777262346727761955e-01
1.000000000000000000e+00
1.000000000000000000e+00
1.000000000000000000e+00
9.760248904841336559e-01
9.732101054525503780e-01
1.000000000000000000e+00
3.973639952220324290e+00
3.324024161580396708e-02
2.599999380111694403e-01
2.273492282256484032e-03
9.898464862974832856e-01
1.000000000000000000e+00
9.892619476385279276e-01
1.000000000000000000e+00
1.000000000000000000e+00
1.000000000000000000e+00
1.000000000000000000e+00
1.000000000000000000e+00
1.000000000000000000e+00
9.908714380401955069e-01
9.518849313367717668e-01
1.000000000000000000e+00
1.000000000000000000e+00
1.000000000000000000e+00
9.622635512574087002e-01
1.000000000000000000e+00
9.826163096061508728e-01
9.797380875370748088e-01
1.000000000000000000e+00
9.415015937386025380e-01
1.000000000000000000e+00
1.000000000000000000e+00
9.394742934315436500e-01
1.000000000000000000e+00
3.947660636953064461e+00
3.356666979680100749e-02
2.599999380111694403e-01
-6.557682529091835022e-03
1.000000000000000000e+00
1.000000000000000000e+00
9.431215561673971237e-01
1.000000000000000000e+00
1.000000000000000000e+00
1.000000000000000000e+00
9.892102095296289033e-01
9.657742979928969351e-01
9.524258344483576000e-01
1.000000000000000000e+00
1.000000000000000000e+00
1.000000000000000000e+00
9.419065367041586923e-01
9.409863278150979449e-01
1.000000000000000000e+00
1.000000000000000000e+00
9.636426046150015079e-01
1.000000000000000000e+00
9.793508160926964745e-01
9.963488151528749892e-01
9.907011146180526584e-01
9.815443057819842609e-01
1.000000000000000000e+00
1.000000000000000000e+00
3.912854703906896603e+00
3.692400772728199332e-02
2.599999690055847523e-01
-4.997970908880233765e-02
1.000000000000000000e+00
1.000000000000000000e+00
1.000000000000000000e+00
9.624075780682769254e-01
1.000000000000000000e+00
1.000000000000000000e+00
1.000000000000000000e+00
1.000000000000000000e+00
9.371576616138586058e-01
9.748991392816080959e-01
9.765034883389930309e-01
1.000000000000000000e+00
9.720133663541286051e-01
1.000000000000000000e+00
9.524274268645349650e-01
1.000000000000000000e+00
1.000000000000000000e+00
9.756022640856157890e-01
9.641395397232275233e-01
9.443256129534666199e-01
1.000000000000000000e+00
9.379493290776980130e-01
9.989859027311328576e-01
9.985494241575254559e-01
3.886898138223536581e+00
4.326146408787701070e-02
2.599999380111694403e-01
-5.782454460859298706e-02
9.567245641381454391e-01
9.401546967224115869e-01
1.000000000000000000e+00
1.000000000000000000e+00
1.000000000000000000e+00
1.000000000000000000e+00
1.000000000000000000e+00
9.429644766047943216e-01
1.000000000000000000e+00
1.000000000000000000e+00
9.592519756453359303e-01
1.000000000000000000e+00
1.000000000000000000e+00
1.000000000000000000e+00
1.000000000000000000e+00
1.000000000000000000e+00
1.000000000000000000e+00
1.000000000000000000e+00
9.470967038245553526e-01
1.000000000000000000e+00
9.375219034342021640e-01
1.000000000000000000e+00
9.818599009931769928e-01
1.000000000000000000e+00
3.860856790266887995e+00
4.968288558327393911e-02
2.599999380111694403e-01
-5.496026575565338135e-02
1.000000000000000000e+00
9.597512960991271269e-01
1.000000000000000000e+00
1.000000000000000000e+00
1.000000000000000000e+00
1.000000000000000000e+00
9.425902403141098729e-01
1.000000000000000000e+00
9.395260681699554306e-01
1.000000000000000000e+00
9.637982775763889176e-01
9.770062574366585872e-01
9.569457466338778806e-01
1.000000000000000000e+00
1.000000000000000000e+00
1.000000000000000000e+00
1.000000000000000000e+00
9.418288484137288252e-01
9.996266882159746681e-01
1.000000000000000000e+00
1.000000000000000000e+00
9.886645913699061428e-01
9.560245183435415184e-01
9.846053411338359096e-01
3.826342168112847997e+00
5.292993013462521379e-02
2.599999380111694403e-01
2.721117576584219933e-03
1.000000000000000000e+00
1.000000000000000000e+00
1.000000000000000000e+00
9.646978891465961548e-01
9.636997011438820371e-01
1.000000000000000000e+00
1.000000000000000000e+00
1.000000000000000000e+00
1.000000000000000000e+00
9.779832018325512744e-01
1.000000000000000000e+00
9.612593898344721222e-01
9.719278613897393004e-01
1.000000000000000000e+00
1.000000000000000000e+00
9.614000485632100412e-01
9.705340706465593881e-01
9.899375681431157314e-01
1.000000000000000000e+00
1.000000000000000000e+00
1.000000000000000000e+00
9.799240674892863989e-01
9.887156765856202068e-01
1.000000000000000000e+00
3.800414870254708255e+00
5.504505585156771463e-02
2.599999690055847523e-01
-2.705390192568302155e-02
9.406017028285232895e-01
9.760296201612532752e-01
9.394966611129672573e-01
1.000000000000000000e+00
9.541865808768694723e-01
9.951652494448024466e-01
1.000000000000000000e+00
9.701928558304188099e-01
9.968926728345800514e-01
1.000000000000000000e+00
9.544918061155222011e-01
1.000000000000000000e+00
1.000000000000000000e+00
1.000000000000000000e+00
9.796372782979192451e-01
1.000000000000000000e+00
1.000000000000000000e+00
1.000000000000000000e+00
9.547530645255389858e-01
9.756722279882065196e-01
9.554348604887381580e-01
9.748326476289946863e-01
9.766828902505582111e-01
1.000000000000000000e+00
3.774435173653150066e+00
6.058138815952862632e-02
2.599999690055847523e-01
-5.625881254673004150e-02
9.522421487665230222e-01
9.780528777375184779e-01
1.000000000000000000e+00
1.000000000000000000e+00
9.940432561582069892e-01
9.891164375305513401e-01
9.620440670831912344e-01
9.690699258211188383e-01
9.575125231800284409e-01
1.000000000000000000e+00
9.417714192119980288e-01
1.000000000000000000e+00
9.829629908911716729e-01
1.000000000000000000e+00
1.000000000000000000e+00
9.886840145225737064e-01
1.000000000000000000e+00
1.000000000000000000e+00
9.538189276379335224e-01
1.000000000000000000e+00
1.000000000000000000e+00
9.814174098941421676e-01
9.615724351629325595e-01
9.407782259841461769e-01
3.739815429250299417e+00
6.525943405662848473e-02
2.599999690055847523e-01
6.179687101393938065e-03
9.391256159485275035e-01
1.000000000000000000e+00
9.999792242957848964e-01
9.667150734875730178e-01
9.495367254255248080e-01
1.000000000000000000e+00
9.568427285702093554e-01
1.000000000000000000e+00
1.000000000000000000e+00
1.000000000000000000e+00
9.834787623160791137e-01
9.566070248950635513e-01
1.000000000000000000e+00
9.953503053794247046e-01
9.798746594254966746e-01
9.383463626827885928e-01
1.000000000000000000e+00
9.703788191045727984e-01
1.000000000000000000e+00
1.000000000000000000e+00
1.000000000000000000e+00
1.000000000000000000e+00
9.551872316566328847e-01
1.000000000000000000e+00
3.713878598127738240e+00
6.537012383571516594e-02
2.599999690055847523e-01
-6.853912491351366043e-03
9.920347437846551708e-01
9.983167563912058728e-01
9.461911450225189979e-01
1.000000000000000000e+00
1.000000000000000000e+00
9.415318941704189371e-01
9.663519605439265803e-01
1.000000000000000000e+00
1.000000000000000000e+00
9.601824110000916068e-01
9.653969584931986203e-01
1.000000000000000000e+00
1.000000000000000000e+00
1.000000000000000000e+00
9.515792998780846501e-01
9.773942704747565768e-01
9.654036266697038071e-01
9.647669562967898793e-01
9.687203462343331184e-01
1.000000000000000000e+00
9.899236040758770949e-01
1.000000000000000000e+00
9.761219100479393562e-01
1.000000000000000000e+00
3.687958213971270993e+00
6.774574401609390062e-02
2.599999690055847523e-01
-2.181155048310756683e-02
1.000000000000000000e+00
9.822487894624878368e-01
9.817504097665362695e-01
1.000000000000000000e+00
9.961152791249757721e-01
1.000000000000000000e+00
1.000000000000000000e+00
1.000000000000000000e+00
1.000000000000000000e+00
9.421805359825130566e-01
9.823457244444085967e-01
9.538575327913115798e-01
9.727263501348387686e-01
9.699396459006223159e-01
1.000000000000000000e+00
9.613895982752157510e-01
1.000000000000000000e+00
1.000000000000000000e+00
1.000000000000000000e+00
1.000000000000000000e+00
9.723657815129282955e-01
9.858449750982625215e-01
9.453851532275765468e-01
9.905154597754830537e-01
3.644645094771512994e+00
7.268365164326806571e-02
2.600000000000000089e-01
-2.567853964865207672e-02
9.580201057165463885e-01
1.000000000000000000e+00
1.000000000000000000e+00
9.669859093259247640e-01
9.860982205896550168e-01
1.000000000000000000e+00
9.414331439882651642e-01
9.824502369466076024e-01
9.873404593272002705e-01
1.000000000000000000e+00
1.000000000000000000e+00
9.715319781046803937e-01
1.000000000000000000e+00
1.000000000000000000e+00
9.887337111943433898e-01
9.422057036440322220e-01
9.633019766677008988e-01
9.416844493261271598e-01
1.000000000000000000e+00
1.000000000000000000e+00
1.000000000000000000e+00
9.428360404276940887e-01
1.000000000000000000e+00
1.000000000000000000e+00
3.610156311710641663e+00
7.874509185712130765e-02
2.600000000000000089e-01
-7.034020870923995972e-02
1.000000000000000000e+00
9.471083485380172862e-01
9.699595896564751074e-01
9.709643361641863146e-01
1.000000000000000000e+00
9.639328581178482347e-01
1.000000000000000000e+00
1.000000000000000000e+00
9.643447882836335694e-01
1.000000000000000000e+00
1.000000000000000000e+00
9.691186441170966948e-01
9.741848696890770265e-01
9.536875466400080992e-01
9.817232904196561138e-01
9.983937463343799390e-01
1.000000000000000000e+00
9.736379507623161844e-01
9.434186423503108099e-01
9.926505590612592078e-01
1.000000000000000000e+00
9.989837769232349229e-01
1.000000000000000000e+00
1.000000000000000000e+00
3.584321822259450396e+00
8.519165771868408843e-02
2.599999690055847523e-01
-3.887776285409927368e-02
1.000000000000000000e+00
1.000000000000000000e+00
1.000000000000000000e+00
9.993103690227308489e-01
1.000000000000000000e+00
1.000000000000000000e+00
9.460945802637777957e-01
9.785915026795368732e-01
1.000000000000000000e+00
9.915933373836847142e-01
9.940851263400588556e-01
9.526373435348870489e-01
9.483177142632014389e-01
9.529202494859595474e-01
1.000000000000000000e+00
1.000000000000000000e+00
1.000000000000000000e+00
1.000000000000000000e+00
1.000000000000000000e+00
9.750577326990466087e-01
1.000000000000000000e+00
1.000000000000000000e+00
9.798588499311939870e-01
1.000000000000000000e+00
3.549586337547179227e+00
9.149698194760380598e-02
2.600000000000000089e-01
-3.356755152344703674e-02
1.000000000000000000e+00
9.700763141934778400e-01
1.000000000000000000e+00
1.000000000000000000e+00
9.581108994884480756e-01
1.000000000000000000e+00
1.000000000000000000e+00
9.766513497940582100e-01
9.768017258173339323e-01
9.574115145906437752e-01
9.951316967749047615e-01
9.847023459461874406e-01
1.000000000000000000e+00
1.000000000000000000e+00
9.622335466834365247e-01
9.592908037041704139e-01
1.000000000000000000e+00
1.000000000000000000e+00
1.000000000000000000e+00
1.000000000000000000e+00
9.559058459571481148e-01
1.000000000000000000e+00
1.000000000000000000e+00
1.000000000000000000e+00
3.523769849065518489e+00
9.760581389632105864e-02
2.600000000000000089e-01
-8.081809431314468384e-02
1.000000000000000000e+00
9.971534752761516129e-01
9.525629627685301415e-01
1.000000000000000000e+00
1.000000000000000000e+00
9.644172695754283930e-01
9.689020658791872576e-01
9.996296807274730467e-01
1.000000000000000000e+00
9.662337352432684989e-01
1.000000000000000000e+00
1.000000000000000000e+00
1.000000000000000000e+00
1.000000000000000000e+00
9.650864916792158965e-01
1.000000000000000000e+00
9.433548833539047163e-01
1.000000000000000000e+00
9.729380038435708755e-01
1.000000000000000000e+00
1.000000000000000000e+00
9.443564711834940839e-01
9.499439982821940021e-01
1.000000000000000000e+00
3.497849035471217949e+00
1.033145050751751448e-01
2.600000000000000089e-01
-4.056269302964210510e-02
1.000000000000000000e+00
1.000000000000000000e+00
9.396371068987725561e-01
1.000000000000000000e+00
1.000000000000000000e+00
1.000000000000000000e+00
1.000000000000000000e+00
1.000000000000000000e+00
9.774611277585651958e-01
9.485151718270452559e-01
1.000000000000000000e+00
1.000000000000000000e+00
1.000000000000000000e+00
9.851746238516139176e-01
1.000000000000000000e+00
9.798703764727813015e-01
9.542836000007511865e-01
9.589762238071759537e-01
1.000000000000000000e+00
9.498582115197269360e-01
1.000000000000000000e+00
9.802097431018524931e-01
1.000000000000000000e+00
1.000000000000000000e+00
3.463472178679296576e+00
1.095113707136889936e-01
2.600000000000000089e-01
-2.913863584399223328e-02
1.000000000000000000e+00
1.000000000000000000e+00
1.000000000000000000e+00
9.867762927991060584e-01
9.751546892172431313e-01
1.000000000000000000e+00
9.846410096178519478e-01
1.000000000000000000e+00
9.502054876503852610e-01
1.000000000000000000e+00
9.660980145689082033e-01
1.000000000000000000e+00
1.000000000000000000e+00
9.910927300453635791e-01
1.000000000000000000e+00
1.000000000000000000e+00
9.782109264917098201e-01
9.761047684002134295e-01
1.000000000000000000e+00
9.413098711928201690e-01
1.000000000000000000e+00
1.000000000000000000e+00
9.801985796806346185e-01
9.523854346250008041e-01
3.437637175824555857e+00
1.118316116177965336e-01
2.600000000000000089e-01
-5.858483724296092987e-03
9.587903617239784682e-01
1.000000000000000000e+00
9.892290816756564853e-01
1.000000000000000000e+00
1.000000000000000000e+00
1.000000000000000000e+00
1.000000000000000000e+00
9.572587229090716576e-01
9.411809936830540790e-01
1.000000000000000000e+00
9.773584466128545367e-01
9.957867107960325370e-01
1.000000000000000000e+00
1.000000000000000000e+00
9.512937677724085939e-01
9.670867557157182270e-01
9.429555635602361319e-01
9.574082782428963156e-01
9.441783786948835244e-01
9.760009152176655212e-01
9.948329702619937986e-01
1.000000000000000000e+00
1.000000000000000000e+00
1.000000000000000000e+00
3.411814994488840735e+00
1.134240464696926187e-01
2.600000000000000089e-01
-2.703854255378246307e-02
9.622373578610430300e-01
9.981270474348274968e-01
9.876895820503716061e-01
1.000000000000000000e+00
9.760318305336479483e-01
9.401804508360441792e-01
9.821762700222764764e-01
9.977095609581102531e-01
1.000000000000000000e+00
9.935874148912381409e-01
1.000000000000000000e+00
1.000000000000000000e+00
9.580526732876719631e-01
1.000000000000000000e+00
1.000000000000000000e+00
1.000000000000000000e+00
9.874336597715585029e-01
1.000000000000000000e+00
9.882832391779600156e-01
9.470824928117019814e-01
9.528607504476097612e-01
1.000000000000000000e+00
1.000000000000000000e+00
1.000000000000000000e+00
3.385966800746428973e+00
1.164271610435941851e-01
2.600000000000000089e-01
-1.090207044035196304e-02
9.603517306199735870e-01
9.845402135022499612e-01
9.380602128987953758e-01
1.000000000000000000e+00
1.000000000000000000e+00
9.405671630646254000e-01
1.000000000000000000e+00
1.000000000000000000e+00
9.874767789298904974e-01
1.000000000000000000e+00
9.377232018606903585e-01
9.780016718254895824e-01
1.000000000000000000e+00
9.488138409659885308e-01
9.492159673891258365e-01
9.629817996240427336e-01
1.000000000000000000e+00
1.000000000000000000e+00
9.937392967731363269e-01
9.921891841167066461e-01
9.514545364150700513e-01
1.000000000000000000e+00
9.645659042255007032e-01
9.883238772305752429e-01
3.351657617068366513e+00
1.189082178619685903e-01
2.600000000000000089e-01
6.333084776997566223e-03
1.000000000000000000e+00
9.970842943940223524e-01
9.788974113340965788e-01
1.000000000000000000e+00
1.000000000000000000e+00
1.000000000000000000e+00
1.000000000000000000e+00
9.516800558772929852e-01
9.975905118219803303e-01
1.000000000000000000e+00
1.000000000000000000e+00
1.000000000000000000e+00
9.738988141373952079e-01
9.760120253912848431e-01
1.000000000000000000e+00
9.553878603113706847e-01
9.472612577827529412e-01
1.000000000000000000e+00
1.000000000000000000e+00
1.000000000000000000e+00
9.632444980155098202e-01
1.000000000000000000e+00
9.965258335160964709e-01
9.593750483343932434e-01
3.325920728498196421e+00
1.193683307401151028e-01
2.600000000000000089e-01
-4.365198314189910889e-03
1.000000000000000000e+00
9.382275529693268057e-01
1.000000000000000000e+00
1.000000000000000000e+00
1.000000000000000000e+00
9.419016257402804682e-01
9.964635070710413656e-01
9.656041651695337347e-01
1.000000000000000000e+00
9.432850111662700598e-01
9.550397488000273993e-01
1.000000000000000000e+00
9.835273578022161178e-01
9.700737365275189372e-01
9.684662337567326862e-01
9.784532539978915144e-01
1.000000000000000000e+00
1.000000000000000000e+00
1.000000000000000000e+00
1.000000000000000000e+00
9.845533129204708800e-01
9.464268938957933752e-01
1.000000000000000000e+00
1.000000000000000000e+00
3.291294050817168415e+00
1.242369582037988751e-01
2.600000000000000089e-01
-6.076667830348014832e-02
9.730705965434286453e-01
9.414826558539279855e-01
1.000000000000000000e+00
9.760979434398581178e-01
1.000000000000000000e+00
1.000000000000000000e+00
1.000000000000000000e+00
1.000000000000000000e+00
9.708969527012213385e-01
1.000000000000000000e+00
1.000000000000000000e+00
1.000000000000000000e+00
1.000000000000000000e+00
1.000000000000000000e+00
1.000000000000000000e+00
9.531914337448033070e-01
1.000000000000000000e+00
1.000000000000000000e+00
9.644138485976857522e-01
9.470627139084560886e-01
1.000000000000000000e+00
1.000000000000000000e+00
1.000000000000000000e+00
9.471570724391568108e-01
3.265573855736659592e+00
1.293371179693508788e-01
2.600000000000000089e-01
-1.286685280501842499e-02
9.661505244944422754e-01
1.000000000000000000e+00
9.481388832947061918e-01
1.000000000000000000e+00
1.000000000000000000e+00
1.000000000000000000e+00
9.456207463278081260e-01
9.917124407533745023e-01
1.000000000000000000e+00
1.000000000000000000e+00
9.963497159706442563e-01
1.000000000000000000e+00
9.922523798098997760e-01
1.000000000000000000e+00
9.887006688213119121e-01
1.000000000000000000e+00
1.000000000000000000e+00
9.614349353542366305e-01
9.879410633689522658e-01
1.000000000000000000e+00
9.429967194489599080e-01
1.000000000000000000e+00
9.513633276309091391e-01
1.000000000000000000e+00
3.239790845064902669e+00
1.314579021243863499e-01
2.600000000000000089e-01
6.127162370830774307e-03
9.511978642678364793e-01
9.814279071925159359e-01
9.819790223164511778e-01
1.000000000000000000e+00
1.000000000000000000e+00
1.000000000000000000e+00
1.000000000000000000e+00
1.000000000000000000e+00
1.000000000000000000e+00
1.000000000000000000e+00
1.000000000000000000e+00
1.000000000000000000e+00
9.748025487715430426e-01
9.900772458680719978e-01
1.000000000000000000e+00
9.826499592790188808e-01
1.000000000000000000e+00
9.952689508854158928e-01
9.684552507769469409e-01
9.526033782454554899e-01
1.000000000000000000e+00
9.723130100928912833e-01
1.000000000000000000e+00
9.790480903761740183e-01
3.205562015254326713e+00
1.317715469259878036e-01
2.600000000000000089e-01
3.591533459257334471e-04
9.657620283404646511e-01
9.739980470607676466e-01
1.000000000000000000e+00
9.444808967274049838e-01
9.903985888934231374e-01
1.000000000000000000e+00
9.405348618811487649e-01
9.971561235549619706e-01
1.000000000000000000e+00
1.000000000000000000e+00
1.000000000000000000e+00
1.000000000000000000e+00
1.000000000000000000e+00
1.000000000000000000e+00
9.648668241350677466e-01
9.383513966245272675e-01
1.000000000000000000e+00
9.546866427265202626e-01
9.863665085387450793e-01
9.859911268202875556e-01
9.877906902216756491e-01
9.510746510737878578e-01
9.525042690422517166e-01
9.603523808838276832e-01
3.179764369020309900e+00
1.333707642271396709e-01
2.600000000000000089e-01
-9.622600860893726349e-03
1.000000000000000000e+00
1.000000000000000000e+00
9.646533455476110630e-01
9.469822976801930414e-01
9.895511666649466909e-01
9.882118300117055387e-01
9.710680278941415944e-01
9.752653602907681574e-01
1.000000000000000000e+00
9.711770952398618428e-01
1.000000000000000000e+00
9.940069589090778646e-01
9.475756833788897548e-01
1.000000000000000000e+00
9.583507531283258496e-01
1.000000000000000000e+00
1.000000000000000000e+00
1.000000000000000000e+00
9.705167807681048808e-01
9.863607942685864716e-01
9.806470054911896606e-01
9.571025836978004353e-01
9.596371452474781183e-01
9.746135068285409764e-01
3.154012230653863824e+00
1.365911016259500066e-01
2.600000000000000089e-01
-2.249232865869998932e-02
9.645213816139370788e-01
9.607122760699896569e-01
9.924880005109780745e-01
9.655258226338755412e-01
1.000000000000000000e+00
1.000000000000000000e+00
1.000000000000000000e+00
1.000000000000000000e+00
9.916491084670686629e-01
1.000000000000000000e+00
9.951841836873108749e-01
9.978153890105392332e-01
9.759839145372488645e-01
1.000000000000000000e+00
9.990055505666187718e-01
9.868384882273935066e-01
9.884365099877326921e-01
1.000000000000000000e+00
9.572594531506103399e-01
9.702584777286895612e-01
9.847715520407490652e-01
9.920628202708415833e-01
9.521083210788414686e-01
1.000000000000000000e+00
3.119878622617613839e+00
1.428128181484112913e-01
2.600000000000000089e-01
-6.151282414793968201e-02
1.000000000000000000e+00
1.000000000000000000e+00
9.955556795759283872e-01
9.384591159564890095e-01
1.000000000000000000e+00
1.000000000000000000e+00
9.409802700857924362e-01
1.000000000000000000e+00
9.703017611046454993e-01
1.000000000000000000e+00
9.471859691240064327e-01
1.000000000000000000e+00
1.000000000000000000e+00
1.000000000000000000e+00
9.471689543629563390e-01
1.000000000000000000e+00
1.000000000000000000e+00
9.655818181690429824e-01
9.984620929755589902e-01
1.000000000000000000e+00
1.000000000000000000e+00
1.000000000000000000e+00
1.000000000000000000e+00
9.444304643992305071e-01
3.094130065395400919e+00
1.457592113762573582e-01
2.600000000000000089e-01
8.141126600094139576e-04
1.000000000000000000e+00
1.000000000000000000e+00
1.000000000000000000e+00
1.000000000000000000e+00
1.000000000000000000e+00
1.000000000000000000e+00
9.478995102352272273e-01
1.000000000000000000e+00
9.584730187771166587e-01
1.000000000000000000e+00
9.902992736546846197e-01
9.461703286564199233e-01
1.000000000000000000e+00
9.605585603711553899e-01
9.642393588941965410e-01
9.887645182491227036e-01
9.622849663296529910e-01
9.693327459854168549e-01
9.463427873971926862e-01
9.505009979280515386e-01
9.438359365095402298e-01
9.904490900662236141e-01
9.800989705533716956e-01
1.000000000000000000e+00
3.068376534793734400e+00
1.488307522593249610e-01
2.600000000000000089e-01
-2.617135830223560333e-02
9.669886955000964734e-01
9.375271720229678696e-01
9.565951688895194538e-01
9.598934175117399548e-01
1.000000000000000000e+00
1.000000000000000000e+00
1.000000000000000000e+00
1.000000000000000000e+00
1.000000000000000000e+00
9.958538482802358205e-01
9.788413567559449691e-01
9.737376898122601654e-01
9.914559144842983729e-01
1.000000000000000000e+00
1.000000000000000000e+00
1.000000000000000000e+00
9.722402122333201335e-01
1.000000000000000000e+00
9.511650500159793964e-01
9.890977778726185443e-01
1.000000000000000000e+00
9.791910443521356644e-01
9.578398569920082428e-01
1.000000000000000000e+00
3.033966335397887626e+00
1.534058827512660983e-01
2.600000000000000089e-01
-1.174886710941791534e-02
1.000000000000000000e+00
9.491903461892686744e-01
1.000000000000000000e+00
9.496223202828847354e-01
1.000000000000000000e+00
9.399142796089190455e-01
1.000000000000000000e+00
9.839899821399233915e-01
1.000000000000000000e+00
1.000000000000000000e+00
1.000000000000000000e+00
9.730774702026276923e-01
1.000000000000000000e+00
9.961267951941762400e-01
1.000000000000000000e+00
1.000000000000000000e+00
1.000000000000000000e+00
1.000000000000000000e+00
9.796887759645614979e-01
1.000000000000000000e+00
9.939431643485038270e-01
1.000000000000000000e+00
1.000000000000000000e+00
9.649157552796914228e-01
3.008337173464701308e+00
1.515465623297787001e-01
2.600000000000000089e-01
4.874482750892639160e-02
9.802660881630378409e-01
9.712646610536187497e-01
9.391792755628945999e-01
1.000000000000000000e+00
1.000000000000000000e+00
1.000000000000000000e+00
1.000000000000000000e+00
1.000000000000000000e+00
9.738549518261500060e-01
1.000000000000000000e+00
9.490929661329658984e-01
9.803019444677197880e-01
9.457372534424257626e-01
1.000000000000000000e+00
9.450110589671252281e-01
1.000000000000000000e+00
1.000000000000000000e+00
1.000000000000000000e+00
9.541833497216630766e-01
9.943793124274719064e-01
1.000000000000000000e+00
9.701435737993592268e-01
9.580081789088935595e-01
9.849450220539848200e-01
2.982625247813750491e+00
1.485116538171413758e-01
2.600000000000000089e-01
2.069355919957160950e-02
1.000000000000000000e+00
1.000000000000000000e+00
1.000000000000000000e+00
1.000000000000000000e+00
1.000000000000000000e+00
9.801373889850004684e-01
1.000000000000000000e+00
9.571795974085205438e-01
1.000000000000000000e+00
1.000000000000000000e+00
9.957458103618364031e-01
9.687565839356218067e-01
9.763009214249009915e-01
1.000000000000000000e+00
9.525739605663539056e-01
9.536665097312025940e-01
9.877517804959330405e-01
9.804284035450675505e-01
9.601300600640767513e-01
1.000000000000000000e+00
9.530852152068424177e-01
1.000000000000000000e+00
1.000000000000000000e+00
1.000000000000000000e+00
2.956926402293624800e+00
1.503504373750874645e-01
2.600000000000000089e-01
-4.386131092905998230e-02
9.918307286745220441e-01
9.919189705479302122e-01
9.789921635470129058e-01
9.606392082923094211e-01
9.500578229952427733e-01
9.922268903343886004e-01
1.000000000000000000e+00
9.843032911231103244e-01
9.451849117035237002e-01
1.000000000000000000e+00
9.927158842745906764e-01
9.371518838459518275e-01
1.000000000000000000e+00
1.000000000000000000e+00
9.629537484575270145e-01
1.000000000000000000e+00
9.790495530206505537e-01
9.931415596320002370e-01
1.000000000000000000e+00
9.587081089539006840e-01
9.997834239003227097e-01
1.000000000000000000e+00
1.000000000000000000e+00
9.476157466466609280e-01
2.905613153736421150e+00
1.594574256006451307e-01
2.600000000000000089e-01
-1.253601815551519394e-02
9.853185992692129469e-01
1.000000000000000000e+00
1.000000000000000000e+00
1.000000000000000000e+00
9.649630641696018696e-01
9.395669800474196753e-01
9.581840673452308721e-01
1.000000000000000000e+00
1.000000000000000000e+00
1.000000000000000000e+00
9.585633768929531229e-01
1.000000000000000000e+00
9.541469234844377478e-01
9.564713668959010651e-01
1.000000000000000000e+00
1.000000000000000000e+00
1.000000000000000000e+00
9.662352859917932024e-01
1.000000000000000000e+00
1.000000000000000000e+00
9.919893200382610132e-01
9.430176029411619920e-01
1.000000000000000000e+00
1.000000000000000000e+00
2.879917894532290301e+00
1.595915799791367551e-01
2.600000000000000089e-01
2.170715667307376862e-02
1.000000000000000000e+00
9.566548455575608623e-01
1.000000000000000000e+00
1.000000000000000000e+00
1.000000000000000000e+00
1.000000000000000000e+00
1.000000000000000000e+00
9.762046520399170202e-01
9.741413090403643338e-01
1.000000000000000000e+00
9.640089366790451919e-01
1.000000000000000000e+00
9.816917409986265497e-01
1.000000000000000000e+00
9.800312591063453649e-01
1.000000000000000000e+00
9.884865968399407787e-01
1.000000000000000000e+00
1.000000000000000000e+00
1.000000000000000000e+00
1.000000000000000000e+00
9.544460837409786125e-01
1.000000000000000000e+00
9.975516265213393297e-01
2.845807560069062436e+00
1.597903428600025988e-01
2.600000000000000089e-01
1.728960685431957245e-02
9.634968551757742139e-01
1.000000000000000000e+00
9.824548909565988808e-01
1.000000000000000000e+00
9.506211821787510230e-01
9.837916349369326685e-01
1.000000000000000000e+00
1.000000000000000000e+00
9.412742812821913718e-01
9.494981151295895927e-01
9.437147343192993088e-01
1.000000000000000000e+00
1.000000000000000000e+00
9.864158203959233484e-01
1.000000000000000000e+00
9.523613844623116664e-01
1.000000000000000000e+00
1.000000000000000000e+00
1.000000000000000000e+00
1.000000000000000000e+00
9.558367591099464766e-01
1.000000000000000000e+00
1.000000000000000000e+00
1.000000000000000000e+00
2.820180627486149838e+00
1.567602682348525622e-01
2.600000000000000089e-01
6.227629631757736206e-02
1.000000000000000000e+00
9.911315988774127561e-01
1.000000000000000000e+00
1.000000000000000000e+00
1.000000000000000000e+00
1.000000000000000000e+00
9.610727303811844591e-01
9.525508567998540732e-01
1.000000000000000000e+00
1.000000000000000000e+00
1.000000000000000000e+00
1.000000000000000000e+00
9.600496617066723859e-01
9.429112305476178291e-01
9.418323323576510697e-01
9.863842198450042398e-01
9.692035986937551639e-01
9.918211144901676324e-01
1.000000000000000000e+00
1.000000000000000000e+00
9.569273624651662979e-01
9.523434768732782496e-01
1.000000000000000000e+00
1.000000000000000000e+00
2.794580545131068572e+00
1.483136479404284502e-01
2.600000000000000089e-01
1.097252890467643738e-01
1.000000000000000000e+00
1.000000000000000000e+00
9.526969326251084613e-01
9.536655791392917303e-01
9.914174130357568115e-01
9.970534436727728211e-01
1.000000000000000000e+00
9.663914386850641636e-01
1.000000000000000000e+00
1.000000000000000000e+00
9.397981098178005421e-01
9.781131487504087785e-01
1.000000000000000000e+00
9.584184387326295518e-01
1.000000000000000000e+00
9.907166598156963433e-01
9.691512002982217711e-01
1.000000000000000000e+00
9.972789117712833606e-01
1.000000000000000000e+00
1.000000000000000000e+00
9.779074900663932146e-01
9.803596770023844664e-01
9.541385493597193124e-01
2.760260121653666410e+00
1.404052748298844078e-01
2.600000000000000089e-01
1.608403213322162628e-02
9.505215408632825547e-01
9.878368992712446284e-01
9.892591547512398220e-01
1.000000000000000000e+00
9.680405192063069597e-01
9.590031708156001589e-01
1.000000000000000000e+00
1.000000000000000000e+00
9.861724665232387554e-01
1.000000000000000000e+00
9.833155111908598034e-01
1.000000000000000000e+00
9.697609221696982251e-01
9.769600388146114645e-01
9.426977440570472044e-01
9.664642083711985077e-01
1.000000000000000000e+00
9.953126858868636129e-01
9.751468260027790214e-01
9.839245469934915223e-01
9.747809971564461717e-01
1.000000000000000000e+00
9.675362787725788616e-01
9.611715542153868030e-01
2.734510042529594731e+00
1.446240347436154039e-01
2.600000000000000089e-01
-4.677940532565116882e-02
9.644288228957572651e-01
1.000000000000000000e+00
1.000000000000000000e+00
9.484730370816985001e-01
1.000000000000000000e+00
1.000000000000000000e+00
9.416845169663092818e-01
1.000000000000000000e+00
9.614139060892924471e-01
1.000000000000000000e+00
1.000000000000000000e+00
1.000000000000000000e+00
9.558851693222988333e-01
9.542169889538618666e-01
9.619151436990420745e-01
9.688615646058674757e-01
9.483376637765273953e-01
9.903266194395629052e-01
1.000000000000000000e+00
9.866256124990384624e-01
1.000000000000000000e+00
9.421446786123407469e-01
1.000000000000000000e+00
9.667997055632382430e-01
2.708838539928919431e+00
1.480207381313874970e-01
2.600000000000000089e-01
-1.258516404777765274e-02
1.000000000000000000e+00
1.000000000000000000e+00
1.000000000000000000e+00
9.841137232124487211e-01
9.459334764778908333e-01
9.942481512242180575e-01
9.420219266907737810e-01
1.000000000000000000e+00
1.000000000000000000e+00
9.965120794068332843e-01
9.862078343750627640e-01
9.550121021803661403e-01
1.000000000000000000e+00
9.511668974515709030e-01
9.433431647305206003e-01
1.000000000000000000e+00
9.661671591205270859e-01
1.000000000000000000e+00
9.579804492187822262e-01
9.645190558150510407e-01
1.000000000000000000e+00
9.965641584686651955e-01
1.000000000000000000e+00
9.780661089460973567e-01
2.683122765271928500e+00
1.483684906319927554e-01
2.600000000000000089e-01
1.630049757659435272e-02
1.000000000000000000e+00
9.620101918692142151e-01
1.000000000000000000e+00
1.000000000000000000e+00
1.000000000000000000e+00
1.000000000000000000e+00
9.444899809561249082e-01
1.000000000000000000e+00
9.834030554707133831e-01
1.000000000000000000e+00
1.000000000000000000e+00
9.500031796156517272e-01
9.712594281003584795e-01
9.606529217012852451e-01
9.695847778267918660e-01
9.381244336884414503e-01
9.518354601582628138e-01
1.000000000000000000e+00
9.998746650252243739e-01
9.804941169292995529e-01
9.590995169307754420e-01
9.497598449847420854e-01
9.436679921903179391e-01
9.856290679248660425e-01
2.648738971040472734e+00
1.474400150296738543e-01
2.600000000000000089e-01
4.084104299545288086e-02
9.918623612335842887e-01
1.000000000000000000e+00
9.832159859043095862e-01
1.000000000000000000e+00
1.000000000000000000e+00
1.000000000000000000e+00
9.460114353728402703e-01
9.867985560533452105e-01
1.000000000000000000e+00
9.881941498842202742e-01
9.513965093695212483e-01
1.000000000000000000e+00
1.000000000000000000e+00
9.517779063788779359e-01
1.000000000000000000e+00
9.819965611135889061e-01
1.000000000000000000e+00
1.000000000000000000e+00
1.000000000000000000e+00
9.571117208206708638e-01
9.980708920152189245e-01
9.888781678496060268e-01
9.841588388445587920e-01
9.492660591387592772e-01
2.623048147508800998e+00
1.481860082786753408e-01
2.600000000000000089e-01
-7.111328188329935074e-03
9.378292330854559600e-01
1.000000000000000000e+00
1.000000000000000000e+00
1.000000000000000000e+00
9.933247771772475421e-01
1.000000000000000000e+00
1.000000000000000000e+00
9.891241393608541932e-01
9.884352761264870724e-01
1.000000000000000000e+00
9.552601100353061980e-01
1.000000000000000000e+00
1.000000000000000000e+00
9.379956956964780046e-01
9.813398136881598122e-01
9.708113164583921373e-01
9.760640647936752456e-01
1.000000000000000000e+00
9.546614715066560342e-01
1.000000000000000000e+00
1.000000000000000000e+00
9.775358553763606739e-01
1.000000000000000000e+00
9.407363433634952088e-01
2.597378776872654615e+00
1.496583554329389276e-01
2.600000000000000089e-01
-4.341873805969953537e-03
1.000000000000000000e+00
1.000000000000000000e+00
9.688198031399956056e-01
9.719850285364814990e-01
9.604757635706026031e-01
1.000000000000000000e+00
1.000000000000000000e+00
1.000000000000000000e+00
9.709980299174689744e-01
9.693691276302031090e-01
1.000000000000000000e+00
1.000000000000000000e+00
9.490883936267963117e-01
9.567940552741739380e-01
1.000000000000000000e+00
9.887038523069023865e-01
9.974213222919435795e-01
1.000000000000000000e+00
9.611126045622304659e-01
1.000000000000000000e+00
1.000000000000000000e+00
9.753056248499201164e-01
9.482406583938638445e-01
1.000000000000000000e+00
2.571671045484453799e+00
1.472521043964529763e-01
2.600000000000000089e-01
5.828215181827545166e-02
9.633441340944226550e-01
1.000000000000000000e+00
9.815474247217548243e-01
1.000000000000000000e+00
9.508496816986148348e-01
1.000000000000000000e+00
9.728001818086415842e-01
9.907964536405008404e-01
1.000000000000000000e+00
1.000000000000000000e+00
1.000000000000000000e+00
9.592914299814073731e-01
1.000000000000000000e+00
9.526330192460290558e-01
1.000000000000000000e+00
9.804120191668185269e-01
9.422189856047508139e-01
1.000000000000000000e+00
1.000000000000000000e+00
9.961156275454684517e-01
1.000000000000000000e+00
9.827266232293900838e-01
9.473922134387207095e-01
1.000000000000000000e+00
2.537518284129159252e+00
1.456495111699736000e-01
2.600000000000000089e-01
8.897303603589534760e-03
9.570298544108825078e-01
9.802881115690287306e-01
1.000000000000000000e+00
1.000000000000000000e+00
1.000000000000000000e+00
1.000000000000000000e+00
1.000000000000000000e+00
9.445934396507961184e-01
9.711552449815469279e-01
1.000000000000000000e+00
1.000000000000000000e+00
1.000000000000000000e+00
9.635005052192512354e-01
1.000000000000000000e+00
1.000000000000000000e+00
1.000000000000000000e+00
1.000000000000000000e+00
1.000000000000000000e+00
1.000000000000000000e+00
1.000000000000000000e+00
9.616731490718573028e-01
1.000000000000000000e+00
1.000000000000000000e+00
1.000000000000000000e+00
2.511773259424595395e+00
1.431526884884698481e-01
2.600000000000000089e-01
6.415057927370071411e-02
1.000000000000000000e+00
9.513933145752188070e-01
9.669185917117076867e-01
1.000000000000000000e+00
1.000000000000000000e+00
1.000000000000000000e+00
9.891048133232104300e-01
9.751890114887216132e-01
9.468077964568303306e-01
9.858817676641293826e-01
1.000000000000000000e+00
9.526345701741000260e-01
1.000000000000000000e+00
9.835320460407072085e-01
9.444674528518695045e-01
1.000000000000000000e+00
1.000000000000000000e+00
1.000000000000000000e+00
1.000000000000000000e+00
9.857467712749784505e-01
1.000000000000000000e+00
1.000000000000000000e+00
9.940747474411475437e-01
9.427615416167550721e-01
2.486103821175068784e+00
1.364781458264080483e-01
2.600000000000000089e-01
9.938982129096984863e-02
9.830178243590296239e-01
9.905669541625957697e-01
9.951519266578587875e-01
9.918335724628982719e-01
1.000000000000000000e+00
1.000000000000000000e+00
1.000000000000000000e+00
9.376740968414851718e-01
9.970010541953614469e-01
9.663681664643121172e-01
9.661162848004350989e-01
9.943356630357051973e-01
1.000000000000000000e+00
9.655522319701990153e-01
9.833233354750463562e-01
1.000000000000000000e+00
9.927718816097821364e-01
9.887793042912231822e-01
9.802506412462896890e-01
1.000000000000000000e+00
9.466644360456404339e-01
9.722233902055453791e-01
1.000000000000000000e+00
1.000000000000000000e+00
2.451869460671028733e+00
1.291177776089560414e-01
2.600000000000000089e-01
3.526249527931213379e-02
1.000000000000000000e+00
9.901060160556094392e-01
1.000000000000000000e+00
9.811143730874484215e-01
9.650841656136377456e-01
9.693779218970602907e-01
9.945268312670589861e-01
1.000000000000000000e+00
9.731129140321245208e-01
9.786759883442996966e-01
1.000000000000000000e+00
1.000000000000000000e+00
9.637263682954602118e-01
9.537599883871189510e-01
1.000000000000000000e+00
9.675334187258443075e-01
9.639637966962759652e-01
9.374515025382960109e-01
9.980303536196194480e-01
1.000000000000000000e+00
9.992313921532026688e-01
9.531071129968476940e-01
1.000000000000000000e+00
1.000000000000000000e+00
2.426112681608412647e+00
1.241321124839811496e-01
2.600000000000000089e-01
9.177126735448837280e-02
9.586083231278909045e-01
1.000000000000000000e+00
9.468025759821034892e-01
1.000000000000000000e+00
1.000000000000000000e+00
9.950223778250463225e-01
9.783017603005930152e-01
9.381572376698389393e-01
1.000000000000000000e+00
9.847293016913080121e-01
9.910269493371327565e-01
1.000000000000000000e+00
9.505991373805003919e-01
9.445904615868431220e-01
9.634605888803279283e-01
1.000000000000000000e+00
1.000000000000000000e+00
9.538466411152982660e-01
1.000000000000000000e+00
9.832168335312170271e-01
9.606286265162247151e-01
9.883659821254813238e-01
1.000000000000000000e+00
9.402162751696728771e-01
2.400393435885680660e+00
1.154324023733191984e-01
2.600000000000000089e-01
9.918292611837387085e-02
1.000000000000000000e+00
1.000000000000000000e+00
1.000000000000000000e+00
9.515455922724737059e-01
9.783708245699790362e-01
1.000000000000000000e+00
9.456379760306798943e-01
1.000000000000000000e+00
9.690927619046304509e-01
1.000000000000000000e+00
9.664020927720936571e-01
9.806742403681140141e-01
1.000000000000000000e+00
1.000000000000000000e+00
9.667696547688222619e-01
9.624299318754686583e-01
9.964414017596421314e-01
1.000000000000000000e+00
1.000000000000000000e+00
9.432082489659036062e-01
9.783546836998686658e-01
9.707105882667282915e-01
1.000000000000000000e+00
9.958254578677390167e-01
2.365718848733429081e+00
1.096124235578000983e-01
2.600000000000000089e-01
8.092894218862056732e-03
9.964072611101172372e-01
1.000000000000000000e+00
9.590279363436325921e-01
9.767891827849837227e-01
9.800944677839044106e-01
1.000000000000000000e+00
9.526723024907096660e-01
1.000000000000000000e+00
1.000000000000000000e+00
1.000000000000000000e+00
1.000000000000000000e+00
9.924624526693033300e-01
1.000000000000000000e+00
9.692428367403186362e-01
1.000000000000000000e+00
9.927345487158386605e-01
9.683751896415611071e-01
1.000000000000000000e+00
9.545516874666125640e-01
1.000000000000000000e+00
9.922100777373653591e-01
9.791064205924661090e-01
9.565830413092145657e-01
9.634360643537848157e-01
2.339935236240417993e+00
1.080503130552794566e-01
2.600000000000000089e-01
4.820895940065383911e-02
9.852692966683527231e-01
9.913126180766720363e-01
9.648363553384244895e-01
1.000000000000000000e+00
1.000000000000000000e+00
1.000000000000000000e+00
9.991635276155550471e-01
9.669422426510159152e-01
9.440448059270041270e-01
9.413959740628879969e-01
9.514704645364888691e-01
9.927137003231036871e-01
9.727420746549817476e-01
9.631472114152376252e-01
9.395061222653328104e-01
9.620649639224361227e-01
1.000000000000000000e+00
9.395757065086512982e-01
9.836201567118302291e-01
1.000000000000000000e+00
1.000000000000000000e+00
9.929872246945741221e-01
1.000000000000000000e+00
1.000000000000000000e+00
2.305573807090667948e+00
1.069242976753642660e-01
2.600000000000000089e-01
-7.244807668030261993e-03
9.861772510451675133e-01
9.374578418699427429e-01
1.000000000000000000e+00
1.000000000000000000e+00
9.706017185918395240e-01
1.000000000000000000e+00
9.691368630098124992e-01
9.435523277923026919e-01
1.000000000000000000e+00
9.802310555017381688e-01
9.796855247028644076e-01
1.000000000000000000e+00
1.000000000000000000e+00
1.000000000000000000e+00
1.000000000000000000e+00
1.000000000000000000e+00
1.000000000000000000e+00
9.566035278532012409e-01
1.000000000000000000e+00
9.979877112018417096e-01
1.000000000000000000e+00
1.000000000000000000e+00
1.000000000000000000e+00
9.492648902997867788e-01
2.305573807090667948e+00
1.069242976753642660e-01
2.600000000000000089e-01
7.636430114507675171e-02
1.000000000000000000e+00
9.897850881553813540e-01
1.000000000000000000e+00
1.000000000000000000e+00
1.000000000000000000e+00
9.813900002745585827e-01
9.999278416352866961e-01
9.738799329213538858e-01
9.853676004521400023e-01
1.000000000000000000e+00
9.992860332166462189e-01
1.000000000000000000e+00
1.000000000000000000e+00
9.736021331396810252e-01
9.390136665495264490e-01
1.000000000000000000e+00
9.833737368690177449e-01
9.614012308895307779e-01
1.000000000000000000e+00
9.447718377982636806e-01
9.856293091749713797e-01
9.790600220018872424e-01
1.000000000000000000e+00
1.000000000000000000e+00
2.253991343886670329e+00
9.710952444406906192e-02
2.600000000000000089e-01
6.538987904787063599e-02
9.937921173361731197e-01
9.599206952004820659e-01
1.000000000000000000e+00
1.000000000000000000e+00
1.000000000000000000e+00
9.433112331003953299e-01
9.740550140766591758e-01
9.404556800528355298e-01
1.000000000000000000e+00
1.000000000000000000e+00
9.461510814386117074e-01
1.000000000000000000e+00
9.731456482350738790e-01
1.000000000000000000e+00
1.000000000000000000e+00
9.456073807169949053e-01
1.000000000000000000e+00
1.000000000000000000e+00
1.000000000000000000e+00
9.639323755680956340e-01
1.000000000000000000e+00
9.454314061674088387e-01
9.986928639539741637e-01
9.844150032772592818e-01
2.228180644703299240e+00
8.969536168158631639e-02
2.600000000000000089e-01
1.050848141312599182e-01
1.000000000000000000e+00
1.000000000000000000e+00
1.000000000000000000e+00
1.000000000000000000e+00
9.897038789479727372e-01
1.000000000000000000e+00
1.000000000000000000e+00
9.799312341258400449e-01
9.564246328650504170e-01
1.000000000000000000e+00
1.000000000000000000e+00
1.000000000000000000e+00
9.952177876833638859e-01
1.000000000000000000e+00
1.000000000000000000e+00
9.471752863961809821e-01
9.911459013863217482e-01
9.589119035204103358e-01
9.990139964204531875e-01
9.503116191973425275e-01
1.000000000000000000e+00
1.000000000000000000e+00
9.701413156713154518e-01
9.968799961354399830e-01
2.193859257048556444e+00
7.898869256300089514e-02
2.600000000000000089e-01
6.460599601268768311e-02
9.374298687753992443e-01
9.920978588758508909e-01
9.578754291971518509e-01
9.545841915437033309e-01
9.909726669369555152e-01
9.902109103983031124e-01
1.000000000000000000e+00
9.453690247960474524e-01
1.000000000000000000e+00
9.852934642047552760e-01
1.000000000000000000e+00
9.402562760094673733e-01
1.000000000000000000e+00
9.536551723445769735e-01
1.000000000000000000e+00
1.000000000000000000e+00
1.000000000000000000e+00
9.572157014681321741e-01
9.933933175609716004e-01
1.000000000000000000e+00
1.000000000000000000e+00
9.698994443760290407e-01
9.666438841574993557e-01
1.000000000000000000e+00
2.168010592849750839e+00
7.386358652400981661e-02
2.600000000000000089e-01
4.997163265943527222e-02
9.657216768350370684e-01
1.000000000000000000e+00
1.000000000000000000e+00
1.000000000000000000e+00
1.000000000000000000e+00
1.000000000000000000e+00
1.000000000000000000e+00
1.000000000000000000e+00
1.000000000000000000e+00
1.000000000000000000e+00
9.794222108363067614e-01
1.000000000000000000e+00
1.000000000000000000e+00
9.993020579816763727e-01
9.511614540113985106e-01
1.000000000000000000e+00
9.799462242600622819e-01
1.000000000000000000e+00
9.503161222988627532e-01
1.000000000000000000e+00
1.000000000000000000e+00
1.000000000000000000e+00
1.000000000000000000e+00
9.791975877631294845e-01
2.142188439205019446e+00
7.077424320975589378e-02
2.600000000000000089e-01
4.272118955850601196e-02
9.601525930541325859e-01
1.000000000000000000e+00
9.579272395130751239e-01
9.636594934372518795e-01
9.825617860060674724e-01
9.617500648121805051e-01
1.000000000000000000e+00
1.000000000000000000e+00
1.000000000000000000e+00
1.000000000000000000e+00
1.000000000000000000e+00
1.000000000000000000e+00
9.533998905026590531e-01
9.396104876141350148e-01
9.654913339494299862e-01
1.000000000000000000e+00
1.000000000000000000e+00
1.000000000000000000e+00
9.551635991777528423e-01
9.811846816827525242e-01
1.000000000000000000e+00
1.000000000000000000e+00
1.000000000000000000e+00
9.732563793971247268e-01
2.116251641433613884e+00
6.792642279906113689e-02
2.600000000000000089e-01
3.886687755584716797e-02
9.658706589658617725e-01
1.000000000000000000e+00
9.498073461573951493e-01
9.840441334629191905e-01
1.000000000000000000e+00
1.000000000000000000e+00
9.757267062646021172e-01
9.735248104223749310e-01
9.553106329357203830e-01
9.732575080782552845e-01
1.000000000000000000e+00
1.000000000000000000e+00
1.000000000000000000e+00
9.921496009545712758e-01
9.622284091960393582e-01
1.000000000000000000e+00
1.000000000000000000e+00
1.000000000000000000e+00
1.000000000000000000e+00
1.000000000000000000e+00
1.000000000000000000e+00
9.377928622657965008e-01
9.973754225879292168e-01
9.470646822139091592e-01
2.090351186940224704e+00
6.515095524790770476e-02
2.600000000000000089e-01
1.078548654913902283e-02
1.000000000000000000e+00
1.000000000000000000e+00
1.000000000000000000e+00
9.498370863375671380e-01
1.000000000000000000e+00
1.000000000000000000e+00
1.000000000000000000e+00
1.000000000000000000e+00
1.000000000000000000e+00
1.000000000000000000e+00
9.610954809182131742e-01
1.000000000000000000e+00
1.000000000000000000e+00
9.639407168286987515e-01
1.000000000000000000e+00
1.000000000000000000e+00
1.000000000000000000e+00
1.000000000000000000e+00
1.000000000000000000e+00
1.000000000000000000e+00
9.536982110155972636e-01
9.437252091679005916e-01
1.000000000000000000e+00
9.778980290728954694e-01
2.055636143768198476e+00
6.595032411290979724e-02
2.600000000000000089e-01
-1.597094908356666565e-02
1.000000000000000000e+00
1.000000000000000000e+00
9.798022924942167977e-01
9.467297875223211756e-01
1.000000000000000000e+00
9.996276967024614324e-01
9.588031127342091509e-01
1.000000000000000000e+00
9.492453639404762056e-01
9.735726728300285737e-01
9.444525921945550184e-01
1.000000000000000000e+00
1.000000000000000000e+00
1.000000000000000000e+00
9.579217693518896626e-01
1.000000000000000000e+00
9.482646890977196596e-01
1.000000000000000000e+00
1.000000000000000000e+00
1.000000000000000000e+00
9.614464248307392769e-01
9.847782162115576998e-01
1.000000000000000000e+00
1.000000000000000000e+00
2.029713973696127383e+00
6.938256399694264775e-02
2.600000000000000089e-01
-2.574031800031661987e-02
9.410936652471437736e-01
1.000000000000000000e+00
9.819239501457232011e-01
9.422833956172423919e-01
1.000000000000000000e+00
9.733533866854309213e-01
9.597164798451671697e-01
1.000000000000000000e+00
9.696253600751436608e-01
1.000000000000000000e+00
9.572057013968153782e-01
1.000000000000000000e+00
1.000000000000000000e+00
1.000000000000000000e+00
1.000000000000000000e+00
1.000000000000000000e+00
9.908729702015822705e-01
1.000000000000000000e+00
9.724874948595260138e-01
1.000000000000000000e+00
1.000000000000000000e+00
9.525253850186368165e-01
1.000000000000000000e+00
1.000000000000000000e+00
1.995153229149600360e+00
7.149897997161702712e-02
2.600000000000000089e-01
1.648278906941413879e-02
9.654734919638640056e-01
1.000000000000000000e+00
1.000000000000000000e+00
1.000000000000000000e+00
1.000000000000000000e+00
9.610749988330801186e-01
9.935470990263882696e-01
9.453305566022660589e-01
1.000000000000000000e+00
1.000000000000000000e+00
9.384141969165130659e-01
9.628631686706012882e-01
9.829735979233328313e-01
1.000000000000000000e+00
1.000000000000000000e+00
9.467479334572218574e-01
1.000000000000000000e+00
9.782514296353728156e-01
1.000000000000000000e+00
1.000000000000000000e+00
1.000000000000000000e+00
1.000000000000000000e+00
9.562336936710904567e-01
1.000000000000000000e+00
1.969287070675454387e+00
6.684664191274058975e-02
2.600000000000000089e-01
6.423693150281906128e-02
9.774294140452525204e-01
1.000000000000000000e+00
1.000000000000000000e+00
1.000000000000000000e+00
9.693849060616923641e-01
9.653897409965203069e-01
9.687454637851869998e-01
1.000000000000000000e+00
1.000000000000000000e+00
1.000000000000000000e+00
9.599838638217745856e-01
9.745655958614617420e-01
1.000000000000000000e+00
1.000000000000000000e+00
1.000000000000000000e+00
9.492085259967545374e-01
1.000000000000000000e+00
1.000000000000000000e+00
9.440888051568426809e-01
1.000000000000000000e+00
9.602005360052168204e-01
1.000000000000000000e+00
9.552931823867144567e-01
1.000000000000000000e+00
1.943470976521992633e+00
6.239202024326484519e-02
2.600000000000000089e-01
5.270521342754364014e-02
9.431030023507468441e-01
9.644663335386126635e-01
1.000000000000000000e+00
1.000000000000000000e+00
9.430809143909982817e-01
1.000000000000000000e+00
1.000000000000000000e+00
9.653103898675684524e-01
1.000000000000000000e+00
9.659037260849697715e-01
1.000000000000000000e+00
1.000000000000000000e+00
1.000000000000000000e+00
1.000000000000000000e+00
9.933338815175986047e-01
1.000000000000000000e+00
9.466859150401930600e-01
1.000000000000000000e+00
1.000000000000000000e+00
9.942503254703867199e-01
1.000000000000000000e+00
1.000000000000000000e+00
1.000000000000000000e+00
1.000000000000000000e+00
1.908966406533497695e+00
5.984918285828655371e-02
2.600000000000000089e-01
7.780287880450487137e-03
1.000000000000000000e+00
1.000000000000000000e+00
9.682086448400253342e-01
9.456402409295924238e-01
1.000000000000000000e+00
1.000000000000000000e+00
9.735232702600846721e-01
1.000000000000000000e+00
1.000000000000000000e+00
1.000000000000000000e+00
1.000000000000000000e+00
1.000000000000000000e+00
1.000000000000000000e+00
1.000000000000000000e+00
1.000000000000000000e+00
1.000000000000000000e+00
1.000000000000000000e+00
1.000000000000000000e+00
1.000000000000000000e+00
9.774557850844151075e-01
1.000000000000000000e+00
9.389620981787860643e-01
9.928502463153329183e-01
9.607741272621964645e-01
1.883017322582914765e+00
5.740665832398106350e-02
2.600000000000000089e-01
3.940225765109062195e-02
9.623933598006190193e-01
1.000000000000000000e+00
1.000000000000000000e+00
9.979283951639319472e-01
1.000000000000000000e+00
1.000000000000000000e+00
1.000000000000000000e+00
1.000000000000000000e+00
9.683992559930938437e-01
9.480937111409745155e-01
1.000000000000000000e+00
1.000000000000000000e+00
9.511991416572715963e-01
1.000000000000000000e+00
1.000000000000000000e+00
9.656024274074072045e-01
1.000000000000000000e+00
9.401361577237760114e-01
1.000000000000000000e+00
1.000000000000000000e+00
1.000000000000000000e+00
1.000000000000000000e+00
9.876155448824818217e-01
1.000000000000000000e+00
1.856990116557011516e+00
5.888885063662119279e-02
2.600000000000000089e-01
-8.326172828674316406e-02
9.554124933217422733e-01
1.000000000000000000e+00
9.527268108142186165e-01
1.000000000000000000e+00
1.000000000000000000e+00
1.000000000000000000e+00
1.000000000000000000e+00
9.843837482336128542e-01
1.000000000000000000e+00
9.783055066370224262e-01
9.797507712773313449e-01
9.563277470805536806e-01
9.642529938032938785e-01
1.000000000000000000e+00
9.611440406625411104e-01
9.419730365142769957e-01
9.652870799328552298e-01
9.783831713869003410e-01
9.467915459653726273e-01
1.000000000000000000e+00
9.810395656881040205e-01
9.987009654749956500e-01
1.000000000000000000e+00
1.000000000000000000e+00
1.831045496750471457e+00
6.911404066882775865e-02
2.600000000000000089e-01
-1.047667190432548523e-01
9.894350684365631476e-01
9.978687070288924099e-01
1.000000000000000000e+00
1.000000000000000000e+00
1.000000000000000000e+00
1.000000000000000000e+00
1.000000000000000000e+00
9.594309718373640328e-01
9.631418168003795799e-01
1.000000000000000000e+00
1.000000000000000000e+00
9.904197239912152506e-01
9.871622803657108536e-01
1.000000000000000000e+00
9.818293381045251067e-01
1.000000000000000000e+00
1.000000000000000000e+00
1.000000000000000000e+00
9.477212403426846787e-01
1.000000000000000000e+00
9.566479892065976598e-01
9.474155142239101268e-01
1.000000000000000000e+00
1.000000000000000000e+00
1.796149512148671246e+00
8.448087220937872122e-02
2.600000000000000089e-01
-9.664137661457061768e-02
1.000000000000000000e+00
1.000000000000000000e+00
9.837667336996841483e-01
9.852961771568909954e-01
9.984343144217536770e-01
9.600851905798631902e-01
1.000000000000000000e+00
9.656269709929244938e-01
9.828725508564980506e-01
9.534328793403755720e-01
1.000000000000000000e+00
1.000000000000000000e+00
1.000000000000000000e+00
9.725181130093417670e-01
9.443508219374413537e-01
1.000000000000000000e+00
9.784628136333864967e-01
1.000000000000000000e+00
9.626179671106065427e-01
9.612942334827335733e-01
9.837486206447378922e-01
9.899781627216416302e-01
9.402232741303450103e-01
9.995058735475000899e-01
1.770220454688322453e+00
9.583409250783447852e-02
2.600000000000000089e-01
-1.169364079833030701e-01
1.000000000000000000e+00
1.000000000000000000e+00
1.000000000000000000e+00
9.609754865971451565e-01
1.000000000000000000e+00
9.838893658445524437e-01
9.946368606250765021e-01
1.000000000000000000e+00
1.000000000000000000e+00
9.426201688215838370e-01
1.000000000000000000e+00
1.000000000000000000e+00
1.000000000000000000e+00
1.000000000000000000e+00
1.000000000000000000e+00
1.000000000000000000e+00
9.992648713758912615e-01
1.000000000000000000e+00
1.000000000000000000e+00
1.000000000000000000e+00
9.805046633899613395e-01
1.000000000000000000e+00
1.000000000000000000e+00
1.000000000000000000e+00
1.735779810209052698e+00
1.149226444335412767e-01
2.600000000000000089e-01
-1.389400213956832886e-01
9.995219863709493557e-01
1.000000000000000000e+00
9.825693981309653324e-01
1.000000000000000000e+00
9.808120361849101965e-01
1.000000000000000000e+00
9.824448632799650527e-01
9.406940950737594509e-01
1.000000000000000000e+00
9.589771259120755120e-01
9.812101814738286576e-01
9.934455007186390185e-01
1.000000000000000000e+00
1.000000000000000000e+00
1.000000000000000000e+00
9.523630117322713362e-01
9.751179241496997774e-01
9.738159502654725186e-01
9.690448962820916723e-01
9.420408849580432786e-01
1.000000000000000000e+00
1.000000000000000000e+00
9.850036587040799096e-01
9.640162186255943899e-01
1.709863319939875614e+00
1.306945120354204848e-01
2.600000000000000089e-01
-1.319510042667388916e-01
1.000000000000000000e+00
9.516262511061868157e-01
1.000000000000000000e+00
1.000000000000000000e+00
1.000000000000000000e+00
1.000000000000000000e+00
1.000000000000000000e+00
9.964191925500400782e-01
9.942197358196959156e-01
1.000000000000000000e+00
1.000000000000000000e+00
1.000000000000000000e+00
1.000000000000000000e+00
9.864462000304924372e-01
1.000000000000000000e+00
9.755724641590480806e-01
1.000000000000000000e+00
1.000000000000000000e+00
9.691237115605462193e-01
1.000000000000000000e+00
1.000000000000000000e+00
9.564409516449953186e-01
1.000000000000000000e+00
1.000000000000000000e+00
1.675518366672024584e+00
1.493243571392747215e-01
2.600000000000000089e-01
-1.109376624226570129e-01
1.000000000000000000e+00
9.738479087298157477e-01
1.000000000000000000e+00
9.971609586820247007e-01
1.000000000000000000e+00
9.608746344526616356e-01
9.768926930225559913e-01
9.701390518525890849e-01
9.870188461399781454e-01
1.000000000000000000e+00
9.795705373880859712e-01
9.967691446118424059e-01
9.606338057455212631e-01
1.000000000000000000e+00
1.000000000000000000e+00
9.733020976743452790e-01
1.000000000000000000e+00
9.701928879543256778e-01
1.000000000000000000e+00
1.000000000000000000e+00
1.000000000000000000e+00
9.422421290173597086e-01
1.000000000000000000e+00
9.390510064017139058e-01
1.649747410141287007e+00
1.624885466773575704e-01
2.600000000000000089e-01
-1.152072772383689880e-01
9.747158232328382299e-01
1.000000000000000000e+00
1.000000000000000000e+00
1.000000000000000000e+00
1.000000000000000000e+00
9.535386258035025708e-01
9.494006293061147961e-01
9.962967034475588290e-01
9.644399280743021219e-01
1.000000000000000000e+00
9.479076538284511022e-01
1.000000000000000000e+00
9.893504486453484903e-01
1.000000000000000000e+00
1.000000000000000000e+00
1.000000000000000000e+00
1.000000000000000000e+00
9.977525986341252429e-01
1.000000000000000000e+00
1.000000000000000000e+00
9.863128598003721992e-01
1.000000000000000000e+00
9.643995082666144691e-01
9.993858798922731212e-01
1.598411747411276007e+00
1.948252599868908197e-01
2.600000000000000089e-01
-1.558389961719512939e-01
1.000000000000000000e+00
1.000000000000000000e+00
1.000000000000000000e+00
9.554472539704967904e-01
9.403219935993446521e-01
1.000000000000000000e+00
1.000000000000000000e+00
1.000000000000000000e+00
9.528747356967711690e-01
1.000000000000000000e+00
1.000000000000000000e+00
1.000000000000000000e+00
1.000000000000000000e+00
1.000000000000000000e+00
1.000000000000000000e+00
1.000000000000000000e+00
9.613234562723999010e-01
1.000000000000000000e+00
9.375346389610175191e-01
9.786589514320797045e-01
1.000000000000000000e+00
1.000000000000000000e+00
1.000000000000000000e+00
9.832711378809360081e-01
1.564253580690483814e+00
2.168947152163309688e-01
2.600000000000000089e-01
-1.189610660076141357e-01
9.867196529238262404e-01
9.692002968435018406e-01
9.810235191205288752e-01
1.000000000000000000e+00
1.000000000000000000e+00
9.679099613023586235e-01
1.000000000000000000e+00
1.000000000000000000e+00
1.000000000000000000e+00
9.544662843500162364e-01
9.513203836460158991e-01
1.000000000000000000e+00
9.460153069968775252e-01
9.555257287169915958e-01
1.000000000000000000e+00
1.000000000000000000e+00
9.729186026873443138e-01
1.000000000000000000e+00
1.000000000000000000e+00
9.903359373601379190e-01
1.000000000000000000e+00
9.629421648125947586e-01
1.000000000000000000e+00
1.000000000000000000e+00
1.538817711524398391e+00
2.274932903531685646e-01
2.600000000000000089e-01
-4.526038095355033875e-02
9.889787791203513700e-01
9.951870898813692801e-01
9.395752265328303210e-01
1.000000000000000000e+00
1.000000000000000000e+00
9.933859149563669666e-01
1.000000000000000000e+00
1.000000000000000000e+00
1.000000000000000000e+00
9.900851503026518730e-01
9.466826654414218778e-01
1.000000000000000000e+00
9.927296473998431514e-01
1.000000000000000000e+00
9.998458385044312058e-01
1.000000000000000000e+00
1.000000000000000000e+00
1.000000000000000000e+00
9.790078079655997190e-01
9.760329534861463818e-01
9.692362589746658097e-01
1.000000000000000000e+00
1.000000000000000000e+00
1.000000000000000000e+00
1.505146846802571270e+00
2.406218014514603931e-01
2.600000000000000089e-01
-5.497960373759269714e-02
1.000000000000000000e+00
9.743441775643265634e-01
1.000000000000000000e+00
1.000000000000000000e+00
1.000000000000000000e+00
1.000000000000000000e+00
1.000000000000000000e+00
1.000000000000000000e+00
1.000000000000000000e+00
1.000000000000000000e+00
1.000000000000000000e+00
1.000000000000000000e+00
9.432569313182125326e-01
9.993577680817360420e-01
9.703612847720296530e-01
9.997720576517977742e-01
1.000000000000000000e+00
1.000000000000000000e+00
9.490649329983609217e-01
1.000000000000000000e+00
9.467312393049976960e-01
9.920310029393438755e-01
9.704866500007501839e-01
9.567026245557127551e-01
1.479973003104540386e+00
2.494798929116376351e-01
2.600000000000000089e-01
-4.764096811413764954e-02
9.858211772749461144e-01
1.000000000000000000e+00
1.000000000000000000e+00
1.000000000000000000e+00
9.754060517026319488e-01
1.000000000000000000e+00
9.420842860190035140e-01
9.461203831608393511e-01
9.387086503369822532e-01
9.700724859662581689e-01
1.000000000000000000e+00
9.445459624778465013e-01
1.000000000000000000e+00
1.000000000000000000e+00
9.806512144964431021e-01
1.000000000000000000e+00
9.583847859723946261e-01
1.000000000000000000e+00
1.000000000000000000e+00
1.000000000000000000e+00
9.801502777866042404e-01
1.000000000000000000e+00
9.899250920325382008e-01
9.839472596193096221e-01
1.446421890671481636e+00
2.668862724241376494e-01
2.600000000000000089e-01
-1.398339271545410156e-01
1.000000000000000000e+00
9.868067702192828694e-01
9.701957903130258298e-01
9.970975503334572609e-01
1.000000000000000000e+00
1.000000000000000000e+00
9.634717932452180333e-01
9.485263641235344156e-01
1.000000000000000000e+00
9.567083031663480286e-01
9.643063882030690204e-01
9.625155090277985881e-01
9.984220358215021296e-01
9.926096474273667924e-01
9.918930561567559367e-01
9.558073791433054911e-01
9.604082406991433229e-01
9.912637815209349723e-01
9.793523242590529421e-01
1.000000000000000000e+00
1.000000000000000000e+00
9.623959619103377161e-01
9.674281159419795273e-01
1.000000000000000000e+00
1.421448287796451382e+00
2.819957268833954700e-01
2.600000000000000089e-01
-5.450969189405441284e-02
9.936143150316817385e-01
1.000000000000000000e+00
9.733285919974515865e-01
9.996350886011742265e-01
9.598341583972522795e-01
9.946144301045082292e-01
1.000000000000000000e+00
9.993977047082057696e-01
9.445950519543104829e-01
1.000000000000000000e+00
1.000000000000000000e+00
1.000000000000000000e+00
9.756523011897707542e-01
1.000000000000000000e+00
1.000000000000000000e+00
9.677313224374326506e-01
1.000000000000000000e+00
9.871680994189903080e-01
9.971974247984995987e-01
9.953046304802233291e-01
9.660639437893537851e-01
9.778657325044808335e-01
9.983448406595856195e-01
9.595525756829387243e-01
1.388128086362494074e+00
2.937107632881438279e-01
2.600000000000000089e-01
-2.733237668871879578e-02
9.678536920073061989e-01
1.000000000000000000e+00
1.000000000000000000e+00
9.718430216005194966e-01
1.000000000000000000e+00
1.000000000000000000e+00
9.967284680782012574e-01
9.587769951774544053e-01
1.000000000000000000e+00
9.942829883413109027e-01
1.000000000000000000e+00
9.869538494105023485e-01
1.000000000000000000e+00
9.393112796242041318e-01
9.553764282189686208e-01
1.000000000000000000e+00
1.000000000000000000e+00
1.000000000000000000e+00
9.762315639040911597e-01
1.000000000000000000e+00
1.000000000000000000e+00
1.000000000000000000e+00
9.432294656057598203e-01
9.907938814280899953e-01
1.363276841267574202e+00
3.070014688410733772e-01
2.600000000000000089e-01
-1.008845046162605286e-01
1.000000000000000000e+00
9.752627365423478523e-01
1.000000000000000000e+00
9.870256644726843609e-01
9.610804931168581700e-01
1.000000000000000000e+00
9.761316963013968451e-01
1.000000000000000000e+00
1.000000000000000000e+00
1.000000000000000000e+00
9.567810922745237923e-01
9.907027468625553279e-01
9.664710355521365370e-01
9.388404773442212692e-01
1.000000000000000000e+00
9.391852164359973942e-01
9.551057094717215756e-01
1.000000000000000000e+00
9.764299052498176534e-01
1.000000000000000000e+00
9.585066156769947998e-01
9.613528230763265237e-01
9.766364901141537658e-01
9.496269538298214297e-01
1.338403159676882170e+00
3.264846239904865000e-01
2.600000000000000089e-01
-1.577489376068115234e-01
1.000000000000000000e+00
9.773465616510029763e-01
9.517579413186354476e-01
9.854644679677094787e-01
9.923117328607838905e-01
9.612629241940650049e-01
1.000000000000000000e+00
9.912506209043374650e-01
9.741227393194531459e-01
9.607169540275203312e-01
1.000000000000000000e+00
9.540436423054442505e-01
9.465378608546271000e-01
1.000000000000000000e+00
1.000000000000000000e+00
1.000000000000000000e+00
9.731941091294632473e-01
9.560479614588427433e-01
1.000000000000000000e+00
1.000000000000000000e+00
1.000000000000000000e+00
9.754473348624687068e-01
1.000000000000000000e+00
1.000000000000000000e+00
1.305680611166400329e+00
3.575515157802030553e-01
2.600000000000000089e-01
-1.704049110412597656e-01
1.000000000000000000e+00
9.956912215801463351e-01
1.000000000000000000e+00
1.000000000000000000e+00
1.000000000000000000e+00
9.947315648024005474e-01
9.397317502848089310e-01
9.981317859304142948e-01
9.498391663796327267e-01
9.633712468674441309e-01
9.528985705008975460e-01
9.465258067077223503e-01
1.000000000000000000e+00
1.000000000000000000e+00
1.000000000000000000e+00
1.000000000000000000e+00
1.000000000000000000e+00
1.000000000000000000e+00
9.941721440393608278e-01
9.442104823943310299e-01
1.000000000000000000e+00
9.857579555824979023e-01
1.000000000000000000e+00
9.579333322831020681e-01
1.281420104670472959e+00
3.741133417246002013e-01
2.600000000000000089e-01
-5.976387485861778259e-02
9.498190038497709153e-01
9.800287738501518575e-01
9.860652971571726155e-01
1.000000000000000000e+00
1.000000000000000000e+00
1.000000000000000000e+00
9.637795129657077409e-01
1.000000000000000000e+00
9.439281207677125973e-01
1.000000000000000000e+00
9.700966423639673097e-01
1.000000000000000000e+00
9.882170833562025081e-01
9.797544648578823123e-01
1.000000000000000000e+00
1.000000000000000000e+00
9.711824010481323599e-01
1.000000000000000000e+00
9.396131052052639765e-01
1.000000000000000000e+00
1.000000000000000000e+00
9.934209794962701734e-01
9.677906515995982062e-01
1.000000000000000000e+00
1.257244695222775155e+00
3.866480831546182939e-01
2.600000000000000089e-01
-4.687346145510673523e-02
9.908001838131443861e-01
1.000000000000000000e+00
9.624448581459098540e-01
9.979857890496893758e-01
1.000000000000000000e+00
1.000000000000000000e+00
1.000000000000000000e+00
9.443493508633009625e-01
9.373611456825762245e-01
9.689145191581791661e-01
9.726581493825465774e-01
1.000000000000000000e+00
1.000000000000000000e+00
9.488261702621288984e-01
9.692479316860990179e-01
1.000000000000000000e+00
1.000000000000000000e+00
9.391939296447977537e-01
1.000000000000000000e+00
9.470128922918331638e-01
1.000000000000000000e+00
9.509431295256627337e-01
9.438047848552567620e-01
1.000000000000000000e+00
1.225195030846834454e+00
4.012306864197359157e-01
2.600000000000000089e-01
-9.222609922289848328e-03
1.000000000000000000e+00
9.524919475309873151e-01
1.000000000000000000e+00
9.489495174344888540e-01
9.827250083983563034e-01
9.561725672984743296e-01
1.000000000000000000e+00
1.000000000000000000e+00
1.000000000000000000e+00
9.397997876179903232e-01
9.829078332412032326e-01
1.000000000000000000e+00
9.738181707388358088e-01
1.000000000000000000e+00
1.000000000000000000e+00
9.432183459950900239e-01
9.509850337890349836e-01
9.524326231383265506e-01
9.501024043113420747e-01
1.000000000000000000e+00
9.575593237324129259e-01
1.000000000000000000e+00
9.757468599222983707e-01
1.000000000000000000e+00
1.201445751462004052e+00
4.127671858148774797e-01
2.600000000000000089e-01
-5.265396460890769958e-02
9.388980697304737388e-01
1.000000000000000000e+00
1.000000000000000000e+00
1.000000000000000000e+00
9.739196386823001372e-01
9.531304201038353074e-01
1.000000000000000000e+00
9.446415900444165015e-01
9.574985905012513010e-01
9.565743166009850196e-01
1.000000000000000000e+00
9.731528733833879619e-01
1.000000000000000000e+00
1.000000000000000000e+00
9.921589218061106497e-01
9.374006141361267419e-01
1.000000000000000000e+00
1.000000000000000000e+00
1.000000000000000000e+00
1.000000000000000000e+00
1.000000000000000000e+00
1.000000000000000000e+00
1.000000000000000000e+00
9.774700743930117008e-01
1.177721897846923049e+00
4.231725185022133795e-01
2.600000000000000089e-01
4.984293133020401001e-02
1.000000000000000000e+00
1.000000000000000000e+00
1.000000000000000000e+00
1.000000000000000000e+00
9.668784852010972042e-01
1.000000000000000000e+00
9.568312276187641574e-01
9.467831153473525996e-01
9.954464856959589492e-01
9.744488271300594251e-01
9.490271109733198207e-01
9.898731882569807849e-01
1.000000000000000000e+00
1.000000000000000000e+00
1.000000000000000000e+00
1.000000000000000000e+00
9.984777352105337345e-01
1.000000000000000000e+00
1.000000000000000000e+00
9.987699969069223638e-01
1.000000000000000000e+00
9.619802151682179669e-01
1.000000000000000000e+00
9.445466331809891924e-01
1.145962434916469430e+00
4.295596384928141998e-01
2.600000000000000089e-01
3.846067562699317932e-02
9.587599516627953733e-01
1.000000000000000000e+00
9.747346654591757531e-01
9.604427991765188688e-01
9.429568899755359501e-01
1.000000000000000000e+00
9.570613328030100897e-01
9.996872949372119788e-01
1.000000000000000000e+00
1.000000000000000000e+00
9.766068137519031689e-01
9.925323508584470433e-01
1.000000000000000000e+00
1.000000000000000000e+00
9.479528731647209883e-01
9.561133637306759026e-01
1.000000000000000000e+00
1.000000000000000000e+00
9.678580014335232962e-01
9.566634046741404607e-01
1.000000000000000000e+00
1.000000000000000000e+00
1.000000000000000000e+00
1.000000000000000000e+00
1.122276099458141774e+00
4.390638411191658541e-01
2.600000000000000089e-01
-4.535236582159996033e-02
9.722508973776917696e-01
1.000000000000000000e+00
1.000000000000000000e+00
9.631782627007507980e-01
9.465300769413019788e-01
9.750748141785701151e-01
9.657157810037809709e-01
9.670025689033966421e-01
1.000000000000000000e+00
1.000000000000000000e+00
9.787152729767906179e-01
9.923420322912992475e-01
9.893076448261783895e-01
9.465369055860274328e-01
1.000000000000000000e+00
9.557897890441134914e-01
1.000000000000000000e+00
9.472854978354368072e-01
1.000000000000000000e+00
9.958662046637453136e-01
9.565025145809430418e-01
9.646945708875419578e-01
1.000000000000000000e+00
9.439628873434960932e-01
1.091212428143598201e+00
4.592806500412464077e-01
2.600000000000000089e-01
-5.945912376046180725e-02
9.491704893132916210e-01
9.450583064609172634e-01
1.000000000000000000e+00
1.000000000000000000e+00
1.000000000000000000e+00
9.764862897588552082e-01
1.000000000000000000e+00
9.594582225447945145e-01
1.000000000000000000e+00
9.407254189135499933e-01
1.000000000000000000e+00
1.000000000000000000e+00
9.930023244823305006e-01
1.000000000000000000e+00
1.000000000000000000e+00
9.449997878361896531e-01
1.000000000000000000e+00
9.977106170594520762e-01
9.553379592835423706e-01
9.940165505001515855e-01
1.000000000000000000e+00
9.377844953114179427e-01
1.000000000000000000e+00
1.000000000000000000e+00
1.067949883383982224e+00
4.794979244990340561e-01
2.600000000000000089e-01
-1.135707646608352661e-01
9.811932307888451277e-01
1.000000000000000000e+00
9.556969424551088332e-01
1.000000000000000000e+00
9.862229091786139934e-01
1.000000000000000000e+00
1.000000000000000000e+00
9.540181614923403108e-01
9.433736560441167152e-01
1.000000000000000000e+00
1.000000000000000000e+00
9.437665874178150505e-01
1.000000000000000000e+00
1.000000000000000000e+00
1.000000000000000000e+00
1.000000000000000000e+00
1.000000000000000000e+00
1.000000000000000000e+00
1.000000000000000000e+00
9.668689310636064960e-01
9.766320726559633014e-01
1.000000000000000000e+00
9.575114654716491147e-01
1.000000000000000000e+00
1.044871121681320680e+00
4.983552156952356649e-01
2.600000000000000089e-01
-4.905185103416442871e-02
1.000000000000000000e+00
1.000000000000000000e+00
9.953910816909824488e-01
9.871668321642251831e-01
1.000000000000000000e+00
1.000000000000000000e+00
9.989477176898553523e-01
9.609172128436804794e-01
9.559315952139527672e-01
9.380290622070770468e-01
9.939808564128272961e-01
1.000000000000000000e+00
1.000000000000000000e+00
9.521341467371724487e-01
1.000000000000000000e+00
9.560462684086571405e-01
1.000000000000000000e+00
9.754889329458961145e-01
1.000000000000000000e+00
9.712409174316493088e-01
9.396001433816441040e-01
9.415115101168691769e-01
9.618584071456194318e-01
9.430720378548063110e-01
1.022140937951586448e+00
5.144837611333176186e-01
2.600000000000000089e-01
-2.808639220893383026e-02
