1.000000000000000000e+00
1.000000000000000000e+00
1.000000000000000000e+00
1.000000000000000000e+00
1.000000000000000000e+00
1.000000000000000000e+00
1.000000000000000000e+00
1.000000000000000000e+00
1.000000000000000000e+00
1.000000000000000000e+00
1.000000000000000000e+00
1.000000000000000000e+00
1.000000000000000000e+00
1.000000000000000000e+00
1.000000000000000000e+00
1.000000000000000000e+00
1.000000000000000000e+00
1.000000000000000000e+00
1.000000000000000000e+00
1.000000000000000000e+00
1.000000000000000000e+00
1.000000000000000000e+00
1.000000000000000000e+00
1.000000000000000000e+00
0.000000000000000000e+00
0.000000000000000000e+00
0.000000000000000000e+00
0.000000000000000000e+00
9.750182931216870852e-01
1.000000000000000000e+00
9.470651257836443238e-01
1.000000000000000000e+00
9.994608654248812174e-01
9.998839788277155138e-01
1.000000000000000000e+00
1.000000000000000000e+00
1.000000000000000000e+00
1.000000000000000000e+00
9.569450052237590265e-01
9.525575195770332737e-01
1.000000000000000000e+00
9.458762754471108369e-01
9.746112935343774764e-01
1.000000000000000000e+00
9.999168297069251921e-01
1.000000000000000000e+00
9.546935932780956646e-01
9.662360846490060107e-01
9.881665890663454688e-01
1.000000000000000000e+00
9.556404864416097045e-01
9.597144450782144620e-01
1.696498127120048949e+01
8.005503386753320960e-01
7.419325351715087835e-02
-3.726845979690551758e-02
9.860383462338093707e-01
9.971926576530458775e-01
1.000000000000000000e+00
9.913195439084754312e-01
1.000000000000000000e+00
9.614874277769922539e-01
9.541649110242048648e-01
9.817811652822072688e-01
1.000000000000000000e+00
9.432033915402845414e-01
9.623336251451494183e-01
9.509661201839748612e-01
9.970613648870216839e-01
1.000000000000000000e+00
9.860547535994701462e-01
9.346794048444930780e-01
1.000000000000000000e+00
9.656376128591094288e-01
1.000000000000000000e+00
1.000000000000000000e+00
1.000000000000000000e+00
1.000000000000000000e+00
1.000000000000000000e+00
9.436432700742410917e-01
1.695836336256702026e+01
8.030446020830712683e-01
2.600000000000000089e-01
3.691327571868896484e-01
1.000000000000000000e+00
9.866431279488411255e-01
9.354873169756169338e-01
1.000000000000000000e+00
1.000000000000000000e+00
9.390134538160087585e-01
9.599912854532968165e-01
1.000000000000000000e+00
1.000000000000000000e+00
9.404041718054582111e-01
1.000000000000000000e+00
1.000000000000000000e+00
1.000000000000000000e+00
1.000000000000000000e+00
1.000000000000000000e+00
9.802239980376509232e-01
1.000000000000000000e+00
1.000000000000000000e+00
9.933991416280331110e-01
1.000000000000000000e+00
9.523280787040865336e-01
1.000000000000000000e+00
9.312314082155948025e-01
9.877938541845187048e-01
1.695163962532171809e+01
8.035449439774438041e-01
2.600000000000000089e-01
3.032810091972351074e-01
1.000000000000000000e+00
1.000000000000000000e+00
1.000000000000000000e+00
1.000000000000000000e+00
1.000000000000000000e+00
9.288589699246964093e-01
1.000000000000000000e+00
1.000000000000000000e+00
1.000000000000000000e+00
9.330504767036156277e-01
9.610540753253147273e-01
9.841167090977098741e-01
9.712621992805029469e-01
9.646867181773914890e-01
1.000000000000000000e+00
9.585229317403596294e-01
1.000000000000000000e+00
1.000000000000000000e+00
9.910673924426867121e-01
9.642782677044926531e-01
9.730676893363606750e-01
9.529208893906266908e-01
1.000000000000000000e+00
9.723065645876607377e-01
1.694218826740897654e+01
8.026124690700644493e-01
2.600000000000000089e-01
2.967160642147064209e-01
1.000000000000000000e+00
9.574553944311888776e-01
1.000000000000000000e+00
1.000000000000000000e+00
1.000000000000000000e+00
9.550332104783738618e-01
1.000000000000000000e+00
9.338996989994149400e-01
1.000000000000000000e+00
9.579343693906370305e-01
9.430087600877171683e-01
1.000000000000000000e+00
9.527576223592323368e-01
9.969261190996929756e-01
9.716442133649982882e-01
1.000000000000000000e+00
9.656149469094655879e-01
9.697439494707305041e-01
9.980380923231718659e-01
1.000000000000000000e+00
1.000000000000000000e+00
9.506746960038123806e-01
9.528823649951426722e-01
1.000000000000000000e+00
1.692758163318729459e+01
7.989788906180734784e-01
2.600000000000000089e-01
2.940167188644409180e-01
1.000000000000000000e+00
1.000000000000000000e+00
1.000000000000000000e+00
1.000000000000000000e+00
9.876899995153299860e-01
9.900970394428323385e-01
9.392695791265086580e-01
9.921199761446833909e-01
1.000000000000000000e+00
9.365499897300636478e-01
9.950890168946696646e-01
9.684407188378207909e-01
9.795384881937081456e-01
9.833852754803343865e-01
1.000000000000000000e+00
9.312537382378447415e-01
9.796876456981474801e-01
1.000000000000000000e+00
9.642972550867765502e-01
9.300604761772856000e-01
9.606332807116041428e-01
1.000000000000000000e+00
1.000000000000000000e+00
1.000000000000000000e+00
1.691025801686814845e+01
7.797895264825092099e-01
2.600000000000000089e-01
2.934837043285369873e-01
9.939629869846955401e-01
1.000000000000000000e+00
1.000000000000000000e+00
9.443036557799037167e-01
9.925177025155929034e-01
9.609412676875522807e-01
9.838038162130214870e-01
9.866659846024822267e-01
9.936431826557577951e-01
1.000000000000000000e+00
1.000000000000000000e+00
1.000000000000000000e+00
1.000000000000000000e+00
1.000000000000000000e+00
1.000000000000000000e+00
9.656936607602994993e-01
9.332974733246803822e-01
1.000000000000000000e+00
9.550853233150551347e-01
1.000000000000000000e+00
9.324667288854338043e-01
9.408847334154174513e-01
9.315647516459805155e-01
9.396637390020237124e-01
1.687921831277737539e+01
7.357865016870657193e-01
2.600000000000000089e-01
2.865311205387115479e-01
1.000000000000000000e+00
9.311439927951070672e-01
9.587228158153557889e-01
9.386859349564579125e-01
9.984333646809103735e-01
1.000000000000000000e+00
1.000000000000000000e+00
9.789664452369745140e-01
1.000000000000000000e+00
9.967460257479713315e-01
9.965841753155826321e-01
9.830787348794041147e-01
9.203082232072757884e-01
1.000000000000000000e+00
1.000000000000000000e+00
9.473932419075722366e-01
1.000000000000000000e+00
1.000000000000000000e+00
9.971255139107390031e-01
9.294790624139303015e-01
9.792480630705074907e-01
9.324087648654677540e-01
9.816978526639827951e-01
1.000000000000000000e+00
1.685341626375453572e+01
6.991840845141443772e-01
2.600000000000000089e-01
2.751550674438476562e-01
9.830434929333502492e-01
1.000000000000000000e+00
1.000000000000000000e+00
9.802125987563315990e-01
9.321882743579802399e-01
9.400642116557852423e-01
9.541010730378509663e-01
1.000000000000000000e+00
9.940932095680981018e-01
9.833714913125053414e-01
9.904511637097744847e-01
9.329728489823191362e-01
1.000000000000000000e+00
1.000000000000000000e+00
1.000000000000000000e+00
9.737424795271916178e-01
9.705323623930904864e-01
9.567467663128214062e-01
9.724197405222895219e-01
9.400258778195283993e-01
9.916755845839950734e-01
1.000000000000000000e+00
1.000000000000000000e+00
9.925386699264147072e-01
1.682686528692441641e+01
6.647410036324270521e-01
2.600000000000000089e-01
2.779341340065002441e-01
1.000000000000000000e+00
1.000000000000000000e+00
9.564708251952983575e-01
1.000000000000000000e+00
1.000000000000000000e+00
1.000000000000000000e+00
9.924495415293140832e-01
9.346373922256827615e-01
9.819653484400133747e-01
9.676317498388147254e-01
1.000000000000000000e+00
9.158179089531506278e-01
9.534318370679349952e-01
1.000000000000000000e+00
9.847403150716694809e-01
1.000000000000000000e+00
1.000000000000000000e+00
9.638849615031340745e-01
1.000000000000000000e+00
1.000000000000000000e+00
9.733721530806482836e-01
9.314012933753811341e-01
9.510505814253222834e-01
1.000000000000000000e+00
1.680633520932516589e+01
6.396402858799823399e-01
2.600000000000000089e-01
2.595807909965515137e-01
9.894421695912359871e-01
1.000000000000000000e+00
9.583796514248081877e-01
1.000000000000000000e+00
1.000000000000000000e+00
1.000000000000000000e+00
1.000000000000000000e+00
1.000000000000000000e+00
9.967785306191920824e-01
9.560699604666602625e-01
9.847680458775653900e-01
9.905456406710734241e-01
1.000000000000000000e+00
1.000000000000000000e+00
9.829641332455677505e-01
1.000000000000000000e+00
9.490522831982068919e-01
9.335249606916156129e-01
9.463822033174620341e-01
9.384908617285390164e-01
9.312144433006996902e-01
1.000000000000000000e+00
9.358970310220459110e-01
1.000000000000000000e+00
1.677828525192626330e+01
6.044673829024058698e-01
2.600000000000000089e-01
2.688363194465637207e-01
9.511743474621189298e-01
1.000000000000000000e+00
9.790265609301499472e-01
9.441483798580528886e-01
1.000000000000000000e+00
9.629813230493677878e-01
1.000000000000000000e+00
1.000000000000000000e+00
9.285769363752730543e-01
1.000000000000000000e+00
8.839569745561026703e-01
9.526946966686102858e-01
1.000000000000000000e+00
1.000000000000000000e+00
1.000000000000000000e+00
9.897794187171827796e-01
1.000000000000000000e+00
9.843356568735673884e-01
9.676890225653275168e-01
1.000000000000000000e+00
9.376317024983104043e-01
1.000000000000000000e+00
1.000000000000000000e+00
9.926598565696922449e-01
1.674982515975361252e+01
5.713877005820422461e-01
2.600000000000000089e-01
2.475564628839492798e-01
1.000000000000000000e+00
9.727398205502817419e-01
9.874536301587016895e-01
1.000000000000000000e+00
9.443516758405554601e-01
9.930780748645278155e-01
9.325805672546992886e-01
1.000000000000000000e+00
9.900825631076372035e-01
9.722468223628959461e-01
8.990893690498145130e-01
9.163748748363956809e-01
1.000000000000000000e+00
9.949433756287614505e-01
9.799475422262683422e-01
9.716704320567043363e-01
1.000000000000000000e+00
9.350842692026563041e-01
1.000000000000000000e+00
1.000000000000000000e+00
9.545991174827790360e-01
1.000000000000000000e+00
9.416663460045617828e-01
9.392760507045601059e-01
1.672794683538993965e+01
5.459979880211172087e-01
2.600000000000000089e-01
2.727595567703247070e-01
1.000000000000000000e+00
1.000000000000000000e+00
9.493501830227553118e-01
9.512939374783877522e-01
1.000000000000000000e+00
1.000000000000000000e+00
9.316604697591766016e-01
9.412192777064977145e-01
1.000000000000000000e+00
9.884720669672167892e-01
8.601407497157858018e-01
1.000000000000000000e+00
9.567857955035747874e-01
9.581532630080404900e-01
9.645756778661705999e-01
9.603470644491312047e-01
9.676711775344536415e-01
1.000000000000000000e+00
9.854050047150152425e-01
9.922840221464415134e-01
9.671496330933193608e-01
1.000000000000000000e+00
9.801431727196251442e-01
9.021858627431665889e-01
1.670565738100316722e+01
5.203919246293433609e-01
2.600000000000000089e-01
2.604874372482299805e-01
9.751200366955404819e-01
9.648342115992677437e-01
1.000000000000000000e+00
1.000000000000000000e+00
1.000000000000000000e+00
9.540788272824739513e-01
9.982486223702371486e-01
1.000000000000000000e+00
9.972409901930010534e-01
9.687540425644256548e-01
8.287719960964550214e-01
1.000000000000000000e+00
1.000000000000000000e+00
9.647032922059655125e-01
9.942956864527904282e-01
1.000000000000000000e+00
9.343249639051055544e-01
9.920983171223899388e-01
9.614957627183317035e-01
9.889197878603883662e-01
9.544979296444072725e-01
9.548799799094550567e-01
9.878049124465865249e-01
8.955683593281891230e-01
1.667570097828414077e+01
4.859486515697888365e-01
2.600000000000000089e-01
2.724084556102752686e-01
1.000000000000000000e+00
9.399954451277524603e-01
9.911780503944898069e-01
9.856247746175001989e-01
1.000000000000000000e+00
1.000000000000000000e+00
9.484113161270492087e-01
1.000000000000000000e+00
9.434949013427950115e-01
9.290410101425515821e-01
9.509732784000167749e-01
1.000000000000000000e+00
9.789907126475612120e-01
9.307144423234893216e-01
1.000000000000000000e+00
1.000000000000000000e+00
1.000000000000000000e+00
1.000000000000000000e+00
1.000000000000000000e+00
1.000000000000000000e+00
9.824667008339295071e-01
9.336519751117654531e-01
9.675846751777994470e-01
9.838200381487360868e-01
1.665279700457081447e+01
4.607738237383998126e-01
2.600000000000000089e-01
2.484229505062103271e-01
9.844835699761954606e-01
1.000000000000000000e+00
9.593251712403004783e-01
1.000000000000000000e+00
1.000000000000000000e+00
1.000000000000000000e+00
1.000000000000000000e+00
1.000000000000000000e+00
9.939011827257301368e-01
8.696651637101241450e-01
8.364031176959102476e-01
1.000000000000000000e+00
1.000000000000000000e+00
9.694960538653347726e-01
1.000000000000000000e+00
9.768542533280191176e-01
1.000000000000000000e+00
1.000000000000000000e+00
1.000000000000000000e+00
9.447276731178683162e-01
9.318379738422987169e-01
9.728323515797718812e-01
1.000000000000000000e+00
9.671830913031419508e-01
1.662951664715756195e+01
4.359927441957713867e-01
2.600000000000000089e-01
2.631433606147766113e-01
9.407590477112345306e-01
9.300840465965445336e-01
9.533007115765946837e-01
9.329376018956742067e-01
1.000000000000000000e+00
1.000000000000000000e+00
9.734930084133317507e-01
9.301080560490396776e-01
1.000000000000000000e+00
9.073672084901225343e-01
9.804541736920450168e-01
1.000000000000000000e+00
9.650870902805023244e-01
9.832505954500693202e-01
9.900251307693886949e-01
1.000000000000000000e+00
1.000000000000000000e+00
1.000000000000000000e+00
9.496458173570744288e-01
1.000000000000000000e+00
1.000000000000000000e+00
9.474126315687565469e-01
9.179642143069436377e-01
9.972279725668377059e-01
1.659794322342565920e+01
4.024885521098320318e-01
2.600000000000000089e-01
2.636224329471588135e-01
1.000000000000000000e+00
9.775160028297050774e-01
1.000000000000000000e+00
1.000000000000000000e+00
1.000000000000000000e+00
9.984394793275870317e-01
1.000000000000000000e+00
9.588292011788419611e-01
1.000000000000000000e+00
8.138454077086493266e-01
9.309052239935314832e-01
9.852482281013418275e-01
1.000000000000000000e+00
9.721209700026397504e-01
1.000000000000000000e+00
9.548186326857547312e-01
9.946521475478790064e-01
1.000000000000000000e+00
9.748103043880970153e-01
1.000000000000000000e+00
9.824525594314944543e-01
1.000000000000000000e+00
9.491383100942237805e-01
8.732989198168205069e-01
1.657423016972365204e+01
3.779376758338259812e-01
2.600000000000000089e-01
2.334672361612319946e-01
9.544720980059185900e-01
9.665221102764008920e-01
1.000000000000000000e+00
9.771009161077551797e-01
1.000000000000000000e+00
1.000000000000000000e+00
1.000000000000000000e+00
1.000000000000000000e+00
9.032084679753352718e-01
8.343650368835371367e-01
1.000000000000000000e+00
9.605167083854723176e-01
1.000000000000000000e+00
9.507247846325552754e-01
1.000000000000000000e+00
1.000000000000000000e+00
9.923764407168966795e-01
1.000000000000000000e+00
9.965813426704970279e-01
9.441810318846035610e-01
9.427265079816526949e-01
1.000000000000000000e+00
9.527177914303697204e-01
9.037708873283764044e-01
1.654216089480817331e+01
3.467300487765538897e-01
2.600000000000000089e-01
2.365777343511581421e-01
9.444339185217748289e-01
1.000000000000000000e+00
9.934223593849621503e-01
9.323618467698172596e-01
9.726876915492361775e-01
9.340394705023137290e-01
9.713950901323898934e-01
1.000000000000000000e+00
8.910799495484973409e-01
8.407833149854552213e-01
1.000000000000000000e+00
9.901020271954568130e-01
9.634331208940184466e-01
1.000000000000000000e+00
9.410607596485837112e-01
9.372969337348316943e-01
9.717187651545847737e-01
1.000000000000000000e+00
1.000000000000000000e+00
9.903864672842047634e-01
9.839574178044934172e-01
9.390512351473490060e-01
8.667280872465338293e-01
9.536374157082808667e-01
1.651782961501950453e+01
3.247942250591426827e-01
2.600000000000000089e-01
2.262099236249923706e-01
9.627500560428586818e-01
1.000000000000000000e+00
9.832224457593178313e-01
9.330789327790712795e-01
1.000000000000000000e+00
1.000000000000000000e+00
1.000000000000000000e+00
9.554990973691027678e-01
7.932135945189145998e-01
8.890988668357034941e-01
9.516911643132646148e-01
1.000000000000000000e+00
1.000000000000000000e+00
9.414080021241938434e-01
1.000000000000000000e+00
1.000000000000000000e+00
9.441703250484402288e-01
1.000000000000000000e+00
1.000000000000000000e+00
1.000000000000000000e+00
1.000000000000000000e+00
9.664634823228458460e-01
9.663663499560977144e-01
1.000000000000000000e+00
1.648509323244611835e+01
2.966538050524909487e-01
2.600000000000000089e-01
2.168214470148086548e-01
9.801496477855037304e-01
1.000000000000000000e+00
1.000000000000000000e+00
1.000000000000000000e+00
9.407730844337572895e-01
9.930015435456133188e-01
1.000000000000000000e+00
8.274394642657679766e-01
7.974696827671190480e-01
9.055593564379490479e-01
9.471953933598911135e-01
9.822577933993751342e-01
1.000000000000000000e+00
9.471637537594206346e-01
9.377087657808897969e-01
9.458504672228992272e-01
9.425111095639812087e-01
1.000000000000000000e+00
9.532333264266373840e-01
1.000000000000000000e+00
1.000000000000000000e+00
1.000000000000000000e+00
9.341008451126027179e-01
1.000000000000000000e+00
1.645188863825204351e+01
2.667224756368948846e-01
2.600000000000000089e-01
2.228197753429412842e-01
9.896837472812597403e-01
9.391665060414003952e-01
1.000000000000000000e+00
9.738426707040857000e-01
1.000000000000000000e+00
9.695799124201786023e-01
1.000000000000000000e+00
8.396958287800326826e-01
7.650195350591332266e-01
9.712427484303747249e-01
1.000000000000000000e+00
9.660598105287021564e-01
1.000000000000000000e+00
9.330266674142656536e-01
1.000000000000000000e+00
9.354131118093393926e-01
9.321975164959850346e-01
1.000000000000000000e+00
9.813537020352244289e-01
9.445973039714647967e-01
1.000000000000000000e+00
9.319547608713831810e-01
9.010924761194903931e-01
1.000000000000000000e+00
1.642700230339409373e+01
2.448308276224504532e-01
2.600000000000000089e-01
2.265936136245727539e-01
1.000000000000000000e+00
9.812191062905395444e-01
9.926663560126655073e-01
1.000000000000000000e+00
1.000000000000000000e+00
1.000000000000000000e+00
1.000000000000000000e+00
7.948038212784002132e-01
9.046453453685081580e-01
1.000000000000000000e+00
1.000000000000000000e+00
1.000000000000000000e+00
9.454430038343699660e-01
9.626063701197828948e-01
1.000000000000000000e+00
9.647281120038123658e-01
9.943472611952183238e-01
9.494354947688758983e-01
1.000000000000000000e+00
1.000000000000000000e+00
1.000000000000000000e+00
9.828742133081410648e-01
9.646371935442622503e-01
1.000000000000000000e+00
1.640190120854939693e+01
2.220297796504566712e-01
2.600000000000000089e-01
2.393611371517181396e-01
9.933717516555431448e-01
1.000000000000000000e+00
1.000000000000000000e+00
9.592784399331329981e-01
9.968924333699993312e-01
1.000000000000000000e+00
9.886923620541215874e-01
8.430975232821488197e-01
8.290163758409390127e-01
9.305726163090982661e-01
1.000000000000000000e+00
1.000000000000000000e+00
9.726445759392221557e-01
9.655113067752318923e-01
1.000000000000000000e+00
9.841147698766011809e-01
1.000000000000000000e+00
9.352912713524466071e-01
1.000000000000000000e+00
9.884578583382394035e-01
1.000000000000000000e+00
9.189580395319983941e-01
9.107745725094488209e-01
9.494955825634754376e-01
1.637659391883338600e+01
1.962730042289728694e-01
2.600000000000000089e-01
2.750229239463806152e-01
1.000000000000000000e+00
1.000000000000000000e+00
1.000000000000000000e+00
1.000000000000000000e+00
9.410981644598790385e-01
9.644431116720004749e-01
1.000000000000000000e+00
8.695143858711948948e-01
9.223406265396434378e-01
1.000000000000000000e+00
1.000000000000000000e+00
9.378244544397039695e-01
1.000000000000000000e+00
1.000000000000000000e+00
9.401947599178799297e-01
9.457522091597463376e-01
9.930369065545479046e-01
1.000000000000000000e+00
9.998987517844597495e-01
9.520085985270535511e-01
9.539645425771526854e-01
9.973297667283231860e-01
1.000000000000000000e+00
9.669166014186568736e-01
1.634300166921802244e+01
1.637701618244609136e-01
2.600000000000000089e-01
1.587343215942382812e-01
9.333599258254708930e-01
9.898669221617961700e-01
1.000000000000000000e+00
1.000000000000000000e+00
1.000000000000000000e+00
1.000000000000000000e+00
8.628812115587820575e-01
8.441125683152319592e-01
1.000000000000000000e+00
9.737371209469135591e-01
1.000000000000000000e+00
1.000000000000000000e+00
9.874851167736551361e-01
1.000000000000000000e+00
1.000000000000000000e+00
9.942770893146315458e-01
9.905092972309336163e-01
1.000000000000000000e+00
1.000000000000000000e+00
9.714062145639248413e-01
9.624058994822934920e-01
8.759010950882174518e-01
8.918905170299916696e-01
1.000000000000000000e+00
1.631846551100406373e+01
1.490236545896888032e-01
2.600000000000000089e-01
2.593401670455932617e-01
1.000000000000000000e+00
1.000000000000000000e+00
9.784711969302311019e-01
1.000000000000000000e+00
9.334438700851127590e-01
1.000000000000000000e+00
8.038977897223121838e-01
8.534680421803549910e-01
9.322303723287611588e-01
1.000000000000000000e+00
9.596980160585383279e-01
9.368112143424021099e-01
1.000000000000000000e+00
1.000000000000000000e+00
9.911310886612384463e-01
1.000000000000000000e+00
1.000000000000000000e+00
9.995809012020363538e-01
9.733325510508035183e-01
1.000000000000000000e+00
9.393581627282697744e-01
9.858538955671163340e-01
9.420343937443872440e-01
1.000000000000000000e+00
1.628476141311103831e+01
1.235224548636075781e-01
2.600000000000000089e-01
1.672682911157608032e-01
9.477266862608484388e-01
1.000000000000000000e+00
1.000000000000000000e+00
9.850369674004662013e-01
9.390146647656726353e-01
1.000000000000000000e+00
7.273836543583679370e-01
7.738342236777818739e-01
1.000000000000000000e+00
1.000000000000000000e+00
1.000000000000000000e+00
1.000000000000000000e+00
9.925848409780367865e-01
9.617036940435259584e-01
9.891337767442432982e-01
1.000000000000000000e+00
1.000000000000000000e+00
9.331228209847586275e-01
9.856283901630983335e-01
9.660285634656052833e-01
9.828517219117050008e-01
8.435122284294779282e-01
9.767882440608467443e-01
9.837582961621621491e-01
1.625894437389391811e+01
1.074970843541449561e-01
2.600000000000000089e-01
1.616700142621994019e-01
1.000000000000000000e+00
1.000000000000000000e+00
9.612913432161319660e-01
1.000000000000000000e+00
9.723728570216353395e-01
1.000000000000000000e+00
7.312985121846491410e-01
8.373136395873472804e-01
9.557672421959095832e-01
1.000000000000000000e+00
9.708142511168978972e-01
1.000000000000000000e+00
9.964952113917605603e-01
9.547118630335725831e-01
1.000000000000000000e+00
9.933242595267417485e-01
9.584525167422304204e-01
9.749666497626373607e-01
1.000000000000000000e+00
9.597644781126083435e-01
9.734879422323227116e-01
8.865746610016417284e-01
9.985287511268456928e-01
1.000000000000000000e+00
1.622459041541963032e+01
8.949749975266918511e-02
2.600000000000000089e-01
1.032686382532119751e-01
9.568266255070694282e-01
1.000000000000000000e+00
1.000000000000000000e+00
9.286209540266916473e-01
9.672661059756657576e-01
9.291196307198710258e-01
7.249928772076977834e-01
8.220695173908340037e-01
9.545855810967418531e-01
9.797700500932065015e-01
9.443908183625647768e-01
1.000000000000000000e+00
1.000000000000000000e+00
9.880414222491636922e-01
9.293521263316593117e-01
9.611052974323257558e-01
9.917944877200409737e-01
1.000000000000000000e+00
1.000000000000000000e+00
9.318118848422874967e-01
9.651311681592568137e-01
9.595144086584193044e-01
1.000000000000000000e+00
1.000000000000000000e+00
1.619881669802556345e+01
7.664849761085168467e-02
2.600000000000000089e-01
1.410475969314575195e-01
9.300191170009242114e-01
1.000000000000000000e+00
9.659049508529634620e-01
1.000000000000000000e+00
1.000000000000000000e+00
8.675679011951472619e-01
7.102523870341900247e-01
8.702999728990444828e-01
1.000000000000000000e+00
1.000000000000000000e+00
1.000000000000000000e+00
9.654176805872933809e-01
9.773456659982792116e-01
1.000000000000000000e+00
1.000000000000000000e+00
9.491319334274305186e-01
1.000000000000000000e+00
9.618806232737110440e-01
1.000000000000000000e+00
9.595471630944033548e-01
9.326300304077250747e-01
8.675690960166467791e-01
1.000000000000000000e+00
9.609287790320494294e-01
1.616434781631501849e+01
6.000934887594633338e-02
2.600000000000000089e-01
1.104681268334388733e-01
9.385410434502483579e-01
9.506098836517508088e-01
9.714087145791553413e-01
9.588702322405613376e-01
1.000000000000000000e+00
7.409177199243177636e-01
7.730160396734186978e-01
9.128510052024241261e-01
1.000000000000000000e+00
9.769960353896846028e-01
9.929789034347491494e-01
9.635844133514658294e-01
9.513846638494960484e-01
9.470925611322680293e-01
9.394929015911334114e-01
9.523681057898648605e-01
9.686790169927167460e-01
1.000000000000000000e+00
1.000000000000000000e+00
1.000000000000000000e+00
9.574307231053909018e-01
8.517437194440106163e-01
9.703449261704401030e-01
9.435098408259502412e-01
1.613847292109953813e+01
5.164602004446283701e-02
2.600000000000000089e-01
8.354045450687408447e-02
9.567515066363798670e-01
1.000000000000000000e+00
9.479265494708867257e-01
9.599251987906395334e-01
1.000000000000000000e+00
7.855131474820430393e-01
7.787508531730755745e-01
1.000000000000000000e+00
9.445089071271509651e-01
9.661268331402784737e-01
1.000000000000000000e+00
9.633395336405206066e-01
1.000000000000000000e+00
1.000000000000000000e+00
1.000000000000000000e+00
1.000000000000000000e+00
1.000000000000000000e+00
1.000000000000000000e+00
1.000000000000000000e+00
9.515817655556549903e-01
9.148037863826657956e-01
8.834482097388701716e-01
9.975930792658825874e-01
9.759827991685935400e-01
1.611282065947967013e+01
4.742066190039118112e-02
2.600000000000000089e-01
-1.194735839962959290e-01
9.458214211400265414e-01
9.805783500023615984e-01
1.000000000000000000e+00
1.000000000000000000e+00
1.000000000000000000e+00
7.027168187471906080e-01
7.081807744642029112e-01
9.827739739664181906e-01
1.000000000000000000e+00
1.000000000000000000e+00
9.838639392009257412e-01
9.627133442939717067e-01
9.828870358629514525e-01
1.000000000000000000e+00
1.000000000000000000e+00
1.000000000000000000e+00
9.397953285265652212e-01
1.000000000000000000e+00
1.000000000000000000e+00
1.000000000000000000e+00
1.000000000000000000e+00
9.484313419280632207e-01
1.000000000000000000e+00
1.000000000000000000e+00
1.607826408473554736e+01
6.367502813380720994e-02
2.600000000000000089e-01
-1.255692839622497559e-01
9.482890016889270468e-01
9.864275043854506819e-01
1.000000000000000000e+00
1.000000000000000000e+00
1.000000000000000000e+00
7.315224886715027131e-01
7.423889672854002697e-01
7.974361413228525652e-01
9.760396885760788122e-01
9.656226081625562951e-01
9.370691746116280862e-01
1.000000000000000000e+00
1.000000000000000000e+00
1.000000000000000000e+00
9.915334590389855984e-01
9.916074066233433459e-01
1.000000000000000000e+00
9.597711657680552122e-01
9.823899951358712190e-01
9.884755511442591125e-01
1.000000000000000000e+00
8.813997857379896050e-01
9.872206904194837929e-01
9.689696976225324887e-01
1.604336932281124461e+01
7.538051078866248034e-02
2.600000000000000089e-01
-6.617078185081481934e-02
9.342527397957770541e-01
9.309316240650022944e-01
1.000000000000000000e+00
1.000000000000000000e+00
1.000000000000000000e+00
6.967058554661337277e-01
7.269620015706725891e-01
8.435495682008148366e-01
1.000000000000000000e+00
9.425731425179383338e-01
1.000000000000000000e+00
9.538766235406177518e-01
1.000000000000000000e+00
1.000000000000000000e+00
9.524819792674990016e-01
1.000000000000000000e+00
1.000000000000000000e+00
9.785569395613682442e-01
9.973923829932466179e-01
1.000000000000000000e+00
1.000000000000000000e+00
8.882471606318593782e-01
8.909503471088374704e-01
9.700677684788934219e-01
1.600991421169643303e+01
8.508765300622922467e-02
2.600000000000000089e-01
4.689824208617210388e-02
9.681969696946871595e-01
1.000000000000000000e+00
9.803144905714525903e-01
9.974364766937690030e-01
9.760481526079233250e-01
7.781205636449701757e-01
7.682335220109001162e-01
8.788741263425657868e-01
1.000000000000000000e+00
1.000000000000000000e+00
1.000000000000000000e+00
9.726144297309012865e-01
9.606743634482354244e-01
1.000000000000000000e+00
9.815768788327374761e-01
1.000000000000000000e+00
9.664110524996906149e-01
1.000000000000000000e+00
1.000000000000000000e+00
9.784279126526390646e-01
9.986846391475225904e-01
9.328193448742158056e-01
9.305802979577763034e-01
9.293025813959128190e-01
1.598412825674965632e+01
7.642149585200330719e-02
2.600000000000000089e-01
1.136110350489616394e-01
1.000000000000000000e+00
1.000000000000000000e+00
9.519903543536728519e-01
1.000000000000000000e+00
1.000000000000000000e+00
7.486740716624058489e-01
6.928021906156477394e-01
9.325701225535569794e-01
9.510606846012022997e-01
9.920039957753703508e-01
1.000000000000000000e+00
1.000000000000000000e+00
9.456375960677375625e-01
1.000000000000000000e+00
9.439734925241092256e-01
1.000000000000000000e+00
1.000000000000000000e+00
9.930428965196779201e-01
9.464758678686321369e-01
1.000000000000000000e+00
9.409111352470544976e-01
9.039256449445474129e-01
9.060110481185594811e-01
9.353869352975916485e-01
1.595820833628723001e+01
7.306534869896763595e-02
2.600000000000000089e-01
1.613202132284641266e-02
9.419081701231181158e-01
1.000000000000000000e+00
1.000000000000000000e+00
9.316470925601517683e-01
1.000000000000000000e+00
7.414265734809776243e-01
7.135167009471381494e-01
9.602319229308177162e-01
1.000000000000000000e+00
9.828214486557207419e-01
9.919887778466497386e-01
1.000000000000000000e+00
9.541212896178867808e-01
1.000000000000000000e+00
1.000000000000000000e+00
1.000000000000000000e+00
9.603085871210501612e-01
1.000000000000000000e+00
1.000000000000000000e+00
9.496283824326831047e-01
1.000000000000000000e+00
8.793682584707319672e-01
9.401245308190020467e-01
1.000000000000000000e+00
1.592397176971169692e+01
7.524788648465241536e-02
2.600000000000000089e-01
-7.388480752706527710e-02
1.000000000000000000e+00
1.000000000000000000e+00
1.000000000000000000e+00
1.000000000000000000e+00
9.387146496681291197e-01
7.109688154215069167e-01
7.598892920693754993e-01
9.424359180870205410e-01
9.716537841094712302e-01
9.921580557927366373e-01
9.289276820972399706e-01
1.000000000000000000e+00
9.344960985780325080e-01
1.000000000000000000e+00
1.000000000000000000e+00
9.688610099095609218e-01
1.000000000000000000e+00
9.362580348582537626e-01
9.361898058929385424e-01
1.000000000000000000e+00
1.000000000000000000e+00
9.588572399478437758e-01
8.495024953929922740e-01
1.000000000000000000e+00
1.589811556218967326e+01
8.004053587832249406e-02
2.600000000000000089e-01
-3.491583839058876038e-02
9.547613585933261149e-01
9.715565219733457436e-01
9.601323402917335548e-01
1.000000000000000000e+00
9.819313586463780386e-01
7.310609422110173616e-01
7.589549661990705465e-01
9.667089999138560596e-01
1.000000000000000000e+00
1.000000000000000000e+00
9.299714477455046646e-01
1.000000000000000000e+00
1.000000000000000000e+00
1.000000000000000000e+00
9.480521117428324374e-01
1.000000000000000000e+00
9.504258896927398892e-01
1.000000000000000000e+00
9.443634975763225414e-01
9.671590925055877364e-01
9.713184305398413487e-01
9.247066111797791477e-01
8.854064867777712289e-01
1.000000000000000000e+00
1.586331004704779701e+01
8.606216521262188834e-02
2.600000000000000089e-01
-5.418511107563972473e-02
9.626185077784230604e-01
9.375906605117988457e-01
1.000000000000000000e+00
1.000000000000000000e+00
1.000000000000000000e+00
7.696252898761440919e-01
6.382437776041756106e-01
1.000000000000000000e+00
9.807016700026133238e-01
9.853155522141001654e-01
1.000000000000000000e+00
9.613800495959479164e-01
1.000000000000000000e+00
9.615974325405147738e-01
1.000000000000000000e+00
9.600909255295775324e-01
1.000000000000000000e+00
9.908572148367842392e-01
1.000000000000000000e+00
9.581187379711655350e-01
9.849752542415620704e-01
9.200799516121361821e-01
8.041720947097094063e-01
1.000000000000000000e+00
1.583781010867150840e+01
9.340146619133804506e-02
2.600000000000000089e-01
3.458519279956817627e-02
1.000000000000000000e+00
9.294911937628874687e-01
9.595277811919341593e-01
1.000000000000000000e+00
1.000000000000000000e+00
6.582059166732079358e-01
6.536806624128741472e-01
9.482652449940661699e-01
1.000000000000000000e+00
9.642716534351479796e-01
1.000000000000000000e+00
1.000000000000000000e+00
9.587993428569836496e-01
1.000000000000000000e+00
1.000000000000000000e+00
9.391801810757102187e-01
9.985654886987341827e-01
1.000000000000000000e+00
9.285720009563303012e-01
9.596779326390515452e-01
1.000000000000000000e+00
9.185188784751322499e-01
9.382339984799072941e-01
9.535198188726867752e-01
1.580569847053172516e+01
9.761038101987873361e-02
2.600000000000000089e-01
1.834810823202133179e-01
9.632292913173268190e-01
1.000000000000000000e+00
9.997271951704043147e-01
1.000000000000000000e+00
9.776164334320226468e-01
6.840168876439368661e-01
6.467236168764596282e-01
1.000000000000000000e+00
1.000000000000000000e+00
1.000000000000000000e+00
9.440707428939083545e-01
1.000000000000000000e+00
1.000000000000000000e+00
1.000000000000000000e+00
1.000000000000000000e+00
1.000000000000000000e+00
1.000000000000000000e+00
9.452529663069576538e-01
1.000000000000000000e+00
1.000000000000000000e+00
1.000000000000000000e+00
8.738398772652721247e-01
8.142597617039010194e-01
9.521208785502649485e-01
1.578065833618847691e+01
9.152965653816780289e-02
2.600000000000000089e-01
7.414678484201431274e-02
1.000000000000000000e+00
9.892556029228452008e-01
1.000000000000000000e+00
9.763389136857306694e-01
1.000000000000000000e+00
6.586389366320464234e-01
7.359414071945761249e-01
1.000000000000000000e+00
9.363836892942554169e-01
1.000000000000000000e+00
1.000000000000000000e+00
1.000000000000000000e+00
9.586305890597532908e-01
1.000000000000000000e+00
1.000000000000000000e+00
9.960278231743294741e-01
9.760213238976609418e-01
1.000000000000000000e+00
9.358939310982473669e-01
9.542175775814458749e-01
9.831993169588096881e-01
8.958194811050713691e-01
9.237676208823252244e-01
1.000000000000000000e+00
1.575474086693941977e+01
8.383761336932193942e-02
2.600000000000000089e-01
8.099689334630966187e-02
9.306029762510636960e-01
9.614999909996380101e-01
9.569337288927257656e-01
9.848766722513226934e-01
1.000000000000000000e+00
6.212656136415894981e-01
6.959787124723948448e-01
9.650157928575759936e-01
1.000000000000000000e+00
9.498280322445420421e-01
1.000000000000000000e+00
9.774978009571150261e-01
9.932401514213761162e-01
1.000000000000000000e+00
1.000000000000000000e+00
1.000000000000000000e+00
1.000000000000000000e+00
1.000000000000000000e+00
9.591855853456719982e-01
1.000000000000000000e+00
9.508060973578811303e-01
9.166472100115214960e-01
8.976055162621279226e-01
9.958358479514256567e-01
1.572031868036613389e+01
7.139710479940486465e-02
2.600000000000000089e-01
1.318905353546142578e-01
9.857471308493063189e-01
1.000000000000000000e+00
9.871366083776769162e-01
1.000000000000000000e+00
7.833426331639156137e-01
6.661133560603236248e-01
6.573543310011895624e-01
9.500808945869271271e-01
9.841781069814234950e-01
1.000000000000000000e+00
1.000000000000000000e+00
1.000000000000000000e+00
1.000000000000000000e+00
9.758132174278225657e-01
9.771801681268730277e-01
1.000000000000000000e+00
9.530931673445862673e-01
1.000000000000000000e+00
9.296183536654556434e-01
1.000000000000000000e+00
9.567075110236185065e-01
9.224280867465666223e-01
9.075173370607910739e-01
9.842271638026378611e-01
1.569456371705522280e+01
6.246864841630284104e-02
2.600000000000000089e-01
6.289045512676239014e-02
9.841520289254744869e-01
9.910533386815709722e-01
9.614862121105940407e-01
9.311995627606278747e-01
7.724824512750017025e-01
6.829626457219866165e-01
7.668773754839897094e-01
1.000000000000000000e+00
1.000000000000000000e+00
9.732072439758551186e-01
9.512852589220172073e-01
9.907938101701649902e-01
1.000000000000000000e+00
9.292529944872726100e-01
9.481846039286249139e-01
9.620579901944593670e-01
1.000000000000000000e+00
1.000000000000000000e+00
1.000000000000000000e+00
9.290886004022252953e-01
1.000000000000000000e+00
8.586879306540536883e-01
8.728583778841950691e-01
1.000000000000000000e+00
1.566010604809621753e+01
6.252070582298152601e-02
2.600000000000000089e-01
-3.762351348996162415e-02
1.000000000000000000e+00
9.739203268675681313e-01
1.000000000000000000e+00
1.000000000000000000e+00
6.767640558775591675e-01
6.352333136933665525e-01
7.177573179362786160e-01
1.000000000000000000e+00
1.000000000000000000e+00
9.687259814691975279e-01
9.916638341108595656e-01
9.511401278214099975e-01
9.879916733574187759e-01
9.478618544042501926e-01
1.000000000000000000e+00
9.810972234955482874e-01
1.000000000000000000e+00
1.000000000000000000e+00
1.000000000000000000e+00
1.000000000000000000e+00
1.000000000000000000e+00
9.578473505294675672e-01
8.431766089830802224e-01
9.564414376236978210e-01
1.563400127352600855e+01
7.083236364494505111e-02
2.600000000000000089e-01
-1.087083145976066589e-01
1.000000000000000000e+00
1.000000000000000000e+00
1.000000000000000000e+00
1.000000000000000000e+00
7.632112144638169005e-01
6.574308096197966078e-01
6.330545297710514774e-01
9.698920522704456149e-01
9.855811431354872809e-01
9.483331355923981798e-01
1.000000000000000000e+00
9.480020908617400321e-01
1.000000000000000000e+00
1.000000000000000000e+00
9.774487743846870247e-01
9.804036265032942676e-01
9.809878273302456986e-01
9.445760667601158511e-01
9.729922584231420757e-01
9.448748162259338335e-01
1.000000000000000000e+00
1.000000000000000000e+00
8.024332371054304636e-01
8.695590233391359281e-01
1.559958395326837355e+01
8.157293869659465457e-02
2.600000000000000089e-01
-4.378851875662803650e-02
1.000000000000000000e+00
1.000000000000000000e+00
9.409924900464919917e-01
1.000000000000000000e+00
6.421274920994211044e-01
5.927958385784811712e-01
6.412748311999997286e-01
1.000000000000000000e+00
9.943804462974255021e-01
1.000000000000000000e+00
9.439374305099319518e-01
1.000000000000000000e+00
9.774831611214992444e-01
9.892200846745556886e-01
1.000000000000000000e+00
1.000000000000000000e+00
9.769155779378735360e-01
9.993795661105121519e-01
1.000000000000000000e+00
1.000000000000000000e+00
1.000000000000000000e+00
1.000000000000000000e+00
9.107404577138119572e-01
8.595184983283387092e-01
1.557368742388362826e+01
8.567850709621671612e-02
2.600000000000000089e-01
-3.895225375890731812e-02
9.724996261179759127e-01
1.000000000000000000e+00
1.000000000000000000e+00
9.906810157943770623e-01
6.411907660589307723e-01
6.885993477029177523e-01
7.124855842571327091e-01
9.748397348106844218e-01
1.000000000000000000e+00
9.703900092465473914e-01
1.000000000000000000e+00
9.777071295497238301e-01
9.308343345633500743e-01
9.648944555875761386e-01
1.000000000000000000e+00
1.000000000000000000e+00
1.000000000000000000e+00
1.000000000000000000e+00
9.955999762411147369e-01
9.832826180095360913e-01
1.000000000000000000e+00
1.000000000000000000e+00
8.923323986300263355e-01
9.006243974739602809e-01
1.553913836761963196e+01
8.643002905137286973e-02
2.600000000000000089e-01
8.076891303062438965e-03
1.000000000000000000e+00
9.502060387648756379e-01
9.894170901305381349e-01
1.000000000000000000e+00
7.157448182877941267e-01
6.797243271785439189e-01
6.198738503160533542e-01
1.000000000000000000e+00
9.368546150403430639e-01
1.000000000000000000e+00
9.684023579619465139e-01
9.510843765733990596e-01
9.789387046635705802e-01
9.587779394704641911e-01
9.448929640557144349e-01
1.000000000000000000e+00
9.491287923854153652e-01
1.000000000000000000e+00
9.734729540843677364e-01
9.300260273942948519e-01
9.723773531223779409e-01
9.765150609832382589e-01
9.385614293365539540e-01
8.513293064381663999e-01
1.551326237954064169e+01
8.638019671642371833e-02
2.600000000000000089e-01
-4.133434500545263290e-03
9.761382217897788260e-01
1.000000000000000000e+00
1.000000000000000000e+00
1.000000000000000000e+00
7.149026169134933273e-01
5.789743620264233837e-01
6.769794497054563154e-01
9.965401482144552459e-01
9.548503901328414534e-01
1.000000000000000000e+00
1.000000000000000000e+00
9.549041322256981434e-01
1.000000000000000000e+00
1.000000000000000000e+00
9.291827459688956070e-01
1.000000000000000000e+00
9.390139189870490011e-01
9.672175823719382226e-01
1.000000000000000000e+00
1.000000000000000000e+00
9.987611969300981274e-01
1.000000000000000000e+00
8.750722134747022096e-01
8.732615603716543662e-01
1.548744032458569109e+01
8.692644831466278532e-02
2.600000000000000089e-01
-4.729924723505973816e-03
1.000000000000000000e+00
9.858523244089310023e-01
9.579156415752470011e-01
1.000000000000000000e+00
6.833262440826122219e-01
5.867386861233325757e-01
7.028678639255705463e-01
9.316394767379806430e-01
1.000000000000000000e+00
1.000000000000000000e+00
1.000000000000000000e+00
9.895681952482020538e-01
1.000000000000000000e+00
1.000000000000000000e+00
1.000000000000000000e+00
9.755755426889621829e-01
9.909273601648846963e-01
9.468500205950585169e-01
9.431550344629684446e-01
9.388821168897368841e-01
1.000000000000000000e+00
1.000000000000000000e+00
9.137480135543084581e-01
8.792455118369472133e-01
1.546153289008270093e+01
8.839961133556295536e-02
2.600000000000000089e-01
-1.852256618440151215e-02
9.792009844779218097e-01
1.000000000000000000e+00
1.000000000000000000e+00
1.000000000000000000e+00
6.262132982201509268e-01
5.706322144064012170e-01
6.771858198353476466e-01
9.568279020761619735e-01
9.741018679086757004e-01
9.717909580961745508e-01
1.000000000000000000e+00
1.000000000000000000e+00
9.701107296275203185e-01
1.000000000000000000e+00
1.000000000000000000e+00
9.988046289934056077e-01
1.000000000000000000e+00
1.000000000000000000e+00
1.000000000000000000e+00
1.000000000000000000e+00
1.000000000000000000e+00
1.000000000000000000e+00
8.714398458355739896e-01
8.854375669841579866e-01
1.542670271582486308e+01
9.131348134477468292e-02
2.600000000000000089e-01
-2.193355001509189606e-02
9.590845004793294715e-01
1.000000000000000000e+00
9.856449686325839954e-01
1.000000000000000000e+00
6.247167081737760030e-01
5.682503603395030467e-01
7.536636892400387921e-01
9.535383371738790359e-01
1.000000000000000000e+00
9.949887702030034697e-01
1.000000000000000000e+00
9.516002080087491155e-01
1.000000000000000000e+00
9.326461003767202440e-01
9.802403579915213161e-01
1.000000000000000000e+00
9.384952977436374910e-01
9.667423631120610761e-01
1.000000000000000000e+00
9.476927094028007037e-01
9.360023852116390319e-01
9.855927688131994602e-01
8.939115461626172543e-01
8.560648877963371595e-01
1.540092413656644688e+01
9.102286837857054280e-02
2.600000000000000089e-01
2.381865866482257843e-02
9.758292947118762939e-01
1.000000000000000000e+00
9.614638822670789065e-01
9.383452365454134636e-01
5.573281983269564588e-01
6.845793961750942236e-01
6.702222936850016355e-01
1.000000000000000000e+00
1.000000000000000000e+00
9.344899809337057217e-01
9.957286824236123435e-01
1.000000000000000000e+00
1.000000000000000000e+00
9.953991181096828456e-01
1.000000000000000000e+00
1.000000000000000000e+00
1.000000000000000000e+00
9.748650608638534942e-01
9.765845069854963700e-01
9.394041989277578386e-01
9.427048930400919735e-01
9.952577701859389725e-01
8.965407371801471514e-01
8.201967854820478854e-01
1.536655114880715622e+01
9.173285656587992776e-02
2.600000000000000089e-01
-3.421462699770927429e-02
1.000000000000000000e+00
9.958029937554045974e-01
9.720784180399471008e-01
1.000000000000000000e+00
5.631060400197822613e-01
5.543325793835013338e-01
1.000000000000000000e+00
9.437530271851138908e-01
1.000000000000000000e+00
9.295773542714561577e-01
1.000000000000000000e+00
9.490809468924243930e-01
9.831959658160347448e-01
1.000000000000000000e+00
1.000000000000000000e+00
1.000000000000000000e+00
1.000000000000000000e+00
9.919189752837365148e-01
9.990155943140264228e-01
1.000000000000000000e+00
9.778649149349875058e-01
1.000000000000000000e+00
9.191423605840992606e-01
8.554669186268482051e-01
1.533201079136432732e+01
9.375222538813510198e-02
2.600000000000000089e-01
-6.630954332649707794e-03
9.427225640187411049e-01
1.000000000000000000e+00
1.000000000000000000e+00
1.000000000000000000e+00
6.514870259579750300e-01
5.701748518866249782e-01
9.656084612494996167e-01
9.714135836948809555e-01
9.580235079918357766e-01
9.962781222771924794e-01
1.000000000000000000e+00
9.432655099908371366e-01
9.963866500893683309e-01
9.912804484428640039e-01
1.000000000000000000e+00
9.574969225232413672e-01
1.000000000000000000e+00
1.000000000000000000e+00
9.776406454598429718e-01
1.000000000000000000e+00
1.000000000000000000e+00
1.000000000000000000e+00
8.989332754925429825e-01
8.238973151803546946e-01
1.530615443990192048e+01
9.554910424829321514e-02
2.600000000000000089e-01
-3.365259245038032532e-02
1.000000000000000000e+00
9.802391913573680338e-01
1.000000000000000000e+00
9.764153989843104009e-01
5.645626461098690596e-01
6.192870818523331655e-01
9.786986502319943160e-01
1.000000000000000000e+00
9.386605096231519507e-01
1.000000000000000000e+00
1.000000000000000000e+00
9.770380327993661851e-01
9.714435921083772740e-01
1.000000000000000000e+00
1.000000000000000000e+00
9.805753371119577677e-01
1.000000000000000000e+00
1.000000000000000000e+00
9.840664541746887428e-01
1.000000000000000000e+00
1.000000000000000000e+00
1.000000000000000000e+00
8.761641921754697027e-01
8.333558531458962193e-01
1.528033656761110137e+01
1.012793353150565068e-01
2.600000000000000089e-01
-6.898129731416702271e-02
1.000000000000000000e+00
1.000000000000000000e+00
1.000000000000000000e+00
7.670484216729415161e-01
5.411383950783656971e-01
5.451130750980451856e-01
9.816921006037829800e-01
1.000000000000000000e+00
1.000000000000000000e+00
1.000000000000000000e+00
1.000000000000000000e+00
9.942460608592309512e-01
1.000000000000000000e+00
1.000000000000000000e+00
9.649615215189907280e-01
9.395463763369065191e-01
1.000000000000000000e+00
9.507308058172589948e-01
1.000000000000000000e+00
9.346765779034911237e-01
1.000000000000000000e+00
1.000000000000000000e+00
1.000000000000000000e+00
8.049985701363081558e-01
1.523702539293453917e+01
1.129328154029876075e-01
2.600000000000000089e-01
-6.753987818956375122e-02
9.437626004248124145e-01
1.000000000000000000e+00
9.943079842250889255e-01
6.355542417276870415e-01
6.289275088186678797e-01
5.412623575426021016e-01
9.417917486519958858e-01
1.000000000000000000e+00
1.000000000000000000e+00
9.994537863480863482e-01
9.472856409441456904e-01
1.000000000000000000e+00
9.793720359063026182e-01
9.817295344752082764e-01
1.000000000000000000e+00
9.889884433925998364e-01
9.539280013744744213e-01
1.000000000000000000e+00
9.793172144237324295e-01
1.000000000000000000e+00
9.971720562536072752e-01
9.577220702226760807e-01
9.373558951519900262e-01
9.359899729986923544e-01
1.520260912300789435e+01
1.214372850471652221e-01
2.600000000000000089e-01
-6.004997342824935913e-02
9.547842997553430688e-01
1.000000000000000000e+00
1.000000000000000000e+00
6.445063559671210252e-01
5.313105877952297718e-01
5.686127463751857736e-01
9.786810690426096526e-01
1.000000000000000000e+00
9.535247121848569041e-01
9.941278110758001718e-01
1.000000000000000000e+00
1.000000000000000000e+00
9.359668854097019652e-01
1.000000000000000000e+00
1.000000000000000000e+00
9.992997961055564149e-01
1.000000000000000000e+00
9.547408976843421158e-01
9.919264138920277363e-01
9.896693349502756476e-01
1.000000000000000000e+00
1.000000000000000000e+00
9.644755786699166222e-01
8.301613547993397235e-01
1.517762591613427148e+01
1.273918334034811473e-01
2.600000000000000089e-01
2.709586545825004578e-02
1.000000000000000000e+00
9.765052550371216000e-01
1.000000000000000000e+00
6.053955703535462973e-01
6.126957607985951126e-01
6.223528051852228460e-01
1.000000000000000000e+00
1.000000000000000000e+00
1.000000000000000000e+00
9.639083355502175987e-01
1.000000000000000000e+00
9.526481108847030255e-01
1.000000000000000000e+00
9.389630007192258931e-01
9.908944951180467253e-01
1.000000000000000000e+00
9.306593968155694174e-01
1.000000000000000000e+00
9.986923586206829517e-01
9.640058095704490126e-01
9.710767775369691934e-01
9.361104401427675636e-01
1.000000000000000000e+00
8.811781216040596165e-01
1.514307996762826036e+01
1.261027275691994909e-01
2.600000000000000089e-01
1.292573520913720131e-03
9.649391314216104742e-01
9.932594038646950230e-01
1.000000000000000000e+00
6.002190571847186851e-01
5.160201297086225436e-01
6.123110697600490093e-01
9.901396257607470996e-01
9.698765801345853310e-01
1.000000000000000000e+00
1.000000000000000000e+00
1.000000000000000000e+00
1.000000000000000000e+00
1.000000000000000000e+00
1.000000000000000000e+00
1.000000000000000000e+00
9.290137084929200872e-01
1.000000000000000000e+00
9.491770782085536817e-01
9.303563446733089659e-01
9.786073808754343073e-01
9.511104476372876926e-01
9.648751822376011589e-01
1.000000000000000000e+00
9.050575112863878946e-01
1.510871977839156877e+01
1.244135655133535856e-01
2.600000000000000089e-01
1.596648804843425751e-02
9.724399557714699105e-01
1.000000000000000000e+00
9.946000056193565753e-01
5.495292716107050834e-01
5.417855361263305136e-01
6.541014337674994072e-01
9.431321541488696392e-01
1.000000000000000000e+00
9.674143174509469700e-01
1.000000000000000000e+00
9.943263913999726977e-01
9.745440490074255280e-01
1.000000000000000000e+00
9.842194040443285052e-01
1.000000000000000000e+00
9.331536609211251720e-01
9.870375455503744844e-01
9.752915326952297237e-01
9.365148642126107648e-01
1.000000000000000000e+00
9.944157550399904677e-01
1.000000000000000000e+00
1.000000000000000000e+00
8.999649360118936459e-01
1.508301972794439649e+01
1.249392175166148533e-01
2.600000000000000089e-01
-1.371383666992187500e-02
9.929165406979763020e-01
9.564587956164147808e-01
1.000000000000000000e+00
5.901883263437974758e-01
6.159807975755748899e-01
5.331750236431451739e-01
1.000000000000000000e+00
1.000000000000000000e+00
9.449172955556041087e-01
1.000000000000000000e+00
9.773363536839834165e-01
1.000000000000000000e+00
9.806141738377747163e-01
1.000000000000000000e+00
9.752510419803405162e-01
1.000000000000000000e+00
1.000000000000000000e+00
1.000000000000000000e+00
1.000000000000000000e+00
1.000000000000000000e+00
9.995611245604122397e-01
9.700504930380792201e-01
9.933134609713283325e-01
9.207897871366429454e-01
1.505724957808001818e+01
1.256439535317293021e-01
2.600000000000000089e-01
9.260957012884318829e-04
1.000000000000000000e+00
9.937683698926199627e-01
9.882223603784258126e-01
5.477106591323435136e-01
6.215631536199736074e-01
5.245166861305810002e-01
9.818114709248533245e-01
1.000000000000000000e+00
9.593143394726703077e-01
1.000000000000000000e+00
9.737788896789044690e-01
1.000000000000000000e+00
9.853350954859559918e-01
9.722603405205983984e-01
9.763784210596385682e-01
1.000000000000000000e+00
1.000000000000000000e+00
1.000000000000000000e+00
9.533798637023016553e-01
9.532452355034336522e-01
1.000000000000000000e+00
1.000000000000000000e+00
9.564474908184372737e-01
9.147475283768501386e-01
1.502285748633510920e+01
1.243234139228412971e-01
2.600000000000000089e-01
2.508133836090564728e-02
9.357585796204854756e-01
9.712235681711655078e-01
1.000000000000000000e+00
5.598905234739744996e-01
4.917690290273061260e-01
5.390310137361050691e-01
1.000000000000000000e+00
9.952261442224823451e-01
1.000000000000000000e+00
9.669608770028659261e-01
1.000000000000000000e+00
1.000000000000000000e+00
1.000000000000000000e+00
9.570096222964196153e-01
1.000000000000000000e+00
9.597330616929706792e-01
9.519849482298691212e-01
9.346585599721093374e-01
9.465115814227987867e-01
9.389949863968461985e-01
9.852103840073096475e-01
1.000000000000000000e+00
9.427810310146018669e-01
8.535773848063922253e-01
1.499711682025805892e+01
1.226316259711857093e-01
2.600000000000000089e-01
8.940228261053562164e-03
9.689253114972106173e-01
1.000000000000000000e+00
1.000000000000000000e+00
5.286543702197920025e-01
5.909157650863058331e-01
6.309559146818844999e-01
1.000000000000000000e+00
1.000000000000000000e+00
1.000000000000000000e+00
9.424856015155496092e-01
1.000000000000000000e+00
1.000000000000000000e+00
9.856491039887499417e-01
9.817963627934743753e-01
1.000000000000000000e+00
9.934268603530658215e-01
9.886555868472722830e-01
1.000000000000000000e+00
9.670761658284042772e-01
9.930654930559186244e-01
1.000000000000000000e+00
9.605699986547762137e-01
1.000000000000000000e+00
8.995851340597299517e-01
1.496262643269536241e+01
1.245494878061492727e-01
2.600000000000000089e-01
-1.953609660267829895e-02
9.362659439218299351e-01
9.884831515574913352e-01
1.000000000000000000e+00
5.390822154023939827e-01
5.562730638914815673e-01
6.347367062847544261e-01
9.382096077970345505e-01
1.000000000000000000e+00
1.000000000000000000e+00
9.320530649120490896e-01
9.590443389491539739e-01
9.459018368620343287e-01
1.000000000000000000e+00
9.855025347913353162e-01
9.957098691907797505e-01
1.000000000000000000e+00
1.000000000000000000e+00
1.000000000000000000e+00
1.000000000000000000e+00
1.000000000000000000e+00
9.598792445576415089e-01
1.000000000000000000e+00
1.000000000000000000e+00
8.783751708488288790e-01
1.493679535110111090e+01
1.245862458258337746e-01
2.600000000000000089e-01
1.426977384835481644e-02
1.000000000000000000e+00
9.558329557062256177e-01
9.872062825961160915e-01
5.927206214773111936e-01
4.865263830428062097e-01
6.561806617721209767e-01
1.000000000000000000e+00
1.000000000000000000e+00
9.798874231450522831e-01
1.000000000000000000e+00
1.000000000000000000e+00
9.442875399333992004e-01
1.000000000000000000e+00
1.000000000000000000e+00
1.000000000000000000e+00
9.806838069490183551e-01
1.000000000000000000e+00
9.346748032475444834e-01
1.000000000000000000e+00
1.000000000000000000e+00
9.588674778874255455e-01
1.000000000000000000e+00
9.643737698429172278e-01
9.449710482946273027e-01
1.490245056366357801e+01
1.213380492564151147e-01
2.600000000000000089e-01
3.239835798740386963e-02
1.000000000000000000e+00
9.588120241829753976e-01
6.229262763932158498e-01
5.306534247867125131e-01
5.927357616431898624e-01
6.252452357330093857e-01
9.414173521854145577e-01
1.000000000000000000e+00
1.000000000000000000e+00
1.000000000000000000e+00
1.000000000000000000e+00
1.000000000000000000e+00
1.000000000000000000e+00
1.000000000000000000e+00
1.000000000000000000e+00
9.564142003120947866e-01
9.428703574698695800e-01
1.000000000000000000e+00
9.540360872010996696e-01
9.301867262462936159e-01
9.461380697996653044e-01
1.000000000000000000e+00
1.000000000000000000e+00
1.000000000000000000e+00
1.487674755578509789e+01
1.203164612196157002e-01
2.600000000000000089e-01
1.322629046626389027e-03
1.000000000000000000e+00
9.599893010758141498e-01
6.635257415933676350e-01
5.078295040763413093e-01
4.790928166369743946e-01
6.632386666093312844e-01
9.653740726076067702e-01
1.000000000000000000e+00
1.000000000000000000e+00
1.000000000000000000e+00
1.000000000000000000e+00
9.994753257775303990e-01
1.000000000000000000e+00
9.996577896054483769e-01
1.000000000000000000e+00
9.850390047230722645e-01
1.000000000000000000e+00
9.863090041545824471e-01
9.670723993923753259e-01
1.000000000000000000e+00
1.000000000000000000e+00
1.000000000000000000e+00
9.511163981205161821e-01
9.253559411450815730e-01
1.484243097330691086e+01
1.209419408634184734e-01
2.600000000000000089e-01
-5.287150852382183075e-03
9.318188159431507467e-01
9.789363785037037413e-01
6.247499063324656321e-01
5.257440232662019541e-01
5.085112816083234843e-01
1.000000000000000000e+00
9.329586624441752463e-01
1.000000000000000000e+00
9.342947943961653623e-01
1.000000000000000000e+00
1.000000000000000000e+00
9.788115474422237616e-01
1.000000000000000000e+00
9.527991707822547340e-01
9.498502856908305203e-01
9.566456418859566879e-01
9.868587461342034350e-01
1.000000000000000000e+00
9.505665702559288333e-01
9.526558133873063161e-01
1.000000000000000000e+00
9.454695264234709295e-01
1.000000000000000000e+00
1.000000000000000000e+00
1.481653423173857398e+01
1.216093577660548597e-01
2.600000000000000089e-01
-3.909274470061063766e-03
9.295951420294999989e-01
1.000000000000000000e+00
5.948817096778505897e-01
5.311848229867198734e-01
5.145336697835366513e-01
1.000000000000000000e+00
1.000000000000000000e+00
1.000000000000000000e+00
9.657364213010429799e-01
1.000000000000000000e+00
1.000000000000000000e+00
1.000000000000000000e+00
9.885428671061161632e-01
9.486466538159783468e-01
1.000000000000000000e+00
9.557384775718416048e-01
9.678181385299228223e-01
9.690379867585507956e-01
9.630047468590250404e-01
1.000000000000000000e+00
9.590703984683397465e-01
9.682163371223770909e-01
9.543496284362819049e-01
9.313375291536828415e-01
1.478201473160596535e+01
1.223336083027355414e-01
2.600000000000000089e-01
-8.016590960323810577e-03
9.987071680395811502e-01
1.000000000000000000e+00
5.041638684690773475e-01
5.137200591541069006e-01
5.616939702125754996e-01
9.290157726188186249e-01
1.000000000000000000e+00
9.422409990215153686e-01
9.929741136701880633e-01
9.777719076913449214e-01
9.758502663325814286e-01
1.000000000000000000e+00
1.000000000000000000e+00
1.000000000000000000e+00
1.000000000000000000e+00
1.000000000000000000e+00
1.000000000000000000e+00
9.726257193526893774e-01
9.318766418380975969e-01
1.000000000000000000e+00
1.000000000000000000e+00
1.000000000000000000e+00
9.920194674205874419e-01
1.000000000000000000e+00
1.475625809350106366e+01
1.249161475143290012e-01
2.600000000000000089e-01
-3.089904785156250000e-02
1.000000000000000000e+00
9.626984905879222287e-01
5.198895460500921883e-01
5.239578353622427187e-01
5.703460527099950550e-01
1.000000000000000000e+00
9.783340916039494628e-01
9.673168021600275779e-01
1.000000000000000000e+00
1.000000000000000000e+00
9.753426375025476824e-01
9.569397813388297314e-01
9.499228790923622823e-01
1.000000000000000000e+00
9.889720181288191858e-01
1.000000000000000000e+00
1.000000000000000000e+00
1.000000000000000000e+00
9.619281498057657975e-01
1.000000000000000000e+00
1.000000000000000000e+00
9.348204174237777497e-01
9.307643203098496798e-01
9.323330386319848007e-01
1.473041187212647962e+01
1.277971946034863748e-01
2.600000000000000089e-01
-1.562617532908916473e-02
9.778074160680605420e-01
9.885949275172912776e-01
5.035353976647870544e-01
4.446800127408985781e-01
4.958326186419814152e-01
9.324656228262259150e-01
9.933671219431599031e-01
1.000000000000000000e+00
9.648982186370576031e-01
1.000000000000000000e+00
1.000000000000000000e+00
9.458100382062702982e-01
1.000000000000000000e+00
1.000000000000000000e+00
1.000000000000000000e+00
9.772672158399845488e-01
9.811769799362630717e-01
1.000000000000000000e+00
9.472201895613399092e-01
1.000000000000000000e+00
9.946670731965941981e-01
9.957753369925363973e-01
1.000000000000000000e+00
1.000000000000000000e+00
1.469605285879637435e+01
1.294852046533474521e-01
2.600000000000000089e-01
-1.097745914012193680e-02
1.000000000000000000e+00
1.000000000000000000e+00
5.036345677429012735e-01
5.157655990170777471e-01
5.930324813333510692e-01
9.398797270645671276e-01
9.477522804719854532e-01
9.761235157683738617e-01
9.744756405819894329e-01
1.000000000000000000e+00
1.000000000000000000e+00
9.827067844861334667e-01
1.000000000000000000e+00
1.000000000000000000e+00
9.462139282253440031e-01
9.683498916700855608e-01
9.915886971467698929e-01
9.616051734069068768e-01
1.000000000000000000e+00
1.000000000000000000e+00
1.000000000000000000e+00
1.000000000000000000e+00
9.956524626588098004e-01
1.000000000000000000e+00
1.466187211878385632e+01
1.309119717318827369e-01
2.600000000000000089e-01
-4.220384173095226288e-03
9.670764755217379216e-01
9.767855207050830657e-01
4.919314463902834667e-01
5.027969693063416567e-01
5.326965030689932989e-01
9.710302214194196369e-01
1.000000000000000000e+00
9.619789867207156897e-01
1.000000000000000000e+00
1.000000000000000000e+00
9.385745436267344255e-01
9.997417844420749544e-01
1.000000000000000000e+00
1.000000000000000000e+00
1.000000000000000000e+00
1.000000000000000000e+00
1.000000000000000000e+00
1.000000000000000000e+00
1.000000000000000000e+00
9.792582332319001992e-01
1.000000000000000000e+00
9.840863020005066186e-01
9.443563166715228663e-01
9.596519486288487277e-01
1.463608886467169334e+01
1.309097795829128330e-01
2.600000000000000089e-01
7.434684783220291138e-03
9.920828659260140236e-01
9.885308423695428059e-01
4.839055423637078079e-01
4.841400549516691187e-01
4.795631157699767333e-01
9.764417446663387068e-01
9.571717592112941597e-01
1.000000000000000000e+00
1.000000000000000000e+00
1.000000000000000000e+00
9.636189213887786931e-01
9.983396017504959641e-01
1.000000000000000000e+00
1.000000000000000000e+00
9.556159017887876361e-01
1.000000000000000000e+00
9.926449762913741592e-01
1.000000000000000000e+00
1.000000000000000000e+00
9.361237623589587775e-01
9.293259668150651853e-01
9.597500394898192955e-01
1.000000000000000000e+00
1.000000000000000000e+00
1.460144313279005956e+01
1.323239475388167108e-01
2.600000000000000089e-01
-1.490963436663150787e-02
9.839594664470220353e-01
1.000000000000000000e+00
5.868852616008428669e-01
5.109702383597589659e-01
5.040615812111981509e-01
1.000000000000000000e+00
1.000000000000000000e+00
9.585811201667659986e-01
1.000000000000000000e+00
9.557312283112047169e-01
9.942734976769180832e-01
9.516572982611781750e-01
1.000000000000000000e+00
9.597349207045841046e-01
9.430470523107692404e-01
1.000000000000000000e+00
1.000000000000000000e+00
1.000000000000000000e+00
9.411658861257770070e-01
1.000000000000000000e+00
9.562179963262965599e-01
9.455226712230876407e-01
1.000000000000000000e+00
1.000000000000000000e+00
1.457575855909813001e+01
1.336995403047618325e-01
2.600000000000000089e-01
-1.268361695110797882e-02
9.577634579268176074e-01
1.000000000000000000e+00
5.177094720513266690e-01
4.737243912149908809e-01
5.530606987529784746e-01
9.932480958325432541e-01
1.000000000000000000e+00
9.693638296726921899e-01
9.615562480662783740e-01
9.378542871317593344e-01
9.692807684621607134e-01
1.000000000000000000e+00
9.984688713877544197e-01
9.680949410966803725e-01
9.617163147562324266e-01
9.330722145532396317e-01
9.510510757340419064e-01
9.368457965337879667e-01
9.922506719317732982e-01
9.696753892988284607e-01
1.000000000000000000e+00
1.000000000000000000e+00
9.921411567339963877e-01
1.000000000000000000e+00
1.455004520216971464e+01
1.341962697763725565e-01
2.600000000000000089e-01
4.531850572675466537e-03
9.468094884635477326e-01
5.428058343676843700e-01
5.070980158100627522e-01
4.851089210884828029e-01
5.759919159477743245e-01
1.000000000000000000e+00
1.000000000000000000e+00
9.547323541780142753e-01
9.592066595793472539e-01
1.000000000000000000e+00
1.000000000000000000e+00
9.764418768707694429e-01
9.859860391806291036e-01
9.569273809789150542e-01
1.000000000000000000e+00
9.833138453215207742e-01
9.386552566569690281e-01
9.997894548747275900e-01
1.000000000000000000e+00
1.000000000000000000e+00
9.582117832789611711e-01
9.286936969283601240e-01
9.325358742992593264e-01
9.989440606472765882e-01
1.451570425705582679e+01
1.348417853927159626e-01
2.600000000000000089e-01
-7.866285741329193115e-03
9.560965072631137929e-01
6.256833081078140291e-01
5.236651408796368923e-01
4.981773720101537739e-01
4.873610660103319114e-01
1.000000000000000000e+00
1.000000000000000000e+00
9.943629407527995179e-01
9.640461981339261133e-01
9.492750035059450697e-01
9.609558648430525096e-01
9.657898254599540655e-01
1.000000000000000000e+00
1.000000000000000000e+00
1.000000000000000000e+00
1.000000000000000000e+00
1.000000000000000000e+00
1.000000000000000000e+00
9.369775996163246523e-01
1.000000000000000000e+00
9.612182237759886450e-01
9.754435828129227604e-01
1.000000000000000000e+00
1.000000000000000000e+00
1.448988827628194009e+01
1.331391739716556444e-01
2.600000000000000089e-01
3.197719901800155640e-02
9.585080680913972140e-01
5.063678499639155950e-01
4.190695311758975139e-01
4.522030605866221853e-01
5.130448906066007453e-01
9.292964190297049454e-01
1.000000000000000000e+00
9.690978320318289763e-01
9.461119377053706092e-01
9.965153605466291475e-01
9.998286919290918506e-01
9.689809229018473413e-01
1.000000000000000000e+00
1.000000000000000000e+00
9.722079576548956492e-01
9.444782983473757332e-01
9.286112175030052374e-01
9.978424902681369835e-01
1.000000000000000000e+00
9.789928126539754194e-01
1.000000000000000000e+00
1.000000000000000000e+00
9.434584540051645929e-01
1.000000000000000000e+00
1.445574394897703030e+01
1.307414623874558757e-01
2.600000000000000089e-01
9.636498056352138519e-03
9.648317027572375082e-01
5.340068334998175903e-01
4.307316406157931099e-01
4.894169652963947792e-01
5.800648399277948952e-01
1.000000000000000000e+00
9.999103630913236396e-01
9.938116722566329164e-01
9.746747300519429391e-01
1.000000000000000000e+00
9.883226580967707786e-01
9.786980527910171812e-01
1.000000000000000000e+00
9.355111810141538697e-01
9.412745577682021247e-01
9.620901517853834850e-01
1.000000000000000000e+00
1.000000000000000000e+00
9.293880804739573787e-01
9.720759315359651653e-01
1.000000000000000000e+00
9.928382126562242949e-01
9.541422941723970430e-01
1.000000000000000000e+00
1.442996385033916695e+01
1.290741495718337184e-01
2.600000000000000089e-01
2.595094405114650726e-02
9.289760266385570509e-01
5.530055760713674662e-01
5.286212281160186377e-01
4.710558199301076443e-01
1.000000000000000000e+00
9.808145132910871533e-01
1.000000000000000000e+00
9.830711781617071932e-01
9.552620560947140405e-01
1.000000000000000000e+00
1.000000000000000000e+00
9.698395441999648758e-01
9.995378936952301618e-01
9.331553313839257013e-01
9.693118479769531337e-01
9.541752841124051532e-01
1.000000000000000000e+00
9.898089442797116666e-01
1.000000000000000000e+00
9.949874338586647271e-01
9.734894554750647133e-01
9.998419819512358586e-01
1.000000000000000000e+00
9.658630398332090916e-01
1.440410427615587530e+01
1.263134466332869188e-01
2.600000000000000089e-01
3.927598893642425537e-02
9.530813399887285708e-01
5.414075568275128481e-01
4.276686779276235861e-01
4.882398119975229211e-01
9.915339597215859779e-01
1.000000000000000000e+00
9.421641106519553777e-01
9.401457474027508088e-01
1.000000000000000000e+00
1.000000000000000000e+00
9.672251603598780445e-01
1.000000000000000000e+00
1.000000000000000000e+00
1.000000000000000000e+00
9.289658850165148918e-01
9.578634863559561952e-01
1.000000000000000000e+00
1.000000000000000000e+00
1.000000000000000000e+00
1.000000000000000000e+00
1.000000000000000000e+00
1.000000000000000000e+00
9.928764718749972795e-01
9.425347675673206860e-01
1.436171322350958235e+01
1.116118040772446918e-01
2.600000000000000089e-01
1.792784333229064941e-01
1.000000000000000000e+00
5.184099028325032110e-01
4.993363582327982053e-01
5.315825829758408227e-01
1.000000000000000000e+00
1.000000000000000000e+00
1.000000000000000000e+00
9.926494514752280951e-01
9.986775784640997689e-01
1.000000000000000000e+00
9.637809639307637344e-01
9.995911743321833631e-01
1.000000000000000000e+00
9.950499047073897430e-01
1.000000000000000000e+00
1.000000000000000000e+00
1.000000000000000000e+00
1.000000000000000000e+00
1.000000000000000000e+00
1.000000000000000000e+00
1.000000000000000000e+00
9.897603162772666829e-01
1.000000000000000000e+00
1.000000000000000000e+00
1.432792264289002482e+01
9.645967381628661741e-02
2.600000000000000089e-01
9.602445363998413086e-02
4.972862082955568086e-01
4.971129420739777705e-01
4.674564612328807600e-01
5.274532491166953330e-01
9.682851462593340397e-01
9.749775104193859621e-01
9.903811392144350467e-01
1.000000000000000000e+00
9.409268504234830077e-01
1.000000000000000000e+00
1.000000000000000000e+00
1.000000000000000000e+00
1.000000000000000000e+00
9.837846476889832159e-01
1.000000000000000000e+00
1.000000000000000000e+00
1.000000000000000000e+00
9.524828706586890847e-01
9.363659633247379821e-01
9.522215173398080879e-01
1.000000000000000000e+00
9.937637448702870691e-01
1.000000000000000000e+00
1.000000000000000000e+00
1.429317593698902122e+01
8.417059110623226204e-02
2.600000000000000089e-01
9.222649782896041870e-02
5.338461481600653702e-01
4.453886952800418242e-01
4.879523820245436627e-01
9.832201659055803677e-01
9.809464339977198577e-01
9.781329827324948267e-01
1.000000000000000000e+00
1.000000000000000000e+00
1.000000000000000000e+00
1.000000000000000000e+00
1.000000000000000000e+00
9.447959608518280428e-01
9.716845135380678400e-01
1.000000000000000000e+00
9.728883140399681162e-01
1.000000000000000000e+00
1.000000000000000000e+00
1.000000000000000000e+00
9.598944074638444679e-01
1.000000000000000000e+00
9.857727174236049494e-01
1.000000000000000000e+00
9.791023606195016216e-01
9.489127473669750623e-01
1.425894890335188414e+01
6.905959608821321538e-02
2.600000000000000089e-01
1.406654566526412964e-01
5.525966693385615525e-01
5.301583792335253786e-01
4.552871084859820838e-01
9.479713648123696546e-01
1.000000000000000000e+00
9.422563835699812040e-01
1.000000000000000000e+00
1.000000000000000000e+00
1.000000000000000000e+00
1.000000000000000000e+00
1.000000000000000000e+00
9.973813108027879126e-01
9.352926323533509168e-01
1.000000000000000000e+00
1.000000000000000000e+00
1.000000000000000000e+00
9.829527084502428513e-01
1.000000000000000000e+00
9.436256521071052505e-01
1.000000000000000000e+00
1.000000000000000000e+00
1.000000000000000000e+00
9.306410022205097166e-01
1.000000000000000000e+00
1.423318509016804967e+01
5.070901235175728772e-02
2.600000000000000089e-01
2.082801610231399536e-01
4.868804603580642043e-01
4.894925174262049761e-01
4.604841442167031951e-01
1.000000000000000000e+00
1.000000000000000000e+00
1.000000000000000000e+00
9.429971520518242167e-01
1.000000000000000000e+00
1.000000000000000000e+00
1.000000000000000000e+00
9.468037361301858690e-01
9.945361180963928627e-01
9.798468478708680651e-01
1.000000000000000000e+00
9.846328667779502553e-01
9.940350604970411563e-01
9.482620998565902681e-01
1.000000000000000000e+00
1.000000000000000000e+00
9.652481942081839739e-01
1.000000000000000000e+00
1.000000000000000000e+00
9.838491900416345137e-01
1.000000000000000000e+00
1.420728284547185893e+01
3.330705877581552343e-02
2.600000000000000089e-01
1.559949517250061035e-01
5.008749637716188863e-01
4.102810980316927703e-01
4.823731112345732153e-01
9.899136181072611951e-01
1.000000000000000000e+00
1.000000000000000000e+00
9.365351129729776458e-01
1.000000000000000000e+00
1.000000000000000000e+00
1.000000000000000000e+00
9.376021117403300353e-01
1.000000000000000000e+00
9.347571790099503675e-01
1.000000000000000000e+00
9.438027127458086252e-01
1.000000000000000000e+00
1.000000000000000000e+00
1.000000000000000000e+00
1.000000000000000000e+00
1.000000000000000000e+00
9.328285651013390467e-01
9.886140724644322253e-01
1.000000000000000000e+00
1.000000000000000000e+00
1.417284904818495050e+01
1.188547496068137477e-02
2.600000000000000089e-01
1.829337477684020996e-01
4.812164672575314772e-01
4.516580261467152413e-01
5.701493568780262589e-01
9.927257597496061958e-01
1.000000000000000000e+00
1.000000000000000000e+00
9.921146386176209475e-01
9.564438298770362445e-01
1.000000000000000000e+00
9.922801908738783094e-01
9.723657313925151424e-01
9.503633557114253838e-01
9.647926536805311315e-01
9.457382712506382516e-01
9.397270930278678325e-01
1.000000000000000000e+00
1.000000000000000000e+00
1.000000000000000000e+00
9.324872649305256944e-01
9.876460423077063622e-01
9.436080445998424882e-01
1.000000000000000000e+00
9.671572349133430446e-01
9.858903103865077622e-01
1.414709150153070816e+01
-6.127197162619779647e-03
2.600000000000000089e-01
1.746178865432739258e-01
5.036492906831478988e-01
5.063507663759851951e-01
4.967603754603177046e-01
1.000000000000000000e+00
1.000000000000000000e+00
9.612678119248608821e-01
1.000000000000000000e+00
9.499982179918894376e-01
9.743635188123436208e-01
1.000000000000000000e+00
1.000000000000000000e+00
1.000000000000000000e+00
9.320197833581703728e-01
1.000000000000000000e+00
9.705045316269941269e-01
9.902667872754475908e-01
9.382992023072687093e-01
9.978113336893132956e-01
9.391867463285807904e-01
9.367629865281326129e-01
1.000000000000000000e+00
9.787810839481749792e-01
1.000000000000000000e+00
1.000000000000000000e+00
1.411246477939905297e+01
-3.263874372256392320e-02
2.600000000000000089e-01
2.150263637304306030e-01
5.364756122429282792e-01
4.727870727539809637e-01
1.000000000000000000e+00
1.000000000000000000e+00
1.000000000000000000e+00
9.563559497663992603e-01
9.692523340655803121e-01
1.000000000000000000e+00
9.818345534946349984e-01
1.000000000000000000e+00
9.848398849965204205e-01
1.000000000000000000e+00
9.515772424842807720e-01
1.000000000000000000e+00
1.000000000000000000e+00
9.750226882183488097e-01
1.000000000000000000e+00
9.372374139142881644e-01
1.000000000000000000e+00
1.000000000000000000e+00
9.499908706519279988e-01
9.960027493742140692e-01
1.000000000000000000e+00
1.000000000000000000e+00
1.408642396342861502e+01
-4.720588634581890375e-02
2.600000000000000089e-01
1.385299712419509888e-01
4.616841476934454569e-01
5.157848405050750040e-01
1.000000000000000000e+00
1.000000000000000000e+00
1.000000000000000000e+00
9.905155348641559998e-01
1.000000000000000000e+00
9.463053199029040075e-01
1.000000000000000000e+00
1.000000000000000000e+00
1.000000000000000000e+00
9.692693853500815582e-01
1.000000000000000000e+00
9.303099675762203091e-01
9.716477477170618604e-01
9.378948603499911441e-01
9.893501809511360268e-01
1.000000000000000000e+00
1.000000000000000000e+00
9.922220360982495491e-01
9.399851674511287003e-01
9.317453079350396239e-01
9.900943128589659858e-01
1.000000000000000000e+00
1.406137232662072734e+01
-5.867638893183269033e-02
2.600000000000000089e-01
2.167500406503677368e-01
4.802669528968668833e-01
5.117422047389007522e-01
1.000000000000000000e+00
9.547437669601851473e-01
9.435125367982167832e-01
9.780512155266726237e-01
9.894069701871073264e-01
9.457177669486149796e-01
1.000000000000000000e+00
1.000000000000000000e+00
1.000000000000000000e+00
9.637048077194431128e-01
1.000000000000000000e+00
9.869323606211831690e-01
1.000000000000000000e+00
9.358967193929912387e-01
1.000000000000000000e+00
1.000000000000000000e+00
1.000000000000000000e+00
1.000000000000000000e+00
9.626300475054233585e-01
1.000000000000000000e+00
9.635069812331300554e-01
1.000000000000000000e+00
1.402742971430877361e+01
-9.202188718255177591e-02
2.600000000000000089e-01
2.552827596664428711e-01
4.151331154222736020e-01
9.980751071845100908e-01
1.000000000000000000e+00
9.495311721353193457e-01
1.000000000000000000e+00
1.000000000000000000e+00
9.581698732952560471e-01
9.747665550386558353e-01
1.000000000000000000e+00
1.000000000000000000e+00
9.900435531315651128e-01
1.000000000000000000e+00
1.000000000000000000e+00
9.917885846792572346e-01
1.000000000000000000e+00
1.000000000000000000e+00
9.742232875724392560e-01
9.799573903588888468e-01
9.950789414138608846e-01
1.000000000000000000e+00
9.626519866871453557e-01
1.000000000000000000e+00
9.499917968094789833e-01
9.710290644994724607e-01
1.400171614071637372e+01
-1.115620125648573158e-01
2.600000000000000089e-01
1.607168316841125488e-01
5.234583271404067428e-01
9.373253086013162427e-01
9.641764433697140868e-01
1.000000000000000000e+00
9.610003262284482206e-01
1.000000000000000000e+00
9.448564877356746550e-01
1.000000000000000000e+00
1.000000000000000000e+00
9.291827457036598847e-01
1.000000000000000000e+00
1.000000000000000000e+00
9.755706909338328625e-01
9.844376846459359509e-01
9.616939796102073057e-01
9.799241509102563086e-01
9.608043582724558052e-01
1.000000000000000000e+00
1.000000000000000000e+00
9.518620328194211666e-01
1.000000000000000000e+00
9.830497780082207981e-01
9.937118573395167243e-01
9.905824297695404734e-01
1.397584278959304704e+01
-1.100394264563187008e-01
2.600000000000000089e-01
-2.468379288911819458e-01
5.100519956218485529e-01
9.393387130708397148e-01
1.000000000000000000e+00
9.315135742378047867e-01
9.650960121316273232e-01
9.544881108683742621e-01
1.000000000000000000e+00
9.417578711168040906e-01
1.000000000000000000e+00
9.892843674679632215e-01
1.000000000000000000e+00
9.579417249089193787e-01
1.000000000000000000e+00
9.868687774348885444e-01
9.606605547378762600e-01
9.366409845827872171e-01
9.443503093636318457e-01
9.603817793663995683e-01
9.632715858432421285e-01
1.000000000000000000e+00
9.712620286090347665e-01
1.000000000000000000e+00
1.000000000000000000e+00
1.000000000000000000e+00
1.394961991584565908e+01
-8.763559565395739881e-02
2.600000000000000089e-01
-1.092575117945671082e-01
4.406261335782898358e-01
1.000000000000000000e+00
1.000000000000000000e+00
1.000000000000000000e+00
9.888598569270955485e-01
1.000000000000000000e+00
1.000000000000000000e+00
9.897789133787886495e-01
9.289431278952179349e-01
9.468121254000584353e-01
1.000000000000000000e+00
1.000000000000000000e+00
9.451455629758107602e-01
1.000000000000000000e+00
1.000000000000000000e+00
9.658212753938467676e-01
1.000000000000000000e+00
1.000000000000000000e+00
9.719758217801469646e-01
9.937986233558977478e-01
9.379905512920954092e-01
9.512011590152631424e-01
9.524775868173404048e-01
1.000000000000000000e+00
1.391499912427088148e+01
-7.519212523035445628e-02
2.600000000000000089e-01
-8.278624713420867920e-02
5.319079902714461960e-01
9.570141093124455711e-01
9.908693999773149352e-01
9.818314639763715546e-01
9.869811289165079105e-01
9.777900989509716867e-01
1.000000000000000000e+00
1.000000000000000000e+00
1.000000000000000000e+00
1.000000000000000000e+00
1.000000000000000000e+00
9.949302873165167815e-01
9.670669520869894509e-01
9.397681582797499100e-01
9.599008712844082636e-01
1.000000000000000000e+00
9.729545425838438399e-01
9.578953918388081190e-01
9.795454216823984428e-01
1.000000000000000000e+00
1.000000000000000000e+00
9.921839248834238845e-01
9.605546169027449066e-01
1.000000000000000000e+00
1.388907339808431551e+01
-7.104867459320152179e-02
2.600000000000000089e-01
-4.036083351820707321e-03
4.586178336735557970e-01
9.694926880351104614e-01
9.513116149134092092e-01
9.660081121872572396e-01
1.000000000000000000e+00
1.000000000000000000e+00
1.000000000000000000e+00
1.000000000000000000e+00
1.000000000000000000e+00
1.000000000000000000e+00
1.000000000000000000e+00
9.889243007753977244e-01
9.836501911551451816e-01
9.413816758454037759e-01
1.000000000000000000e+00
1.000000000000000000e+00
1.000000000000000000e+00
9.340932068197828064e-01
9.716724649858363705e-01
9.427452594008137732e-01
1.000000000000000000e+00
1.000000000000000000e+00
1.000000000000000000e+00
9.700112633484024860e-01
1.385434948745411710e+01
-6.531455415809706011e-02
2.600000000000000089e-01
-7.254013419151306152e-02
4.757813441231890095e-01
9.910078331545209007e-01
1.000000000000000000e+00
1.000000000000000000e+00
9.912954988378548382e-01
1.000000000000000000e+00
9.413638910299956253e-01
9.954691426141899502e-01
1.000000000000000000e+00
9.543972676879477479e-01
9.338458275017910148e-01
9.862680075194052431e-01
1.000000000000000000e+00
9.803402367594701294e-01
9.883136437105072281e-01
9.508886742148682236e-01
1.000000000000000000e+00
1.000000000000000000e+00
9.415548313280511783e-01
9.495277953260455872e-01
1.000000000000000000e+00
9.788118891832026103e-01
9.319614752698349713e-01
1.000000000000000000e+00
1.382845274172131234e+01
-6.344136145904410995e-02
2.600000000000000089e-01
3.980564419180154800e-03
4.748006130218114795e-01
1.000000000000000000e+00
1.000000000000000000e+00
1.000000000000000000e+00
1.000000000000000000e+00
9.323208308477211048e-01
9.507285250290806733e-01
1.000000000000000000e+00
9.605352515235716648e-01
9.384733936124922682e-01
9.517837836031489696e-01
1.000000000000000000e+00
1.000000000000000000e+00
1.000000000000000000e+00
1.000000000000000000e+00
1.000000000000000000e+00
1.000000000000000000e+00
9.832057074123812246e-01
1.000000000000000000e+00
1.000000000000000000e+00
9.416985810668342394e-01
9.692392073332032343e-01
1.000000000000000000e+00
9.493268106462607880e-01
1.379395325322146348e+01
-6.865269997669543045e-02
2.600000000000000089e-01
6.724172085523605347e-02
5.009673756289202418e-01
9.800419734368605029e-01
9.831878649917423774e-01
1.000000000000000000e+00
9.629673370287470391e-01
1.000000000000000000e+00
1.000000000000000000e+00
9.439718039834907870e-01
9.625482092145322133e-01
9.794675478563412696e-01
1.000000000000000000e+00
1.000000000000000000e+00
1.000000000000000000e+00
9.523723330367050988e-01
1.000000000000000000e+00
9.623929857968068768e-01
9.359831001934340033e-01
1.000000000000000000e+00
1.000000000000000000e+00
1.000000000000000000e+00
9.645353838080362729e-01
9.354424542274984988e-01
1.000000000000000000e+00
9.521982599260196967e-01
1.376818531796065948e+01
-7.732201558579188116e-02
2.600000000000000089e-01
1.167264133691787720e-01
6.300599674684619345e-01
9.573856483967170261e-01
1.000000000000000000e+00
9.374310554185016908e-01
1.000000000000000000e+00
1.000000000000000000e+00
9.868319766626992839e-01
9.382860427542369930e-01
1.000000000000000000e+00
9.421267552891711139e-01
1.000000000000000000e+00
1.000000000000000000e+00
1.000000000000000000e+00
1.000000000000000000e+00
1.000000000000000000e+00
1.000000000000000000e+00
1.000000000000000000e+00
1.000000000000000000e+00
1.000000000000000000e+00
1.000000000000000000e+00
1.000000000000000000e+00
1.000000000000000000e+00
9.605848423662666224e-01
9.792734401034461911e-01
1.374260828148103997e+01
-8.532717834872549645e-02
2.600000000000000089e-01
-1.388113051652908325e-01
5.974946871519194458e-01
9.301894677599090722e-01
9.730544636805876779e-01
9.842382475378844697e-01
1.000000000000000000e+00
1.000000000000000000e+00
9.629192132666808401e-01
9.872372842384586900e-01
9.434415900926450549e-01
1.000000000000000000e+00
9.636521934953986568e-01
9.595745430774115237e-01
1.000000000000000000e+00
9.761326171031734500e-01
9.767518195478520626e-01
9.813430371294501464e-01
1.000000000000000000e+00
9.703878225073514496e-01
1.000000000000000000e+00
1.000000000000000000e+00
9.527066394257165394e-01
9.647154672565799727e-01
9.472792936383110929e-01
1.000000000000000000e+00
1.370857076103706795e+01
-7.571686332376836859e-02
2.600000000000000089e-01
-5.870679765939712524e-02
1.000000000000000000e+00
1.000000000000000000e+00
9.696253038603691587e-01
1.000000000000000000e+00
9.800492897954733440e-01
1.000000000000000000e+00
1.000000000000000000e+00
9.289012363045088261e-01
9.603991750746087019e-01
9.733093455939690886e-01
1.000000000000000000e+00
1.000000000000000000e+00
9.547966957085600725e-01
1.000000000000000000e+00
9.905003021484891645e-01
1.000000000000000000e+00
9.509752044897512580e-01
9.482291658012798052e-01
1.000000000000000000e+00
1.000000000000000000e+00
1.000000000000000000e+00
9.633866323706923307e-01
9.457734938750691489e-01
9.810874657893570161e-01
1.367379259648498113e+01
-6.986843184274116325e-02
2.600000000000000089e-01
-3.603929281234741211e-02
1.000000000000000000e+00
1.000000000000000000e+00
1.000000000000000000e+00
1.000000000000000000e+00
1.000000000000000000e+00
1.000000000000000000e+00
9.712314241522886915e-01
1.000000000000000000e+00
1.000000000000000000e+00
1.000000000000000000e+00
1.000000000000000000e+00
9.811826056412772390e-01
9.597719607389934016e-01
1.000000000000000000e+00
9.777073272109705337e-01
1.000000000000000000e+00
9.793390087919998654e-01
9.601132470319031498e-01
9.385381403501729114e-01
1.000000000000000000e+00
9.609480735694331255e-01
1.000000000000000000e+00
1.000000000000000000e+00
1.000000000000000000e+00
1.364780700994030838e+01
-5.952044858617178136e-02
2.600000000000000089e-01
-1.378624737262725830e-01
1.000000000000000000e+00
1.000000000000000000e+00
1.000000000000000000e+00
1.000000000000000000e+00
9.857977594736146987e-01
9.463480018335692634e-01
1.000000000000000000e+00
1.000000000000000000e+00
9.312630861027729745e-01
9.593680360646216210e-01
1.000000000000000000e+00
9.967388462363990786e-01
1.000000000000000000e+00
9.939262242926787394e-01
1.000000000000000000e+00
9.689962710125605838e-01
9.318156587697570270e-01
1.000000000000000000e+00
9.455278475808472916e-01
9.291549915133971993e-01
9.810454017627872059e-01
9.389115236993489377e-01
9.320007194366058956e-01
9.663142780506170926e-01
1.362183167574237608e+01
-4.846514184199079978e-02
2.600000000000000089e-01
-1.048618257045745850e-01
1.000000000000000000e+00
9.929841849818652477e-01
9.942562953929388048e-01
1.000000000000000000e+00
1.000000000000000000e+00
1.000000000000000000e+00
1.000000000000000000e+00
9.460640370638255803e-01
9.756319506057643531e-01
9.548526053852517403e-01
9.946428082391334247e-01
9.385046272484122154e-01
1.000000000000000000e+00
9.674757773782254322e-01
9.473491810526726287e-01
9.476417424042143933e-01
9.971838125921397289e-01
9.862368284665924412e-01
1.000000000000000000e+00
9.600341680788009313e-01
9.843866463825653446e-01
9.694788626368932016e-01
9.809214558039258680e-01
9.692524182254087517e-01
1.359577451184861552e+01
-4.063921403871439963e-02
2.600000000000000089e-01
-7.244026660919189453e-02
9.533301147493306038e-01
1.000000000000000000e+00
9.587333025277020582e-01
1.000000000000000000e+00
9.309006156265421383e-01
9.938884970625567750e-01
9.824440839726057417e-01
9.454410550847587302e-01
1.000000000000000000e+00
9.361399275397632724e-01
9.740568443779505925e-01
1.000000000000000000e+00
9.545049401178103965e-01
9.829460662217420763e-01
1.000000000000000000e+00
1.000000000000000000e+00
1.000000000000000000e+00
9.332133989836001176e-01
1.000000000000000000e+00
9.794965004917546292e-01
9.486819695475762204e-01
1.000000000000000000e+00
1.000000000000000000e+00
9.692179821861189870e-01
1.356109107155580418e+01
-2.979795264880857886e-02
2.600000000000000089e-01
-8.519224822521209717e-02
1.000000000000000000e+00
9.357288147791903432e-01
1.000000000000000000e+00
1.000000000000000000e+00
1.000000000000000000e+00
9.713476409524416377e-01
9.759937155578907175e-01
1.000000000000000000e+00
1.000000000000000000e+00
9.338427236439061918e-01
9.949827478029762418e-01
1.000000000000000000e+00
9.747017750772642986e-01
9.588484944182843472e-01
9.737791603980631150e-01
9.610427634434837163e-01
9.285858543286084066e-01
1.000000000000000000e+00
9.353512586260589456e-01
9.807364851880638890e-01
1.000000000000000000e+00
1.000000000000000000e+00
9.393876208163866037e-01
1.000000000000000000e+00
1.353508834620465784e+01
-2.492491524178674922e-02
2.600000000000000089e-01
-1.880412921309471130e-02
9.880554285639664425e-01
9.915358562605566251e-01
1.000000000000000000e+00
1.000000000000000000e+00
1.000000000000000000e+00
1.000000000000000000e+00
1.000000000000000000e+00
9.728640770615974986e-01
1.000000000000000000e+00
1.000000000000000000e+00
9.788226615390626106e-01
9.674733985163387340e-01
9.591655048680296503e-01
9.433819920148150961e-01
1.000000000000000000e+00
1.000000000000000000e+00
1.000000000000000000e+00
1.000000000000000000e+00
9.663043095670806881e-01
1.000000000000000000e+00
1.000000000000000000e+00
9.330292130810408091e-01
9.384770477913706443e-01
9.945728129649572535e-01
1.350053052698552136e+01
-2.117723647351343885e-02
2.600000000000000089e-01
-4.548779129981994629e-02
9.915906773126409446e-01
1.000000000000000000e+00
1.000000000000000000e+00
9.946344568134788400e-01
1.000000000000000000e+00
9.299806902341496428e-01
1.000000000000000000e+00
9.803532318333727513e-01
9.572029383118189072e-01
1.000000000000000000e+00
1.000000000000000000e+00
9.675284287337321265e-01
1.000000000000000000e+00
9.846976274556540343e-01
9.798140322788521095e-01
1.000000000000000000e+00
1.000000000000000000e+00
1.000000000000000000e+00
9.731365865870253984e-01
9.462213687449747557e-01
9.389879167211486743e-01
1.000000000000000000e+00
9.968043547744287469e-01
1.000000000000000000e+00
1.347442362940350868e+01
-1.541984779034955011e-02
2.600000000000000089e-01
-6.568969786167144775e-02
9.542227616473558660e-01
9.455161419278143020e-01
1.000000000000000000e+00
9.827795247664921074e-01
1.000000000000000000e+00
9.884179955281375829e-01
1.000000000000000000e+00
1.000000000000000000e+00
9.718101803233153424e-01
9.863017748657828543e-01
9.375445016345669291e-01
9.713674409082467820e-01
1.000000000000000000e+00
9.595089949532582541e-01
1.000000000000000000e+00
9.622267457233544263e-01
9.309624497402528842e-01
9.292063595239470342e-01
1.000000000000000000e+00
1.000000000000000000e+00
9.744187732886514519e-01
1.000000000000000000e+00
1.000000000000000000e+00
1.000000000000000000e+00
1.343949644961545431e+01
-8.477805863511544970e-03
2.600000000000000089e-01
3.098571114242076874e-02
9.286271564519179567e-01
1.000000000000000000e+00
9.777608568519889909e-01
9.399578460931816704e-01
9.845665726208927548e-01
9.958789304678609122e-01
9.447716908176954087e-01
1.000000000000000000e+00
1.000000000000000000e+00
9.704894806888526571e-01
1.000000000000000000e+00
9.558994034583899735e-01
1.000000000000000000e+00
9.713801831762580719e-01
9.863782867189583303e-01
9.696217289047872612e-01
1.000000000000000000e+00
9.399452505625219834e-01
1.000000000000000000e+00
1.000000000000000000e+00
9.687509705973381680e-01
9.320695925107952418e-01
1.000000000000000000e+00
9.313849716022326586e-01
1.341362972816711974e+01
-1.580380798107805518e-02
2.600000000000000089e-01
9.193853288888931274e-02
1.000000000000000000e+00
1.000000000000000000e+00
1.000000000000000000e+00
1.000000000000000000e+00
1.000000000000000000e+00
1.000000000000000000e+00
9.488497698494279264e-01
1.000000000000000000e+00
9.961328136192495464e-01
1.000000000000000000e+00
1.000000000000000000e+00
1.000000000000000000e+00
1.000000000000000000e+00
9.596035049308410114e-01
1.000000000000000000e+00
1.000000000000000000e+00
1.000000000000000000e+00
9.696988018849245217e-01
1.000000000000000000e+00
1.000000000000000000e+00
1.000000000000000000e+00
9.833837791027030262e-01
1.000000000000000000e+00
9.697438563027198644e-01
1.337901256436091479e+01
-1.848806853432005681e-02
2.600000000000000089e-01
-5.638647079467773438e-02
1.000000000000000000e+00
1.000000000000000000e+00
9.496717430584894482e-01
9.952639834495242699e-01
1.000000000000000000e+00
1.000000000000000000e+00
1.000000000000000000e+00
1.000000000000000000e+00
9.485363034667947391e-01
1.000000000000000000e+00
9.905682959532011722e-01
9.689229989366738849e-01
1.000000000000000000e+00
1.000000000000000000e+00
1.000000000000000000e+00
9.772656929458830577e-01
1.000000000000000000e+00
9.734868358877994954e-01
1.000000000000000000e+00
1.000000000000000000e+00
1.000000000000000000e+00
9.407206631827527143e-01
1.000000000000000000e+00
1.000000000000000000e+00
1.335305570367247263e+01
-1.462915361814021153e-02
2.600000000000000089e-01
-1.140401046723127365e-02
9.422245857114918133e-01
1.000000000000000000e+00
1.000000000000000000e+00
1.000000000000000000e+00
9.684267202597336421e-01
9.377039601660391854e-01
9.976956082166987816e-01
9.808191495885690836e-01
1.000000000000000000e+00
9.521516703697197048e-01
9.680326151327075523e-01
1.000000000000000000e+00
1.000000000000000000e+00
1.000000000000000000e+00
9.843116101173199350e-01
1.000000000000000000e+00
9.603743129578786730e-01
9.518821159163083356e-01
1.000000000000000000e+00
1.000000000000000000e+00
9.679562527427493235e-01
1.000000000000000000e+00
1.000000000000000000e+00
1.000000000000000000e+00
1.332712620666486814e+01
-1.697760784660218292e-02
2.600000000000000089e-01
4.742334410548210144e-02
1.000000000000000000e+00
9.884520746336411534e-01
1.000000000000000000e+00
9.952966643568087468e-01
9.896020167262934430e-01
9.988250236603278820e-01
1.000000000000000000e+00
1.000000000000000000e+00
9.819335353792926213e-01
9.412095393212742689e-01
1.000000000000000000e+00
9.365194202669895329e-01
1.000000000000000000e+00
1.000000000000000000e+00
1.000000000000000000e+00
1.000000000000000000e+00
9.297686869464537596e-01
9.804824364157561645e-01
1.000000000000000000e+00
9.860317266467337749e-01
9.552707259959436481e-01
9.378245815950796427e-01
1.000000000000000000e+00
1.000000000000000000e+00
1.329266852389584663e+01
-2.791482994103278159e-02
2.600000000000000089e-01
1.135244667530059814e-01
1.000000000000000000e+00
9.754690251859499117e-01
1.000000000000000000e+00
1.000000000000000000e+00
1.000000000000000000e+00
9.900270523107500553e-01
1.000000000000000000e+00
9.332545433492872577e-01
9.720092103526641880e-01
9.373039204042511452e-01
1.000000000000000000e+00
1.000000000000000000e+00
1.000000000000000000e+00
9.812250743624985061e-01
9.618077294759591611e-01
9.305353583696028830e-01
9.287259638563849506e-01
1.000000000000000000e+00
1.000000000000000000e+00
1.000000000000000000e+00
1.000000000000000000e+00
9.714867240354012612e-01
1.000000000000000000e+00
9.714649172003022581e-01
1.326646609942136479e+01
-3.002201557091499495e-02
2.600000000000000089e-01
-1.844939403235912323e-02
1.000000000000000000e+00
9.678949212315896000e-01
9.836551943702666057e-01
9.887193722348277536e-01
9.512446820894926436e-01
9.841859050288933597e-01
9.573835549167599712e-01
9.854495503608681206e-01
1.000000000000000000e+00
9.891404997883153083e-01
1.000000000000000000e+00
1.000000000000000000e+00
1.000000000000000000e+00
9.500695548258223377e-01
9.808362744243421805e-01
9.534713344704709437e-01
1.000000000000000000e+00
1.000000000000000000e+00
9.581794431136352319e-01
9.681071327382471114e-01
1.000000000000000000e+00
9.443990741995600402e-01
9.426142330282233361e-01
1.000000000000000000e+00
1.323167739116241215e+01
-2.742042714809267423e-02
2.600000000000000089e-01
-1.500657945871353149e-02
9.471746246770766930e-01
1.000000000000000000e+00
1.000000000000000000e+00
9.570174065200520719e-01
9.787350447009285359e-01
1.000000000000000000e+00
9.856194960636249780e-01
9.691027089736147238e-01
9.794232213229718820e-01
1.000000000000000000e+00
9.797927654020707200e-01
9.506944741044278668e-01
1.000000000000000000e+00
9.866623512435042098e-01
1.000000000000000000e+00
1.000000000000000000e+00
9.642265375726386534e-01
1.000000000000000000e+00
9.582996736817627204e-01
9.290134923034164549e-01
9.668484302908026962e-01
1.000000000000000000e+00
1.000000000000000000e+00
1.000000000000000000e+00
1.320573126263191632e+01
-2.342024970948219931e-02
2.600000000000000089e-01
-5.908058583736419678e-02
9.651014025036479538e-01
1.000000000000000000e+00
1.000000000000000000e+00
9.326592228906884774e-01
1.000000000000000000e+00
1.000000000000000000e+00
1.000000000000000000e+00
1.000000000000000000e+00
9.357662436501537062e-01
1.000000000000000000e+00
9.627780125402340961e-01
9.852717513528109761e-01
1.000000000000000000e+00
1.000000000000000000e+00
9.876331664752581174e-01
9.733454913190122681e-01
1.000000000000000000e+00
1.000000000000000000e+00
1.000000000000000000e+00
1.000000000000000000e+00
1.000000000000000000e+00
9.445423094846348011e-01
9.424648189335032011e-01
1.000000000000000000e+00
1.317973566758658244e+01
-2.628637521732990479e-02
2.600000000000000089e-01
6.571959704160690308e-02
1.000000000000000000e+00
1.000000000000000000e+00
1.000000000000000000e+00
1.000000000000000000e+00
9.764868593684881137e-01
1.000000000000000000e+00
9.448621074033296541e-01
1.000000000000000000e+00
9.066069344966081189e-01
9.337212605742973848e-01
9.557383189007280233e-01
1.000000000000000000e+00
9.392347860798627712e-01
9.298688618670750694e-01
9.643647908220901455e-01
9.813246264137530650e-01
9.349832346802399163e-01
1.000000000000000000e+00
9.587244146167602787e-01
1.000000000000000000e+00
9.471059383674369503e-01
1.000000000000000000e+00
1.000000000000000000e+00
1.000000000000000000e+00
1.314512564286560092e+01
-3.276922455973618753e-02
2.600000000000000089e-01
3.467534482479095459e-02
9.636760931023341525e-01
9.513620944155662951e-01
1.000000000000000000e+00
1.000000000000000000e+00
9.960666953523075184e-01
9.981183509285443956e-01
1.000000000000000000e+00
9.932715575303359135e-01
8.970273907277350744e-01
1.000000000000000000e+00
1.000000000000000000e+00
9.731226341465940566e-01
1.000000000000000000e+00
9.437196256359267066e-01
9.641703626108074632e-01
1.000000000000000000e+00
1.000000000000000000e+00
9.954572311883845837e-01
1.000000000000000000e+00
1.000000000000000000e+00
9.801239566172964546e-01
1.000000000000000000e+00
1.000000000000000000e+00
1.000000000000000000e+00
1.311937025736580154e+01
-3.286234363189688423e-02
2.600000000000000089e-01
-3.672784939408302307e-02
1.000000000000000000e+00
1.000000000000000000e+00
1.000000000000000000e+00
1.000000000000000000e+00
1.000000000000000000e+00
1.000000000000000000e+00
9.942338861175937792e-01
9.670315858201690151e-01
9.863343155723921507e-01
9.863243282585634208e-01
1.000000000000000000e+00
9.873518845005363476e-01
1.000000000000000000e+00
9.747811251090815476e-01
9.787566366742849189e-01
9.522246661592779216e-01
1.000000000000000000e+00
1.000000000000000000e+00
9.323868990119302813e-01
9.381327522210832770e-01
1.000000000000000000e+00
9.844380515701526280e-01
9.489308860728523642e-01
9.658037693083401098e-01
1.308487970068064499e+01
-3.977519668887374849e-02
2.600000000000000089e-01
4.364293441176414490e-02
1.000000000000000000e+00
1.000000000000000000e+00
1.000000000000000000e+00
1.000000000000000000e+00
9.963393861385984041e-01
9.480260694135322908e-01
1.000000000000000000e+00
1.000000000000000000e+00
9.000251820064489872e-01
9.889655042630304260e-01
9.289151342399752931e-01
9.910254709888491886e-01
1.000000000000000000e+00
9.833012012546067382e-01
9.470940227410276080e-01
1.000000000000000000e+00
9.795749847784778197e-01
9.669708058482396895e-01
9.973227284856642783e-01
1.000000000000000000e+00
9.369421885126156813e-01
9.364540735685474848e-01
9.539342706178727260e-01
1.000000000000000000e+00
1.305860292504734588e+01
-3.297306724681803303e-02
2.600000000000000089e-01
-1.925180852413177490e-01
1.000000000000000000e+00
1.000000000000000000e+00
9.361978360133276222e-01
9.822054560555339986e-01
9.845669552297916516e-01
9.594942534273872559e-01
1.000000000000000000e+00
9.546382713330233694e-01
8.985886544713125312e-01
9.712453955264335193e-01
9.646153329106003094e-01
9.891313732861101160e-01
1.000000000000000000e+00
9.735305149201034514e-01
9.725608986427773939e-01
1.000000000000000000e+00
9.721352951454499403e-01
9.317125044141324475e-01
9.800832239922198097e-01
9.727635442415507594e-01
9.704040047051100126e-01
1.000000000000000000e+00
1.000000000000000000e+00
9.975466230744104434e-01
1.303253656606052679e+01
-1.939123562539091239e-02
2.600000000000000089e-01
-1.574563980102539062e-02
9.348152667319997722e-01
9.549187722164579339e-01
1.000000000000000000e+00
9.681177025124941826e-01
9.841865999129206788e-01
1.000000000000000000e+00
9.772474250430960296e-01
9.328850918586928387e-01
9.604729169218539919e-01
9.906838727489420959e-01
1.000000000000000000e+00
9.410518280657458323e-01
9.714750613202334240e-01
9.533092157826998925e-01
1.000000000000000000e+00
1.000000000000000000e+00
9.486200086559736233e-01
1.000000000000000000e+00
1.000000000000000000e+00
1.000000000000000000e+00
9.435900800451825221e-01
1.000000000000000000e+00
1.000000000000000000e+00
1.000000000000000000e+00
1.300662609279209292e+01
-2.489434952030844528e-02
2.600000000000000089e-01
1.053389012813568115e-01
1.000000000000000000e+00
1.000000000000000000e+00
1.000000000000000000e+00
9.712384085542444812e-01
1.000000000000000000e+00
9.657194189967321929e-01
1.000000000000000000e+00
9.614669138793343617e-01
8.722949594362991999e-01
9.476507983330797469e-01
1.000000000000000000e+00
1.000000000000000000e+00
9.569745565573428703e-01
1.000000000000000000e+00
1.000000000000000000e+00
1.000000000000000000e+00
9.730984071893062914e-01
1.000000000000000000e+00
1.000000000000000000e+00
9.599955900089105487e-01
9.728824364935898528e-01
9.479675316994821133e-01
9.761270357768870864e-01
9.829041776357271276e-01
1.298073639413213698e+01
-3.696434855726371538e-02
2.600000000000000089e-01
1.439709812402725220e-01
1.000000000000000000e+00
9.908794585675371192e-01
1.000000000000000000e+00
1.000000000000000000e+00
9.753460704930424496e-01
9.911801827602577664e-01
1.000000000000000000e+00
1.000000000000000000e+00
9.938282123944528479e-01
1.000000000000000000e+00
9.388264860348641827e-01
9.582917405119237841e-01
9.868403470825967139e-01
1.000000000000000000e+00
9.863901366106082591e-01
9.441083898331621427e-01
9.588288986556882110e-01
9.764528732080338669e-01
1.000000000000000000e+00
1.000000000000000000e+00
9.343329088600359489e-01
1.000000000000000000e+00
9.958665332731860831e-01
1.000000000000000000e+00
1.294569919965475080e+01
-4.929074693418211695e-02
2.600000000000000089e-01
5.151666700839996338e-03
1.000000000000000000e+00
9.828647107302623809e-01
9.411457758405126217e-01
9.765564353860406444e-01
1.000000000000000000e+00
9.296873907880973675e-01
1.000000000000000000e+00
9.166507518216064909e-01
8.739158249772712717e-01
9.630425223836819315e-01
1.000000000000000000e+00
9.904803432910985750e-01
9.718674019709682144e-01
9.918102358002426344e-01
9.748273288517452784e-01
9.370859849179565826e-01
9.803102655848761060e-01
9.626174068861612643e-01
9.852638217391100905e-01
1.000000000000000000e+00
1.000000000000000000e+00
1.000000000000000000e+00
9.482799710403401194e-01
1.000000000000000000e+00
1.292000092705213810e+01
-4.674561123374232352e-02
2.600000000000000089e-01
-1.926691085100173950e-01
1.000000000000000000e+00
9.892355111262843836e-01
1.000000000000000000e+00
9.495292205307074296e-01
1.000000000000000000e+00
9.562406660839233297e-01
1.000000000000000000e+00
8.762761210204591533e-01
8.744528818266409376e-01
1.000000000000000000e+00
1.000000000000000000e+00
9.519275591985296714e-01
9.452936436628494032e-01
1.000000000000000000e+00
9.611118552189622521e-01
1.000000000000000000e+00
9.311794421242171049e-01
9.653471289368862340e-01
1.000000000000000000e+00
1.000000000000000000e+00
1.000000000000000000e+00
9.328714863070715069e-01
9.959962476476409421e-01
1.000000000000000000e+00
1.288563236760787056e+01
-3.348985469104404089e-02
2.600000000000000089e-01
-3.653827589005231857e-03
9.385538920610212443e-01
1.000000000000000000e+00
1.000000000000000000e+00
9.541751474458433080e-01
9.884976856421087144e-01
9.831788488572951179e-01
9.426499049616896553e-01
9.689019689645272937e-01
8.536420637322977845e-01
1.000000000000000000e+00
1.000000000000000000e+00
9.518591314920750168e-01
1.000000000000000000e+00
1.000000000000000000e+00
9.625839638144487731e-01
1.000000000000000000e+00
9.933554925139019831e-01
9.817055957063214322e-01
9.844337740587457697e-01
9.314560079055269615e-01
1.000000000000000000e+00
1.000000000000000000e+00
9.729959587729757331e-01
9.509452115688438179e-01
1.285961504160135327e+01
-3.751241954098283315e-02
2.600000000000000089e-01
6.129356101155281067e-02
1.000000000000000000e+00
1.000000000000000000e+00
9.484949212557085563e-01
1.000000000000000000e+00
1.000000000000000000e+00
1.000000000000000000e+00
9.745699059434750344e-01
9.096133223822100433e-01
9.426990670562699348e-01
1.000000000000000000e+00
1.000000000000000000e+00
1.000000000000000000e+00
9.454000338462131836e-01
1.000000000000000000e+00
1.000000000000000000e+00
9.618994862550864777e-01
1.000000000000000000e+00
9.310009049118374014e-01
9.334146607600432022e-01
1.000000000000000000e+00
9.603889947951967931e-01
1.000000000000000000e+00
9.621663633512708147e-01
1.000000000000000000e+00
1.283366124541758602e+01
-4.296203023073008609e-02
2.600000000000000089e-01
6.035411357879638672e-02
9.418026869787423649e-01
1.000000000000000000e+00
9.958481142466594216e-01
1.000000000000000000e+00
9.326923973114319422e-01
9.561436032987271627e-01
1.000000000000000000e+00
8.943659900619593817e-01
9.607498639680318586e-01
9.598559187347868171e-01
9.427212417625138174e-01
9.727082503644934874e-01
1.000000000000000000e+00
9.893299372975372652e-01
1.000000000000000000e+00
1.000000000000000000e+00
1.000000000000000000e+00
9.466968218508976518e-01
1.000000000000000000e+00
9.352354632899088083e-01
1.000000000000000000e+00
1.000000000000000000e+00
1.000000000000000000e+00
9.492887429892127304e-01
1.279947758806167002e+01
-4.216201881660408546e-02
2.600000000000000089e-01
-1.015264466404914856e-01
1.000000000000000000e+00
1.000000000000000000e+00
1.000000000000000000e+00
1.000000000000000000e+00
1.000000000000000000e+00
9.297209571292270880e-01
9.951810338910210829e-01
9.028525914595295632e-01
9.754496296652981346e-01
1.000000000000000000e+00
9.771107322554770658e-01
1.000000000000000000e+00
9.401787292082504077e-01
1.000000000000000000e+00
9.609841396623947096e-01
9.401455957400813856e-01
1.000000000000000000e+00
1.000000000000000000e+00
1.000000000000000000e+00
1.000000000000000000e+00
1.000000000000000000e+00
9.633391297193745206e-01
1.000000000000000000e+00
9.536466517936926790e-01
1.277348356924588657e+01
-4.226170889773062100e-02
2.600000000000000089e-01
6.749794632196426392e-02
1.000000000000000000e+00
9.657892643172436564e-01
9.498147589051804118e-01
9.469285724111812241e-01
1.000000000000000000e+00
1.000000000000000000e+00
1.000000000000000000e+00
8.687166200791932580e-01
8.452795326622021266e-01
1.000000000000000000e+00
9.779349172699186576e-01
9.629714722969475726e-01
9.343997056597472817e-01
9.865276878265818450e-01
1.000000000000000000e+00
9.946511309621060004e-01
1.000000000000000000e+00
1.000000000000000000e+00
9.816789979589934934e-01
1.000000000000000000e+00
1.000000000000000000e+00
9.805881006021509583e-01
1.000000000000000000e+00
1.000000000000000000e+00
1.274718166191816415e+01
-3.736241275225493652e-02
2.600000000000000089e-01
-1.922668814659118652e-01
1.000000000000000000e+00
1.000000000000000000e+00
9.556254644425347111e-01
1.000000000000000000e+00
9.462124065339343471e-01
9.591599239335072413e-01
9.324314785142070461e-01
8.997094876241870098e-01
9.115660122765963935e-01
9.922151491787246647e-01
9.893764913372823377e-01
1.000000000000000000e+00
9.581278796190098035e-01
1.000000000000000000e+00
9.916976432054488422e-01
9.456011468906160289e-01
1.000000000000000000e+00
1.000000000000000000e+00
9.944759540783981722e-01
9.741846961881990286e-01
1.000000000000000000e+00
1.000000000000000000e+00
9.548157109955947019e-01
1.000000000000000000e+00
1.271193778506107463e+01
-1.846308454636558238e-02
2.600000000000000089e-01
4.099735245108604431e-02
1.000000000000000000e+00
1.000000000000000000e+00
1.000000000000000000e+00
1.000000000000000000e+00
1.000000000000000000e+00
1.000000000000000000e+00
1.000000000000000000e+00
8.842366097121585611e-01
9.374168226017856043e-01
1.000000000000000000e+00
9.780979492697736699e-01
1.000000000000000000e+00
1.000000000000000000e+00
9.967157639474012454e-01
9.678465448618558398e-01
1.000000000000000000e+00
9.621966796785598186e-01
9.354063374748926574e-01
9.313088103636159021e-01
1.000000000000000000e+00
9.786502288585304798e-01
1.000000000000000000e+00
1.000000000000000000e+00
1.000000000000000000e+00
1.268605865103042873e+01
-2.752560069249376795e-02
2.600000000000000089e-01
1.161623001098632812e-01
9.597567877908067535e-01
1.000000000000000000e+00
9.464523180777371092e-01
1.000000000000000000e+00
1.000000000000000000e+00
1.000000000000000000e+00
1.000000000000000000e+00
9.080461697226434037e-01
9.312931093487311074e-01
9.954575897120375716e-01
9.354336837159661355e-01
9.351868383605516089e-01
9.977608800535077149e-01
1.000000000000000000e+00
9.629121415104373582e-01
1.000000000000000000e+00
1.000000000000000000e+00
1.000000000000000000e+00
9.691042681824758587e-01
9.440928980870056941e-01
1.000000000000000000e+00
9.422130743649884677e-01
1.000000000000000000e+00
9.739120794559027461e-01
1.265144968508347922e+01
-3.291206077536168451e-02
2.600000000000000089e-01
-4.792508855462074280e-02
1.000000000000000000e+00
9.389279628170644765e-01
1.000000000000000000e+00
1.000000000000000000e+00
1.000000000000000000e+00
1.000000000000000000e+00
9.830423923937102737e-01
9.149300210048298965e-01
9.282337692220709036e-01
9.651545400127597985e-01
1.000000000000000000e+00
9.418555051067608597e-01
1.000000000000000000e+00
9.876734590228597455e-01
1.000000000000000000e+00
9.368824987941600790e-01
9.869898512689613268e-01
1.000000000000000000e+00
9.726116679618846961e-01
1.000000000000000000e+00
9.518545510435851842e-01
1.000000000000000000e+00
1.000000000000000000e+00
9.402495927192953129e-01
1.260848593770967163e+01
-4.001607821129216092e-02
2.600000000000000089e-01
1.047727763652801514e-01
9.443731551871679120e-01
9.363045464413649599e-01
1.000000000000000000e+00
1.000000000000000000e+00
1.000000000000000000e+00
1.000000000000000000e+00
1.000000000000000000e+00
8.733470455255556431e-01
8.112384683452839029e-01
9.673949638863963418e-01
9.492047623667900780e-01
1.000000000000000000e+00
9.994567218062718750e-01
9.771099096927186034e-01
1.000000000000000000e+00
1.000000000000000000e+00
9.619343211810631455e-01
1.000000000000000000e+00
1.000000000000000000e+00
9.876031556198260342e-01
9.842617174819944248e-01
9.838222115886375851e-01
9.954279642012352491e-01
9.936386479328136456e-01
1.258266230526514207e+01
-4.387934968116313783e-02
2.600000000000000089e-01
6.177604664117097855e-03
9.374393423023956728e-01
9.788821227398287750e-01
1.000000000000000000e+00
1.000000000000000000e+00
1.000000000000000000e+00
1.000000000000000000e+00
8.813865166600812762e-01
8.614588892651475760e-01
9.284009280900393790e-01
9.302099479466072740e-01
1.000000000000000000e+00
9.360492875842306715e-01
1.000000000000000000e+00
9.562963419868921733e-01
1.000000000000000000e+00
1.000000000000000000e+00
9.309767554421570779e-01
1.000000000000000000e+00
9.309082422577164007e-01
1.000000000000000000e+00
9.612045988718403988e-01
1.000000000000000000e+00
9.667038128252686269e-01
9.908585774733182916e-01
1.254817999608155432e+01
-5.559504381923563443e-02
2.600000000000000089e-01
2.134700566530227661e-01
9.799577875703642249e-01
1.000000000000000000e+00
1.000000000000000000e+00
9.732228596640819518e-01
1.000000000000000000e+00
1.000000000000000000e+00
8.551177348265431855e-01
8.814161936911532047e-01
9.106980235127382084e-01
9.337047163325682408e-01
9.715688823570421961e-01
1.000000000000000000e+00
9.924648048398065914e-01
9.335868047241662193e-01
1.000000000000000000e+00
9.498576914301944951e-01
1.000000000000000000e+00
1.000000000000000000e+00
1.000000000000000000e+00
1.000000000000000000e+00
9.337780009443512608e-01
9.640135792154314043e-01
9.921868651923846372e-01
9.692095604475746695e-01
1.252210836791243942e+01
-6.485075510167748192e-02
2.600000000000000089e-01
-9.544084221124649048e-02
1.000000000000000000e+00
1.000000000000000000e+00
1.000000000000000000e+00
1.000000000000000000e+00
1.000000000000000000e+00
1.000000000000000000e+00
8.636708174769136548e-01
7.847734356971544090e-01
9.163218599679824328e-01
1.000000000000000000e+00
1.000000000000000000e+00
1.000000000000000000e+00
9.779577477685308384e-01
1.000000000000000000e+00
1.000000000000000000e+00
9.411410183731702128e-01
9.501077557559974851e-01
1.000000000000000000e+00
9.639020429915038379e-01
9.758003533241730310e-01
9.993232490069930973e-01
1.000000000000000000e+00
9.346816686406541619e-01
9.567399140926003964e-01
1.248752834144476154e+01
-6.417286546131739655e-02
2.600000000000000089e-01
4.252149909734725952e-02
1.000000000000000000e+00
1.000000000000000000e+00
1.000000000000000000e+00
1.000000000000000000e+00
9.993909916507884850e-01
1.000000000000000000e+00
8.355219809254520458e-01
8.009213490931724744e-01
8.586064248894729189e-01
9.692681479373259634e-01
1.000000000000000000e+00
9.390541241754876145e-01
9.365207234135620729e-01
1.000000000000000000e+00
9.665625503384617234e-01
9.631780243482968018e-01
1.000000000000000000e+00
9.769619673002269966e-01
9.428944292293950369e-01
9.691908655481938917e-01
9.210453313255388963e-01
1.000000000000000000e+00
9.741759078497848057e-01
9.644674796570740227e-01
1.246155159531857670e+01
-5.978376340630831010e-02
2.600000000000000089e-01
-1.225479915738105774e-01
9.712234651873185021e-01
9.286889319525221120e-01
1.000000000000000000e+00
9.528571710963158470e-01
9.329976044052266104e-01
1.000000000000000000e+00
8.941836988799091168e-01
7.854354129250815664e-01
8.610727697087886545e-01
1.000000000000000000e+00
9.417218971235056246e-01
1.000000000000000000e+00
9.550685277200645640e-01
1.000000000000000000e+00
9.495850436452880627e-01
1.000000000000000000e+00
1.000000000000000000e+00
1.000000000000000000e+00
9.438128938211320929e-01
1.000000000000000000e+00
9.430775339886224851e-01
9.377484499135589902e-01
9.864354036474705101e-01
1.000000000000000000e+00
1.243575045352284647e+01
-5.701150563007839622e-02
2.600000000000000089e-01
7.507198303937911987e-02
1.000000000000000000e+00
9.448242552798810090e-01
9.795047015612350361e-01
1.000000000000000000e+00
1.000000000000000000e+00
9.628697882839164501e-01
8.317427176948241074e-01
8.547475014759680079e-01
9.349415038894605123e-01
1.000000000000000000e+00
9.541577141537416207e-01
9.389433795883849188e-01
1.000000000000000000e+00
1.000000000000000000e+00
1.000000000000000000e+00
1.000000000000000000e+00
1.000000000000000000e+00
9.902172003052382987e-01
1.000000000000000000e+00
9.952359242962490748e-01
8.901598037178443112e-01
1.000000000000000000e+00
9.896053059454522627e-01
1.000000000000000000e+00
1.240122831244975465e+01
-6.753049148633127885e-02
2.600000000000000089e-01
9.872225672006607056e-02
9.916308509227050871e-01
1.000000000000000000e+00
1.000000000000000000e+00
1.000000000000000000e+00
1.000000000000000000e+00
9.869292721050106909e-01
8.378297081410216451e-01
7.984476315931630097e-01
9.578057353736092461e-01
1.000000000000000000e+00
1.000000000000000000e+00
9.413483042035680759e-01
9.342924978929225688e-01
9.963449474228107672e-01
9.507541734905503583e-01
1.000000000000000000e+00
9.304238313374239011e-01
9.811007151583351904e-01
1.000000000000000000e+00
1.000000000000000000e+00
8.633532973635735797e-01
9.381771924848775202e-01
9.912165299699856602e-01
1.000000000000000000e+00
1.236689099084739674e+01
-8.002175923724408335e-02
2.600000000000000089e-01
7.834070920944213867e-02
1.000000000000000000e+00
1.000000000000000000e+00
9.850455824979726938e-01
1.000000000000000000e+00
1.000000000000000000e+00
1.000000000000000000e+00
7.531374547989287960e-01
8.424521677012000165e-01
1.000000000000000000e+00
9.587707269904441887e-01
9.909188175428360612e-01
9.904852310359600898e-01
9.803027312827911066e-01
9.305799211976946150e-01
9.622082972860184213e-01
9.292570050954118699e-01
9.517369410806451047e-01
9.499521973132860619e-01
1.000000000000000000e+00
1.000000000000000000e+00
9.663772540383257503e-01
1.000000000000000000e+00
1.000000000000000000e+00
1.000000000000000000e+00
1.234063929706254648e+01
-7.440161587586668901e-02
2.600000000000000089e-01
-2.672517895698547363e-01
9.404097547156282655e-01
9.890632366097237282e-01
1.000000000000000000e+00
9.472192450388713381e-01
1.000000000000000000e+00
9.403604327468754187e-01
7.521306880250210325e-01
8.198477495164709916e-01
9.551194493937753549e-01
1.000000000000000000e+00
9.679691991704155729e-01
1.000000000000000000e+00
1.000000000000000000e+00
9.767964681375085334e-01
9.896335383650927131e-01
1.000000000000000000e+00
1.000000000000000000e+00
1.000000000000000000e+00
1.000000000000000000e+00
1.000000000000000000e+00
9.047320190672246687e-01
9.515252729722362135e-01
9.942360662756074552e-01
9.352286053301342994e-01
1.231455845754435430e+01
-5.633972101205619865e-02
2.600000000000000089e-01
-8.821548521518707275e-02
9.897601465993569603e-01
9.853689317348985899e-01
9.335182454269398411e-01
1.000000000000000000e+00
1.000000000000000000e+00
9.832449385547195053e-01
7.470611195872279842e-01
8.183926136286319153e-01
9.727502383637415262e-01
1.000000000000000000e+00
9.418440050521486029e-01
9.697235876545874378e-01
9.796282933572048046e-01
1.000000000000000000e+00
1.000000000000000000e+00
9.885460133856371900e-01
1.000000000000000000e+00
1.000000000000000000e+00
1.000000000000000000e+00
9.738708987713461385e-01
9.463444861297537480e-01
9.255165968140680599e-01
9.453997356081311754e-01
1.000000000000000000e+00
1.228005890733525263e+01
-5.391168582252925390e-02
2.600000000000000089e-01
7.640001177787780762e-02
1.000000000000000000e+00
1.000000000000000000e+00
9.521046916862754284e-01
1.000000000000000000e+00
9.383552246062843993e-01
9.764967968461431003e-01
7.425427138881998124e-01
7.524235003070058880e-01
9.828365833675816177e-01
9.405487343090122021e-01
9.569298303742784784e-01
9.357443437553686350e-01
9.344568336368058725e-01
9.500307919644020993e-01
9.504609628124056631e-01
1.000000000000000000e+00
1.000000000000000000e+00
9.383098381875395466e-01
1.000000000000000000e+00
9.405262734336948816e-01
1.000000000000000000e+00
9.659236124970084214e-01
1.000000000000000000e+00
9.654392229578497853e-01
1.225415889386868429e+01
-6.230637227702118253e-02
2.600000000000000089e-01
8.126507699489593506e-02
1.000000000000000000e+00
9.810662548701852836e-01
1.000000000000000000e+00
9.769470100612906993e-01
9.915655623251788953e-01
9.718325127689138032e-01
7.507190746568098705e-01
7.134526989644093264e-01
1.000000000000000000e+00
9.656599905577254450e-01
9.952856351064588436e-01
1.000000000000000000e+00
1.000000000000000000e+00
9.376350078699005053e-01
1.000000000000000000e+00
1.000000000000000000e+00
9.922248904874033659e-01
9.873634236362743843e-01
9.644054191276053567e-01
9.787015993909494727e-01
9.452519624316229052e-01
9.140691949198053168e-01
9.560912986096049559e-01
9.479358304828989779e-01
1.222819850781065476e+01
-6.649894208225104464e-02
2.600000000000000089e-01
1.873614080250263214e-02
9.396823661485259604e-01
9.554280094339324680e-01
1.000000000000000000e+00
9.742266034666673402e-01
9.758701785202233969e-01
9.746042712759565019e-01
7.562063631396380714e-01
7.203896195131175295e-01
1.000000000000000000e+00
1.000000000000000000e+00
9.440267463682017191e-01
1.000000000000000000e+00
1.000000000000000000e+00
1.000000000000000000e+00
9.426637720302174506e-01
1.000000000000000000e+00
1.000000000000000000e+00
1.000000000000000000e+00
1.000000000000000000e+00
9.560054834413987956e-01
9.401820539553279454e-01
9.510736710468714605e-01
1.000000000000000000e+00
9.822171750862410677e-01
1.219356946467042135e+01
-6.561511313961254643e-02
2.600000000000000089e-01
-3.379283100366592407e-02
1.000000000000000000e+00
1.000000000000000000e+00
1.000000000000000000e+00
1.000000000000000000e+00
9.306175143331685273e-01
1.000000000000000000e+00
8.081115562956251441e-01
7.719370429348185736e-01
9.600490599450645091e-01
9.528471941287095515e-01
1.000000000000000000e+00
9.718668315718088646e-01
9.932295826107901959e-01
9.979576335682198707e-01
9.677511295695148119e-01
1.000000000000000000e+00
1.000000000000000000e+00
1.000000000000000000e+00
1.000000000000000000e+00
9.836854530150278553e-01
1.000000000000000000e+00
9.500968914230814022e-01
1.000000000000000000e+00
1.000000000000000000e+00
1.216769587831564436e+01
-7.256991149815084086e-02
2.600000000000000089e-01
9.993667155504226685e-02
9.596010829309682411e-01
1.000000000000000000e+00
1.000000000000000000e+00
1.000000000000000000e+00
9.838796741336562901e-01
9.556059827495004821e-01
7.473152838160361799e-01
6.936203759395505042e-01
9.797008886306871611e-01
9.529875056205564521e-01
1.000000000000000000e+00
1.000000000000000000e+00
9.499216501446289262e-01
1.000000000000000000e+00
9.715688188287205929e-01
1.000000000000000000e+00
1.000000000000000000e+00
1.000000000000000000e+00
1.000000000000000000e+00
1.000000000000000000e+00
1.000000000000000000e+00
8.777784273359652278e-01
9.287081750150346648e-01
1.000000000000000000e+00
1.213319796915205728e+01
-7.837080560488107750e-02
2.600000000000000089e-01
-3.520133718848228455e-02
9.993741179671827846e-01
9.421114555985443673e-01
9.537447600263967429e-01
1.000000000000000000e+00
9.610776290676378286e-01
9.766727824657409629e-01
7.034520268515798147e-01
7.380865635252661372e-01
9.468687746479576006e-01
1.000000000000000000e+00
1.000000000000000000e+00
9.453625922285890937e-01
1.000000000000000000e+00
9.884703801727457995e-01
1.000000000000000000e+00
9.715524414048867241e-01
1.000000000000000000e+00
9.552788519336745665e-01
1.000000000000000000e+00
1.000000000000000000e+00
1.000000000000000000e+00
9.871832371947719675e-01
9.296030529048854296e-01
9.899680514450974744e-01
1.210740360552160233e+01
-7.853527991546371823e-02
2.600000000000000089e-01
4.710077494382858276e-02
1.000000000000000000e+00
9.898396175386483531e-01
9.488962664313562723e-01
9.800170813273133552e-01
9.688810687687251511e-01
9.317567479523071183e-01
7.050789621727762135e-01
8.073584690157658006e-01
9.416434302067681061e-01
1.000000000000000000e+00
9.716031132348454946e-01
1.000000000000000000e+00
9.443393320594015705e-01
9.983066956228624500e-01
9.647977672490440915e-01
1.000000000000000000e+00
1.000000000000000000e+00
1.000000000000000000e+00
9.350717604083235157e-01
1.000000000000000000e+00
9.570120420870689149e-01
9.713662138167917792e-01
9.382362917375185463e-01
1.000000000000000000e+00
1.208164295049548898e+01
-8.178280601874199363e-02
2.600000000000000089e-01
1.387339178472757339e-02
9.779815707443285655e-01
9.706208576912572772e-01
9.818456572830254192e-01
1.000000000000000000e+00
1.000000000000000000e+00
9.656359616725572748e-01
7.671520686926877053e-01
7.361241353909030449e-01
1.000000000000000000e+00
1.000000000000000000e+00
1.000000000000000000e+00
9.345732331394864811e-01
1.000000000000000000e+00
1.000000000000000000e+00
9.904690731411710525e-01
1.000000000000000000e+00
9.747081694273574959e-01
1.000000000000000000e+00
1.000000000000000000e+00
9.551652258479640389e-01
1.000000000000000000e+00
8.906206476528204519e-01
9.418777510940871123e-01
1.000000000000000000e+00
1.204718855101572395e+01
-8.051037839576347110e-02
2.600000000000000089e-01
-4.918258264660835266e-02
1.000000000000000000e+00
9.444026695414817762e-01
9.961871755929738725e-01
9.977513454523881942e-01
1.000000000000000000e+00
8.406120574819132552e-01
6.889599201600986600e-01
7.548379937806811713e-01
1.000000000000000000e+00
1.000000000000000000e+00
1.000000000000000000e+00
9.665922623613126818e-01
1.000000000000000000e+00
9.582975832421593010e-01
9.414956354272893124e-01
9.804090647139490633e-01
1.000000000000000000e+00
1.000000000000000000e+00
1.000000000000000000e+00
1.000000000000000000e+00
9.957584089680648898e-01
8.567064836185666055e-01
9.587029319614376321e-01
9.647096230290319596e-01
1.202123572480870806e+01
-7.841824864490742897e-02
2.600000000000000089e-01
-4.565235227346420288e-03
9.820103998128072442e-01
9.436720014520589839e-01
9.956131486340700221e-01
9.571359409611915892e-01
1.000000000000000000e+00
7.265113060858992000e-01
7.127983367979726648e-01
7.224839944998168173e-01
1.000000000000000000e+00
1.000000000000000000e+00
1.000000000000000000e+00
9.342105623966616701e-01
1.000000000000000000e+00
9.799001802345560508e-01
9.439306632376425199e-01
9.569202674508533457e-01
1.000000000000000000e+00
9.525151389875116115e-01
9.406600692121094287e-01
9.556317204331964410e-01
1.000000000000000000e+00
8.792520090331638061e-01
1.000000000000000000e+00
1.000000000000000000e+00
1.198653992374743282e+01
-7.510983366379075932e-02
2.600000000000000089e-01
-4.215981811285018921e-02
9.488611506667717910e-01
9.765931503457846441e-01
1.000000000000000000e+00
1.000000000000000000e+00
1.000000000000000000e+00
7.453159482667187641e-01
6.846175725916762156e-01
6.764601631405640081e-01
9.330009654226977256e-01
1.000000000000000000e+00
1.000000000000000000e+00
1.000000000000000000e+00
9.602715313531814401e-01
1.000000000000000000e+00
1.000000000000000000e+00
1.000000000000000000e+00
1.000000000000000000e+00
1.000000000000000000e+00
9.777017302027530832e-01
1.000000000000000000e+00
1.000000000000000000e+00
9.407163323436401603e-01
9.282446768343683985e-01
1.000000000000000000e+00
1.196067446995546035e+01
-7.937069621154924093e-02
2.600000000000000089e-01
5.771006643772125244e-02
1.000000000000000000e+00
1.000000000000000000e+00
9.829695638260418367e-01
1.000000000000000000e+00
1.000000000000000000e+00
6.605474270090850863e-01
6.483631945238413907e-01
6.896211439146221478e-01
9.466804194669597994e-01
9.978986674759636744e-01
1.000000000000000000e+00
1.000000000000000000e+00
9.658461686498848175e-01
1.000000000000000000e+00
9.418802166574777868e-01
9.882565202344283373e-01
1.000000000000000000e+00
1.000000000000000000e+00
1.000000000000000000e+00
1.000000000000000000e+00
1.000000000000000000e+00
9.050679539737495061e-01
1.000000000000000000e+00
9.954791961567180936e-01
1.192633117652503216e+01
-9.488591903817944484e-02
2.600000000000000089e-01
1.846246868371963501e-01
9.789200139524625310e-01
1.000000000000000000e+00
1.000000000000000000e+00
1.000000000000000000e+00
9.773263302999535274e-01
6.868414693358078082e-01
7.340543521593348997e-01
8.162331224895648107e-01
1.000000000000000000e+00
9.556718797497848472e-01
1.000000000000000000e+00
9.720202535166883040e-01
9.627383697721058065e-01
9.952914360052756981e-01
1.000000000000000000e+00
9.698205640774658631e-01
9.428191300135084774e-01
1.000000000000000000e+00
1.000000000000000000e+00
9.500786977153972135e-01
9.524187223640607769e-01
9.380140243967115543e-01
1.000000000000000000e+00
9.774802760005669722e-01
1.190056291827587920e+01
-1.048579362070780618e-01
2.600000000000000089e-01
5.273479223251342773e-02
9.508865226880237609e-01
1.000000000000000000e+00
1.000000000000000000e+00
9.360038777090652351e-01
9.867662518902975410e-01
7.196374214182882367e-01
6.879430793653777965e-01
7.244484332347240763e-01
1.000000000000000000e+00
1.000000000000000000e+00
1.000000000000000000e+00
9.447977372304681154e-01
1.000000000000000000e+00
1.000000000000000000e+00
1.000000000000000000e+00
1.000000000000000000e+00
1.000000000000000000e+00
9.983446135279757661e-01
1.000000000000000000e+00
1.000000000000000000e+00
1.000000000000000000e+00
8.764030129310395045e-01
1.000000000000000000e+00
9.391751148497977653e-01
1.186666108935423836e+01
-1.016940059562423393e-01
2.600000000000000089e-01
-9.701374918222427368e-02
9.711375938278113962e-01
1.000000000000000000e+00
9.690671911352763956e-01
1.000000000000000000e+00
9.657499052957193575e-01
6.634439233096331989e-01
6.570169084624651878e-01
8.022243868131989641e-01
9.873339839925120431e-01
1.000000000000000000e+00
9.619850033581294202e-01
1.000000000000000000e+00
9.510968610132218837e-01
1.000000000000000000e+00
1.000000000000000000e+00
9.911738179282044703e-01
1.000000000000000000e+00
9.867515570322622498e-01
9.854100855685169469e-01
1.000000000000000000e+00
1.000000000000000000e+00
8.115041257889957782e-01
9.141906831718288329e-01
1.000000000000000000e+00
1.183198014613876836e+01
-9.980194793432994871e-02
2.600000000000000089e-01
8.093701303005218506e-02
1.000000000000000000e+00
1.000000000000000000e+00
1.000000000000000000e+00
9.928555719103986377e-01
1.000000000000000000e+00
6.891399692188705517e-01
6.283532241352768333e-01
1.000000000000000000e+00
1.000000000000000000e+00
9.835531857708802450e-01
9.770670039943948337e-01
9.821159095039181386e-01
9.438802657536605745e-01
1.000000000000000000e+00
9.838227277369634427e-01
9.441995786435825044e-01
9.405575879037870735e-01
1.000000000000000000e+00
1.000000000000000000e+00
1.000000000000000000e+00
9.927388941898085406e-01
8.819174124971629336e-01
9.269329349149584285e-01
1.000000000000000000e+00
1.180599400680639732e+01
-9.995975548247315601e-02
2.600000000000000089e-01
-6.313713639974594116e-02
1.000000000000000000e+00
1.000000000000000000e+00
9.309112921286286646e-01
1.000000000000000000e+00
1.000000000000000000e+00
6.990487331899011281e-01
6.593339135151579100e-01
9.730128272106293164e-01
1.000000000000000000e+00
9.644445757770973016e-01
9.851441714963790064e-01
9.493706831991586270e-01
9.984216666721196232e-01
1.000000000000000000e+00
1.000000000000000000e+00
9.668920097581994444e-01
9.682486422234692913e-01
9.572534552131424235e-01
1.000000000000000000e+00
9.808153493568801951e-01
1.000000000000000000e+00
8.465966366330229809e-01
8.717467040627308039e-01
9.616882709487813985e-01
1.177156216471622940e+01
-9.250354818334338702e-02
2.600000000000000089e-01
-4.956307634711265564e-02
1.000000000000000000e+00
9.762828883638078326e-01
9.981400532852184870e-01
9.626006353455301978e-01
1.000000000000000000e+00
6.860336464464351636e-01
6.393592767948694799e-01
1.000000000000000000e+00
9.443882827187605189e-01
1.000000000000000000e+00
9.831777879635110740e-01
9.423964192753414570e-01
9.342737914074018546e-01
1.000000000000000000e+00
9.541079241120057342e-01
1.000000000000000000e+00
9.868377491882130981e-01
1.000000000000000000e+00
1.000000000000000000e+00
1.000000000000000000e+00
1.000000000000000000e+00
8.936774482230346317e-01
9.435211661043940712e-01
9.791411297917859136e-01
1.174566531737292863e+01
-8.900938095785138060e-02
2.600000000000000089e-01
-3.768818080425262451e-02
1.000000000000000000e+00
1.000000000000000000e+00
1.000000000000000000e+00
9.660035147405776623e-01
9.975789666243489728e-01
6.671535387471964063e-01
7.064506484577394163e-01
1.000000000000000000e+00
9.289036477933382274e-01
9.524413486031352294e-01
9.548371407671645272e-01
1.000000000000000000e+00
1.000000000000000000e+00
1.000000000000000000e+00
1.000000000000000000e+00
1.000000000000000000e+00
1.000000000000000000e+00
9.733369047365717508e-01
1.000000000000000000e+00
1.000000000000000000e+00
1.000000000000000000e+00
9.285932907253862112e-01
8.996371248798059606e-01
9.763353378562465990e-01
1.171118432833552703e+01
-8.665591403044814456e-02
2.600000000000000089e-01
2.579134656116366386e-03
1.000000000000000000e+00
9.595831349316649161e-01
1.000000000000000000e+00
1.000000000000000000e+00
1.000000000000000000e+00
6.809726493315059193e-01
5.971699770430722864e-01
9.756353304316010000e-01
9.437906132411939542e-01
1.000000000000000000e+00
9.393724511822748591e-01
1.000000000000000000e+00
1.000000000000000000e+00
1.000000000000000000e+00
9.537352235167873005e-01
9.756752927454751534e-01
9.672012437299606358e-01
9.982289830933119834e-01
1.000000000000000000e+00
9.922138722033230218e-01
9.859041470264037210e-01
9.238348277349076598e-01
9.000172724956631010e-01
1.000000000000000000e+00
1.167657237410451998e+01
-9.251898699058092035e-02
2.600000000000000089e-01
6.452865153551101685e-02
9.562564756296882962e-01
1.000000000000000000e+00
1.000000000000000000e+00
1.000000000000000000e+00
9.523901451552730935e-01
6.923698814127140500e-01
6.326062165419509276e-01
1.000000000000000000e+00
1.000000000000000000e+00
1.000000000000000000e+00
1.000000000000000000e+00
9.331129102758174421e-01
1.000000000000000000e+00
9.376430219328709681e-01
9.392086967875235004e-01
9.708777820037318707e-01
1.000000000000000000e+00
9.410840132191077290e-01
1.000000000000000000e+00
9.595852181575107442e-01
1.000000000000000000e+00
9.304160898860552864e-01
9.439496161508785788e-01
1.000000000000000000e+00
1.165092509198872328e+01
-9.072372238270443034e-02
2.600000000000000089e-01
-5.862033367156982422e-02
1.000000000000000000e+00
1.000000000000000000e+00
1.000000000000000000e+00
9.865381330833861151e-01
1.000000000000000000e+00
6.632288750499928387e-01
6.345366042468454371e-01
1.000000000000000000e+00
1.000000000000000000e+00
9.538380429043279429e-01
1.000000000000000000e+00
1.000000000000000000e+00
9.796815772828511015e-01
9.633327223335667044e-01
9.494069186874778410e-01
1.000000000000000000e+00
9.782073577100988127e-01
1.000000000000000000e+00
9.857026100114645306e-01
1.000000000000000000e+00
9.694073865090944153e-01
1.000000000000000000e+00
9.013973024160889524e-01
9.625642965634056969e-01
1.162494737211541640e+01
-8.488559760196912052e-02
2.600000000000000089e-01
-7.527711242437362671e-02
1.000000000000000000e+00
9.456459463257669285e-01
1.000000000000000000e+00
9.654324471889698112e-01
1.000000000000000000e+00
6.276050464202099777e-01
5.740282223449139076e-01
9.779693489285652408e-01
9.950947236335262458e-01
1.000000000000000000e+00
9.831412953765976681e-01
1.000000000000000000e+00
9.942014899130254824e-01
1.000000000000000000e+00
1.000000000000000000e+00
1.000000000000000000e+00
1.000000000000000000e+00
9.828043300866748933e-01
1.000000000000000000e+00
1.000000000000000000e+00
1.000000000000000000e+00
1.000000000000000000e+00
8.742428764936583940e-01
1.000000000000000000e+00
1.159057440343031864e+01
-7.928609934277730531e-02
2.600000000000000089e-01
1.663840562105178833e-02
9.325151737145719322e-01
1.000000000000000000e+00
9.901134026369921015e-01
9.947107487834155881e-01
6.513346286396600737e-01
6.777432467484175715e-01
6.861530822898480597e-01
9.781985137750284220e-01
9.436352729805420614e-01
1.000000000000000000e+00
1.000000000000000000e+00
9.433729587539941841e-01
9.747375606606217824e-01
1.000000000000000000e+00
1.000000000000000000e+00
1.000000000000000000e+00
9.870280742205397306e-01
9.859086985075136145e-01
9.331483125671099499e-01
1.000000000000000000e+00
9.482375885448390829e-01
9.459483657323345396e-01
8.597152628586191003e-01
9.976172946887694737e-01
1.156464903517200327e+01
-8.805855831302222825e-02
2.600000000000000089e-01
1.419102698564529419e-01
1.000000000000000000e+00
1.000000000000000000e+00
1.000000000000000000e+00
9.377615052225811709e-01
7.302195127016241072e-01
6.095075596197622181e-01
6.090360466868272038e-01
9.555029688546731181e-01
1.000000000000000000e+00
9.853735070107489946e-01
1.000000000000000000e+00
9.568667098046559349e-01
1.000000000000000000e+00
1.000000000000000000e+00
9.483985243578393343e-01
1.000000000000000000e+00
1.000000000000000000e+00
1.000000000000000000e+00
1.000000000000000000e+00
9.630790936562309001e-01
9.539485452022421486e-01
1.000000000000000000e+00
8.559826407771895518e-01
1.000000000000000000e+00
1.153885117217630274e+01
-9.557226185777389915e-02
2.600000000000000089e-01
1.081615686416625977e-02
9.575997892782039944e-01
1.000000000000000000e+00
9.810128116231832118e-01
9.938082459552112224e-01
5.888264926235330377e-01
5.524158207963594247e-01
6.781892865188619002e-01
1.000000000000000000e+00
1.000000000000000000e+00
1.000000000000000000e+00
1.000000000000000000e+00
9.900063164961013795e-01
1.000000000000000000e+00
9.951785967557722490e-01
1.000000000000000000e+00
9.489693581212490514e-01
1.000000000000000000e+00
1.000000000000000000e+00
1.000000000000000000e+00
9.818603690844733833e-01
9.461704494411898869e-01
9.252612648154833197e-01
8.150958287535037261e-01
9.774983554539501407e-01
1.150449992916611386e+01
-9.903868567435880621e-02
2.600000000000000089e-01
4.886920377612113953e-02
9.593953247144101359e-01
9.759718976239843968e-01
1.000000000000000000e+00
9.713510904456389428e-01
6.110602292998298379e-01
6.036346693776822869e-01
5.952966637426347907e-01
9.608106516757871640e-01
1.000000000000000000e+00
9.428101199666594212e-01
9.917130007313604834e-01
9.809530203831448025e-01
1.000000000000000000e+00
9.317398085208034031e-01
1.000000000000000000e+00
9.711081308090074860e-01
1.000000000000000000e+00
9.308672061958660482e-01
1.000000000000000000e+00
9.528501629933783246e-01
9.810644408142640271e-01
1.000000000000000000e+00
8.094827594062909970e-01
9.941271561341639140e-01
1.147866066558635900e+01
-1.009485174106550254e-01
2.600000000000000089e-01
9.102734737098217010e-03
9.444202509916453936e-01
9.887432019056967558e-01
9.583159437941596304e-01
9.571313091022318753e-01
6.767641081449438101e-01
6.007146914044659836e-01
6.881310655311054791e-01
9.527370612909727976e-01
1.000000000000000000e+00
9.882349335444634564e-01
1.000000000000000000e+00
1.000000000000000000e+00
1.000000000000000000e+00
9.522152386269363555e-01
1.000000000000000000e+00
1.000000000000000000e+00
9.635415670950923106e-01
9.721254959230077874e-01
1.000000000000000000e+00
9.757734657006593704e-01
1.000000000000000000e+00
9.376557418616714434e-01
8.085233257890169778e-01
9.511988460506207721e-01
1.144411235755765155e+01
-1.058253959385280218e-01
2.600000000000000089e-01
5.074212700128555298e-02
9.476052124305789359e-01
1.000000000000000000e+00
9.756855831816692026e-01
1.000000000000000000e+00
6.385560466352668829e-01
5.301778871522456749e-01
6.833327307270714579e-01
9.645158992717235424e-01
9.338612665986472106e-01
9.945373076181757144e-01
9.949816316079819201e-01
9.939255202008389078e-01
9.687782435866890696e-01
1.000000000000000000e+00
9.709004102463907326e-01
1.000000000000000000e+00
1.000000000000000000e+00
9.364132149808249705e-01
1.000000000000000000e+00
1.000000000000000000e+00
9.516046365259930306e-01
1.000000000000000000e+00
8.831971601752963696e-01
1.000000000000000000e+00
1.141821699497712395e+01
-1.060461631306206520e-01
2.600000000000000089e-01
-2.732731774449348450e-02
1.000000000000000000e+00
1.000000000000000000e+00
9.622840588963061936e-01
9.680219262638601885e-01
5.821492829209524711e-01
5.522458056766298418e-01
6.473307096088537493e-01
1.000000000000000000e+00
1.000000000000000000e+00
9.319248889099539523e-01
9.954347569583338329e-01
9.892242188203939079e-01
9.655827861804596735e-01
1.000000000000000000e+00
1.000000000000000000e+00
9.672221402197543894e-01
9.750808369224345240e-01
9.754067705143686373e-01
1.000000000000000000e+00
9.888643992277502681e-01
9.447488344795995641e-01
9.812067653675359269e-01
8.576262348038377059e-01
9.212380218268583221e-01
1.139253489773108186e+01
-1.068704365192556516e-01
2.600000000000000089e-01
6.430798023939132690e-02
9.392092629126771453e-01
9.750445610774894911e-01
9.588556814945630169e-01
9.724010489545896752e-01
5.214384830152903882e-01
5.239479041225588718e-01
6.075467856879157580e-01
1.000000000000000000e+00
1.000000000000000000e+00
9.860724708589032605e-01
9.617230986295638440e-01
9.682211984260289395e-01
9.384256715656952297e-01
1.000000000000000000e+00
9.388269245128226803e-01
1.000000000000000000e+00
1.000000000000000000e+00
1.000000000000000000e+00
1.000000000000000000e+00
9.466759592151083869e-01
1.000000000000000000e+00
9.416230554151857612e-01
8.447659233089345188e-01
1.000000000000000000e+00
1.135834631853980703e+01
-1.136956966841782268e-01
2.600000000000000089e-01
2.675884589552879333e-02
1.000000000000000000e+00
1.000000000000000000e+00
1.000000000000000000e+00
1.000000000000000000e+00
6.345956039666343917e-01
5.833005581199390832e-01
6.988189641353450554e-01
9.734288628809381061e-01
9.767405143018866864e-01
1.000000000000000000e+00
9.807694128395464395e-01
9.852102813462771946e-01
9.761233579830557172e-01
9.408795980806601289e-01
1.000000000000000000e+00
1.000000000000000000e+00
9.422594561390457146e-01
9.882887838854118590e-01
9.363224584491864899e-01
1.000000000000000000e+00
9.735508464458588751e-01
9.637648634834096173e-01
8.513888499501121032e-01
9.804222075833435301e-01
1.133256372674352797e+01
-1.176741741125431062e-01
2.600000000000000089e-01
3.394531086087226868e-02
9.981498757506556130e-01
1.000000000000000000e+00
1.000000000000000000e+00
6.115868536330221206e-01
5.672518301532333274e-01
5.389103594528048546e-01
1.000000000000000000e+00
1.000000000000000000e+00
1.000000000000000000e+00
9.433508015842317906e-01
9.367051040151899155e-01
1.000000000000000000e+00
1.000000000000000000e+00
9.580546692430231825e-01
9.779259630520760194e-01
1.000000000000000000e+00
1.000000000000000000e+00
9.296399332913908298e-01
9.575207741275940654e-01
1.000000000000000000e+00
1.000000000000000000e+00
1.000000000000000000e+00
8.585799020841370366e-01
9.536370041154367261e-01
1.129814265657217121e+01
-1.188418247589657639e-01
2.600000000000000089e-01
-3.213958069682121277e-02
1.000000000000000000e+00
9.386823829498834870e-01
9.957655513104810563e-01
7.367736722353971368e-01
5.106895935782855833e-01
6.007646114854158226e-01
9.670000973846172299e-01
1.000000000000000000e+00
9.841281393839728109e-01
1.000000000000000000e+00
9.483225946271066631e-01
1.000000000000000000e+00
9.406098246136611607e-01
1.000000000000000000e+00
1.000000000000000000e+00
9.326766655072070700e-01
1.000000000000000000e+00
1.000000000000000000e+00
9.516242683700089078e-01
9.559220517874817968e-01
1.000000000000000000e+00
9.945621384767455719e-01
8.036125408818793892e-01
9.925846210059511288e-01
1.126354629704042765e+01
-1.156638448061011459e-01
2.600000000000000089e-01
-1.439234241843223572e-02
9.868001240711024025e-01
9.921610484454009837e-01
9.478065021789312539e-01
5.890149695386410755e-01
5.135743775594402427e-01
6.249864497256892859e-01
9.574645826320743458e-01
9.733966608227515582e-01
9.440150969561853511e-01
9.888764428512066829e-01
9.790409366476809927e-01
1.000000000000000000e+00
1.000000000000000000e+00
9.904928862323751915e-01
1.000000000000000000e+00
9.389595454837226240e-01
1.000000000000000000e+00
1.000000000000000000e+00
9.988188182980810570e-01
9.683437740099970492e-01
1.000000000000000000e+00
1.000000000000000000e+00
9.565859606196338571e-01
8.590707071395945471e-01
1.123775026120390486e+01
-1.139405707643326160e-01
2.600000000000000089e-01
-3.024447336792945862e-02
1.000000000000000000e+00
1.000000000000000000e+00
1.000000000000000000e+00
5.573024571255785764e-01
6.090464189850663956e-01
4.938946020499969669e-01
1.000000000000000000e+00
1.000000000000000000e+00
9.979542156188501156e-01
9.637084308069215899e-01
9.955829400381480676e-01
1.000000000000000000e+00
1.000000000000000000e+00
1.000000000000000000e+00
1.000000000000000000e+00
1.000000000000000000e+00
1.000000000000000000e+00
9.546043042978638038e-01
1.000000000000000000e+00
9.908936960483902823e-01
9.697648098905370384e-01
1.000000000000000000e+00
9.401301926816881815e-01
8.538759932886177406e-01
1.120335527059745040e+01
-1.113991904590587723e-01
2.600000000000000089e-01
-1.557040773332118988e-02
1.000000000000000000e+00
9.447337190818656527e-01
1.000000000000000000e+00
6.200744867073026967e-01
5.042823737878662227e-01
5.705712321302479628e-01
9.517549538609474391e-01
9.596122638550544925e-01
1.000000000000000000e+00
1.000000000000000000e+00
9.444587843483365219e-01
1.000000000000000000e+00
1.000000000000000000e+00
1.000000000000000000e+00
1.000000000000000000e+00
1.000000000000000000e+00
1.000000000000000000e+00
1.000000000000000000e+00
1.000000000000000000e+00
1.000000000000000000e+00
1.000000000000000000e+00
1.000000000000000000e+00
8.356576835684065285e-01
9.482269533143543594e-01
1.117752894528381269e+01
-1.091356519931436786e-01
2.600000000000000089e-01
-1.799888722598552704e-02
9.827892773932813686e-01
1.000000000000000000e+00
9.446655463364178607e-01
6.586237800422833910e-01
5.097981300383137571e-01
6.178044009018820448e-01
9.334872518068696445e-01
1.000000000000000000e+00
1.000000000000000000e+00
1.000000000000000000e+00
1.000000000000000000e+00
9.669286049817457096e-01
1.000000000000000000e+00
1.000000000000000000e+00
1.000000000000000000e+00
1.000000000000000000e+00
1.000000000000000000e+00
1.000000000000000000e+00
9.478192488387968684e-01
1.000000000000000000e+00
1.000000000000000000e+00
9.364233896039025895e-01
9.507908755144924839e-01
7.980246427993277214e-01
1.114321443152409152e+01
-1.074155764588660134e-01
2.600000000000000089e-01
-1.829725690186023712e-02
1.000000000000000000e+00
1.000000000000000000e+00
9.482404665146114686e-01
5.664558524227916170e-01
5.424034377249206118e-01
6.120461739490971054e-01
1.000000000000000000e+00
9.548743386989831938e-01
9.410528738183637776e-01
1.000000000000000000e+00
9.320895602734432517e-01
9.300176669086596126e-01
9.982751090906918368e-01
9.354175729759456326e-01
1.000000000000000000e+00
1.000000000000000000e+00
9.956397522818253298e-01
1.000000000000000000e+00
1.000000000000000000e+00
9.554528175304247695e-01
9.352953244748185568e-01
9.959956816309377681e-01
8.654292329114230409e-01
8.530506976823690746e-01
1.111732607437300935e+01
-1.042713425686692119e-01
2.600000000000000089e-01
-4.970350116491317749e-02
9.626033469629449169e-01
9.783998042737699352e-01
9.846146422491081074e-01
5.481123725142180714e-01
4.948200209678054740e-01
5.686001652457415290e-01
9.974539839973328714e-01
1.000000000000000000e+00
9.849325033202541713e-01
1.000000000000000000e+00
9.932263534307697039e-01
1.000000000000000000e+00
1.000000000000000000e+00
9.794553165321424615e-01
9.358350222693366804e-01
1.000000000000000000e+00
1.000000000000000000e+00
1.000000000000000000e+00
9.310382673148314137e-01
1.000000000000000000e+00
1.000000000000000000e+00
9.316752460067164732e-01
9.639205249470859105e-01
9.086651030243383387e-01
1.108266023567101399e+01
-9.803835997850463002e-02
2.600000000000000089e-01
-3.474410250782966614e-02
9.613499865414707468e-01
1.000000000000000000e+00
1.000000000000000000e+00
5.405689790734223843e-01
5.168109246578748150e-01
4.998972490297884930e-01
1.000000000000000000e+00
1.000000000000000000e+00
9.381775607145469431e-01
9.551690680460167560e-01
1.000000000000000000e+00
1.000000000000000000e+00
1.000000000000000000e+00
9.949745207521772938e-01
9.830728711185100499e-01
9.305771752160395538e-01
1.000000000000000000e+00
1.000000000000000000e+00
1.000000000000000000e+00
1.000000000000000000e+00
1.000000000000000000e+00
1.000000000000000000e+00
9.637110016647657540e-01
8.999837625414759401e-01
1.104825475580124916e+01
-9.776704992566243035e-02
2.600000000000000089e-01
1.053667627274990082e-02
9.444846867446576866e-01
9.453480611967722824e-01
9.457045271337244374e-01
5.246981242915005339e-01
5.967974343862226805e-01
5.264715997012022752e-01
9.325608717950553128e-01
9.499964758939052345e-01
9.867672652532616384e-01
9.437637872897857161e-01
9.649311841546376334e-01
9.388781867733914099e-01
1.000000000000000000e+00
9.554613532795123154e-01
1.000000000000000000e+00
1.000000000000000000e+00
9.630341094487662179e-01
9.713721911343533577e-01
1.000000000000000000e+00
9.566624211042318304e-01
1.000000000000000000e+00
1.000000000000000000e+00
9.061165599035742035e-01
8.475185708735729628e-01
1.102240979853707259e+01
-1.007316645090834406e-01
2.600000000000000089e-01
2.924287505447864532e-02
9.789448054460543336e-01
1.000000000000000000e+00
1.000000000000000000e+00
4.778925681582705254e-01
4.896747833770171421e-01
5.104568149249173459e-01
9.787349880021020132e-01
9.374791355053145869e-01
1.000000000000000000e+00
1.000000000000000000e+00
1.000000000000000000e+00
1.000000000000000000e+00
1.000000000000000000e+00
1.000000000000000000e+00
9.322243534861385239e-01
1.000000000000000000e+00
1.000000000000000000e+00
1.000000000000000000e+00
9.364067457594970056e-01
1.000000000000000000e+00
1.000000000000000000e+00
1.000000000000000000e+00
9.401456045177390974e-01
9.170677658654691200e-01
1.099652921627801661e+01
-1.024606167806414447e-01
2.600000000000000089e-01
7.480458356440067291e-03
9.522134320727462242e-01
1.000000000000000000e+00
1.000000000000000000e+00
5.852554875703960269e-01
5.827929842618473355e-01
6.056621708724609920e-01
1.000000000000000000e+00
9.381512701030526591e-01
1.000000000000000000e+00
9.797860932965233305e-01
9.909246325547964585e-01
9.382318589213994864e-01
1.000000000000000000e+00
9.667551399183561545e-01
9.644734904623476490e-01
9.303098362285320277e-01
9.818456429659968565e-01
9.691387518146316049e-01
9.306079349812009793e-01
9.597112087455660356e-01
9.358442579979167064e-01
9.658975973585020025e-01
9.400411670199758651e-01
8.448211660373167176e-01
1.096218144586280729e+01
-1.038778418670203152e-01
2.600000000000000089e-01
2.335909381508827209e-02
9.920623275963509347e-01
1.000000000000000000e+00
9.442816170575352164e-01
5.686615941323557299e-01
4.541322026057900696e-01
5.864807048025657554e-01
9.486083752660131596e-01
9.856000513927735129e-01
1.000000000000000000e+00
1.000000000000000000e+00
9.551263070087397944e-01
9.492784388781542182e-01
9.884104516574503396e-01
1.000000000000000000e+00
9.496311419110374796e-01
1.000000000000000000e+00
1.000000000000000000e+00
9.493254450368454611e-01
1.000000000000000000e+00
9.590572500816988422e-01
9.452181977347098307e-01
9.649696780226647563e-01
9.436046262815065422e-01
8.115565193404299382e-01
1.093643135893810125e+01
-1.038525899362205962e-01
2.600000000000000089e-01
-2.887616120278835297e-02
9.723281425116967469e-01
9.538233886186786581e-01
1.000000000000000000e+00
5.467734282835829962e-01
5.205568442946064689e-01
5.232718306231116667e-01
1.000000000000000000e+00
9.710479599072023849e-01
9.308723647008442237e-01
9.583157566905996516e-01
1.000000000000000000e+00
9.958592632794764921e-01
9.556092667287361397e-01
9.655927606150470632e-01
1.000000000000000000e+00
9.582055000137762457e-01
1.000000000000000000e+00
1.000000000000000000e+00
1.000000000000000000e+00
1.000000000000000000e+00
9.603128358021303379e-01
1.000000000000000000e+00
9.678997531455590941e-01
8.161330042883923053e-01
1.091053838124285136e+01
-1.019266758482157975e-01
2.600000000000000089e-01
-2.450876310467720032e-02
1.000000000000000000e+00
1.000000000000000000e+00
5.487732269838773158e-01
4.432144122992745516e-01
4.769292854363523237e-01
5.003803828345427807e-01
1.000000000000000000e+00
1.000000000000000000e+00
9.756985101869654065e-01
9.777956606606041934e-01
9.828294266088519748e-01
9.653569817338112369e-01
9.341097126511203053e-01
9.285738570464732167e-01
9.847868494456498700e-01
1.000000000000000000e+00
9.875003485975705209e-01
1.000000000000000000e+00
1.000000000000000000e+00
9.765726819516710178e-01
1.000000000000000000e+00
1.000000000000000000e+00
1.000000000000000000e+00
8.646306850517839759e-01
1.087592681060994693e+01
-9.974415239001688249e-02
2.600000000000000089e-01
3.836300922557711601e-03
1.000000000000000000e+00
1.000000000000000000e+00
5.443552412686438746e-01
5.230250029711361881e-01
4.937178318457940973e-01
5.749264382536428686e-01
9.385222882532916477e-01
1.000000000000000000e+00
9.324620367874920657e-01
1.000000000000000000e+00
9.800282023942401555e-01
9.923861802387966558e-01
9.984304325345852993e-01
9.504382068070482692e-01
1.000000000000000000e+00
9.580887626520443456e-01
1.000000000000000000e+00
9.796392367326854922e-01
1.000000000000000000e+00
9.566576682023594236e-01
9.404973350405201327e-01
9.663573649427064094e-01
1.000000000000000000e+00
8.511828719615002203e-01
1.085011132869980166e+01
-1.012653485857994973e-01
2.600000000000000089e-01
1.945953629910945892e-02
9.742513910940224786e-01
9.870097889460799356e-01
5.325656207921344309e-01
4.532057810082328331e-01
5.377791537488233464e-01
6.026412473509178414e-01
1.000000000000000000e+00
1.000000000000000000e+00
1.000000000000000000e+00
1.000000000000000000e+00
1.000000000000000000e+00
9.575600256077098082e-01
9.640793262008698905e-01
9.314319889429681920e-01
1.000000000000000000e+00
9.802979327149722311e-01
9.741692602493362552e-01
1.000000000000000000e+00
1.000000000000000000e+00
9.921996214274765302e-01
1.000000000000000000e+00
9.889813908014010169e-01
1.000000000000000000e+00
9.481346036783052655e-01
1.082428721106299108e+01
-1.021363788207492185e-01
2.600000000000000089e-01
-6.872883997857570648e-03
9.435831592697915271e-01
1.000000000000000000e+00
5.828528650742328399e-01
4.601614303972904052e-01
4.494238228910146238e-01
1.000000000000000000e+00
9.815680292199618906e-01
1.000000000000000000e+00
9.387399405340396408e-01
9.570413284873054982e-01
9.380883083383834142e-01
1.000000000000000000e+00
9.940170796320316748e-01
9.989432991520990068e-01
1.000000000000000000e+00
9.606012780033420517e-01
9.501106595587623938e-01
9.797442240895585241e-01
9.622633647413149083e-01
9.650817489983651853e-01
1.000000000000000000e+00
9.635407109375284662e-01
9.644757489606574641e-01
9.441751514520272393e-01
1.078986636007790878e+01
-1.036069462787896356e-01
2.600000000000000089e-01
2.327551133930683136e-02
9.408981321800606867e-01
1.000000000000000000e+00
5.385878633739806798e-01
4.514449532624500994e-01
5.108568459104183557e-01
1.000000000000000000e+00
1.000000000000000000e+00
1.000000000000000000e+00
9.564809437453564156e-01
9.991315517114054412e-01
9.380788986159157572e-01
9.369832755261550128e-01
1.000000000000000000e+00
9.790811715413237915e-01
9.992528103730933253e-01
9.384408452252642752e-01
9.534515726475950581e-01
9.592427711339424068e-01
9.990983334625191947e-01
9.883374497972537975e-01
9.699429771381574694e-01
1.000000000000000000e+00
9.771078100150475398e-01
8.969849805991965130e-01
1.075551801597342205e+01
-1.040537620004262642e-01
2.600000000000000089e-01
1.962113426998257637e-03
9.550353855876837494e-01
9.316549680889174567e-01
5.465695474560102740e-01
4.629715828127727861e-01
4.543627203506909740e-01
1.000000000000000000e+00
9.687178734126201674e-01
1.000000000000000000e+00
9.418302096770307941e-01
9.558668541700073851e-01
1.000000000000000000e+00
9.970144819145571047e-01
1.000000000000000000e+00
1.000000000000000000e+00
9.953776253759272219e-01
1.000000000000000000e+00
9.442914848953193330e-01
1.000000000000000000e+00
9.708147878096838879e-01
1.000000000000000000e+00
1.000000000000000000e+00
1.000000000000000000e+00
1.000000000000000000e+00
9.207824393692922715e-01
1.072972917458266906e+01
-1.042579174863367264e-01
2.600000000000000089e-01
-8.983525447547435760e-03
9.408725165587424888e-01
1.000000000000000000e+00
5.023404073157754501e-01
4.778285497521649883e-01
5.396117979621192218e-01
1.000000000000000000e+00
9.427826583629919099e-01
9.380967946071420149e-01
1.000000000000000000e+00
1.000000000000000000e+00
1.000000000000000000e+00
1.000000000000000000e+00
1.000000000000000000e+00
9.885746094893954616e-01
1.000000000000000000e+00
9.379598126553135851e-01
9.344502353863263222e-01
1.000000000000000000e+00
9.957649532262854430e-01
9.373380603920440368e-01
1.000000000000000000e+00
9.743288947126824695e-01
1.000000000000000000e+00
9.575501880877572702e-01
1.070385734705070924e+01
-1.051416696137277285e-01
2.600000000000000089e-01
8.821480907499790192e-03
1.000000000000000000e+00
1.000000000000000000e+00
4.781012387847266565e-01
5.344257691422976686e-01
4.340307083943900079e-01
9.660201167064587091e-01
9.448465313305164370e-01
9.366898508406462653e-01
9.528575603977719188e-01
1.000000000000000000e+00
9.848259844282044595e-01
9.309483048841811215e-01
1.000000000000000000e+00
1.000000000000000000e+00
1.000000000000000000e+00
1.000000000000000000e+00
9.813474303868110482e-01
9.592594502532805212e-01
1.000000000000000000e+00
1.000000000000000000e+00
9.948705947122660209e-01
9.553973686829416723e-01
9.660098363025398926e-01
9.097089558715739654e-01
1.066924886615489854e+01
-1.063647742120599204e-01
2.600000000000000089e-01
1.696721091866493225e-02
9.332444310245764374e-01
9.779755893493626839e-01
4.752679587429534114e-01
5.210518750827749512e-01
4.634898092735794672e-01
9.938610230109322652e-01
1.000000000000000000e+00
9.547850174610916785e-01
1.000000000000000000e+00
1.000000000000000000e+00
1.000000000000000000e+00
1.000000000000000000e+00
1.000000000000000000e+00
1.000000000000000000e+00
9.820591887574271484e-01
1.000000000000000000e+00
1.000000000000000000e+00
9.617614599173892609e-01
9.829284029852756177e-01
1.000000000000000000e+00
1.000000000000000000e+00
9.408040991747366188e-01
1.000000000000000000e+00
9.695902235449429529e-01
1.063494890175151220e+01
-1.068283902307909372e-01
2.600000000000000089e-01
-6.155200768262147903e-03
9.379030549416466078e-01
9.384810301788342191e-01
4.206632540138949827e-01
5.076970244571674673e-01
4.495684659878392275e-01
1.000000000000000000e+00
1.000000000000000000e+00
1.000000000000000000e+00
1.000000000000000000e+00
9.821027430439285277e-01
9.749438163304330329e-01
1.000000000000000000e+00
1.000000000000000000e+00
9.774062798643833316e-01
9.296550564596506305e-01
1.000000000000000000e+00
9.323686182017663082e-01
9.829338880059684813e-01
9.866221255370398735e-01
9.935687954976076819e-01
9.825904947393987454e-01
9.899906065871579841e-01
9.568140951180093001e-01
9.228190775556461833e-01
1.060911399374266750e+01
-1.076716683257585849e-01
2.600000000000000089e-01
5.063267890363931656e-03
1.000000000000000000e+00
4.947181060019580356e-01
4.776881484257745614e-01
4.500575342649925092e-01
5.075174022486085290e-01
1.000000000000000000e+00
1.000000000000000000e+00
1.000000000000000000e+00
1.000000000000000000e+00
1.000000000000000000e+00
9.968346024449109555e-01
9.578127727605890707e-01
1.000000000000000000e+00
9.874212300704404699e-01
1.000000000000000000e+00
1.000000000000000000e+00
9.769178615828364443e-01
9.874959076402215485e-01
9.435759460130267451e-01
9.711421174308335624e-01
9.932289710420468820e-01
1.000000000000000000e+00
1.000000000000000000e+00
9.723274212512054149e-01
1.058323580050108959e+01
-1.080603907826467314e-01
2.600000000000000089e-01
-7.708159275352954865e-03
1.000000000000000000e+00
4.948650838032336852e-01
4.068050844942089905e-01
5.368659471221215451e-01
4.756440892114753294e-01
1.000000000000000000e+00
9.911210511747395868e-01
1.000000000000000000e+00
1.000000000000000000e+00
1.000000000000000000e+00
1.000000000000000000e+00
1.000000000000000000e+00
9.866762587536268558e-01
9.407186436357133363e-01
9.342448000487114657e-01
9.755467289789615526e-01
1.000000000000000000e+00
1.000000000000000000e+00
9.387258872336425863e-01
1.000000000000000000e+00
1.000000000000000000e+00
1.000000000000000000e+00
1.000000000000000000e+00
1.000000000000000000e+00
1.054887292187765802e+01
-1.067020161724592242e-01
2.599999690055847523e-01
-7.032568100839853287e-03
1.000000000000000000e+00
5.694037429591469746e-01
4.846698715455129425e-01
4.192983794671300557e-01
5.514189248404319788e-01
1.000000000000000000e+00
1.000000000000000000e+00
1.000000000000000000e+00
9.808278381697939086e-01
9.958374861162245795e-01
9.576389582706912318e-01
1.000000000000000000e+00
1.000000000000000000e+00
1.000000000000000000e+00
1.000000000000000000e+00
9.532417049247017271e-01
1.000000000000000000e+00
9.525030739993037843e-01
9.523745169773217834e-01
1.000000000000000000e+00
1.000000000000000000e+00
1.000000000000000000e+00
9.771999866320318917e-01
9.377437248355493526e-01
1.052308974223291749e+01
-1.071539297907495580e-01
2.599999690055847523e-01
-5.459598614834249020e-04
1.000000000000000000e+00
4.609858437183942947e-01
3.995576010392661859e-01
5.123400293904658565e-01
4.967253653727267682e-01
9.907498529936098475e-01
1.000000000000000000e+00
1.000000000000000000e+00
9.891220174365712436e-01
9.594072976362285621e-01
9.683071014016971789e-01
1.000000000000000000e+00
1.000000000000000000e+00
1.000000000000000000e+00
1.000000000000000000e+00
1.000000000000000000e+00
9.549592183138734258e-01
9.359833156592939352e-01
9.852662259361361086e-01
1.000000000000000000e+00
1.000000000000000000e+00
9.303171124197200381e-01
1.000000000000000000e+00
9.015415028673826603e-01
1.049722126230830277e+01
-1.071955748935757846e-01
2.600000000000000089e-01
-9.043033234775066376e-03
1.000000000000000000e+00
4.725012609590712453e-01
4.090496316304516600e-01
4.383434302412406725e-01
1.000000000000000000e+00
9.620358669421061881e-01
9.308186228664168116e-01
1.000000000000000000e+00
9.478968717383463582e-01
9.845795186224525208e-01
1.000000000000000000e+00
1.000000000000000000e+00
1.000000000000000000e+00
1.000000000000000000e+00
9.647424862998821293e-01
1.000000000000000000e+00
1.000000000000000000e+00
1.000000000000000000e+00
1.000000000000000000e+00
9.305668094096587462e-01
9.695824679680223879e-01
1.000000000000000000e+00
1.000000000000000000e+00
9.646600271565494156e-01
1.046256953470272322e+01
-1.043012641549747599e-01
2.600000000000000089e-01
-2.898496016860008240e-02
9.385855425787726913e-01
5.311643745316196874e-01
4.151728128192356815e-01
4.364369665623320516e-01
1.000000000000000000e+00
9.514248416125756780e-01
9.331075900887401131e-01
1.000000000000000000e+00
9.571126992048516469e-01
1.000000000000000000e+00
9.993795416793698205e-01
9.770714346782886084e-01
9.549126369455447350e-01
1.000000000000000000e+00
9.516821527816218262e-01
9.547762433567328344e-01
1.000000000000000000e+00
1.000000000000000000e+00
9.871637376287606402e-01
9.459156044336113345e-01
9.720970554225999427e-01
9.575378207724171142e-01
1.000000000000000000e+00
9.090437624032546848e-01
1.043670730578588213e+01
-1.033152203291245463e-01
2.600000000000000089e-01
1.648734672926366329e-03
9.644057829091682299e-01
4.833402828729659872e-01
4.317749193456541512e-01
4.879649277139752050e-01
9.522810122869017624e-01
9.362934494688212039e-01
9.537782932712142170e-01
1.000000000000000000e+00
1.000000000000000000e+00
1.000000000000000000e+00
1.000000000000000000e+00
9.867219487181548843e-01
9.689249262540257090e-01
9.511596311674096471e-01
1.000000000000000000e+00
9.462574590136106911e-01
1.000000000000000000e+00
1.000000000000000000e+00
9.772026022264342915e-01
9.696796426151438331e-01
9.378081235654894821e-01
1.000000000000000000e+00
1.000000000000000000e+00
1.000000000000000000e+00
1.040233830694216444e+01
-1.040367824414434317e-01
2.600000000000000089e-01
-4.133912269026041031e-03
1.000000000000000000e+00
5.238723898592213546e-01
4.483372371184676242e-01
4.128118367494359453e-01
1.000000000000000000e+00
9.716300011831057182e-01
9.644665600360176061e-01
1.000000000000000000e+00
1.000000000000000000e+00
9.613944013273879596e-01
1.000000000000000000e+00
9.982968901074285029e-01
1.000000000000000000e+00
9.689953963772962586e-01
9.615248293198693785e-01
9.425129111620014211e-01
1.000000000000000000e+00
9.923818877640998570e-01
1.000000000000000000e+00
1.000000000000000000e+00
1.000000000000000000e+00
1.000000000000000000e+00
1.000000000000000000e+00
1.000000000000000000e+00
1.037646835349000796e+01
-1.053039830489472806e-01
2.600000000000000089e-01
1.917809434235095978e-02
1.000000000000000000e+00
5.187184607037625961e-01
4.138831678318983243e-01
4.544393856449748248e-01
9.462146813974505744e-01
1.000000000000000000e+00
9.444859672511498605e-01
9.735460021227640981e-01
9.547181666501656228e-01
1.000000000000000000e+00
9.561118229735025009e-01
1.000000000000000000e+00
9.945024681967760127e-01
9.407856083870648201e-01
9.734197012210338285e-01
1.000000000000000000e+00
1.000000000000000000e+00
1.000000000000000000e+00
1.000000000000000000e+00
9.813823741564224878e-01
9.541670841980499640e-01
9.315541352260782171e-01
1.000000000000000000e+00
9.623291433366958358e-01
1.035065176927069786e+01
-1.067270890687939122e-01
2.600000000000000089e-01
2.104102633893489838e-02
4.758348675652376847e-01
4.014809411036728837e-01
3.724302596442084501e-01
4.755191388167115396e-01
1.000000000000000000e+00
9.807359066550327409e-01
1.000000000000000000e+00
9.356899396324130924e-01
1.000000000000000000e+00
9.861326908314781425e-01
9.858203169188790582e-01
9.444896465653643824e-01
1.000000000000000000e+00
9.884394114865998615e-01
9.327613695482972478e-01
1.000000000000000000e+00
1.000000000000000000e+00
1.000000000000000000e+00
1.000000000000000000e+00
1.000000000000000000e+00
9.512010254906051454e-01
9.692418590036341319e-01
1.000000000000000000e+00
1.000000000000000000e+00
1.031637307782175128e+01
-1.081031454068446251e-01
2.600000000000000089e-01
-1.438602805137634277e-02
5.293527399742206097e-01
4.406522034765955609e-01
4.805714502887696304e-01
5.498853384449535753e-01
9.977563840241003845e-01
1.000000000000000000e+00
9.675285961006107049e-01
1.000000000000000000e+00
1.000000000000000000e+00
9.537207972927073119e-01
9.937867760109385662e-01
1.000000000000000000e+00
9.357902667038656697e-01
9.900782082129190309e-01
9.920501221285372706e-01
1.000000000000000000e+00
1.000000000000000000e+00
1.000000000000000000e+00
9.392452026511151075e-01
1.000000000000000000e+00
1.000000000000000000e+00
1.000000000000000000e+00
9.792110903570094838e-01
1.000000000000000000e+00
1.029049319506350102e+01
-1.068930187539960386e-01
2.600000000000000089e-01
-2.119678817689418793e-02
4.411124957279293768e-01
5.101505464265050360e-01
4.010580830764349791e-01
5.004879400893355035e-01
1.000000000000000000e+00
1.000000000000000000e+00
1.000000000000000000e+00
9.815979154351651692e-01
9.801798122215138465e-01
1.000000000000000000e+00
9.936563501767238238e-01
9.958595226491295804e-01
1.000000000000000000e+00
1.000000000000000000e+00
1.000000000000000000e+00
1.000000000000000000e+00
1.000000000000000000e+00
9.574232266550393167e-01
9.385818016060037960e-01
9.694330576088446838e-01
1.000000000000000000e+00
9.294982244427688611e-01
9.980745631936388529e-01
9.984984309479024711e-01
1.025583772940420424e+01
-1.031494010850972920e-01
2.600000000000000089e-01
-2.844267711043357849e-02
4.367372056461072960e-01
4.418340486050610916e-01
5.092328101294139042e-01
4.969415294892129964e-01
9.456465650808533185e-01
9.343722158643472664e-01
9.742049760956444926e-01
1.000000000000000000e+00
1.000000000000000000e+00
1.000000000000000000e+00
9.950752995211893381e-01
1.000000000000000000e+00
9.886907016854217245e-01
1.000000000000000000e+00
1.000000000000000000e+00
9.526488538296343789e-01
9.873848837136717238e-01
1.000000000000000000e+00
9.346290940106387612e-01
9.975837451400547673e-01
1.000000000000000000e+00
1.000000000000000000e+00
9.972018521407572944e-01
9.603159299322746589e-01
1.022149810772479839e+01
-9.921224461349620327e-02
2.600000000000000089e-01
-3.919044882059097290e-02
4.518530469228427826e-01
3.747743990867023478e-01
4.242173263608666756e-01
4.726170349054618081e-01
1.000000000000000000e+00
9.731195755794975755e-01
9.401796420293306866e-01
1.000000000000000000e+00
1.000000000000000000e+00
1.000000000000000000e+00
1.000000000000000000e+00
1.000000000000000000e+00
1.000000000000000000e+00
9.946769740154923767e-01
9.476117958962360088e-01
1.000000000000000000e+00
1.000000000000000000e+00
1.000000000000000000e+00
9.344895018482020088e-01
1.000000000000000000e+00
9.823926026353216878e-01
9.951666090989442770e-01
1.000000000000000000e+00
9.780949429470009449e-01
1.018703707177441053e+01
-9.475568729119698830e-02
2.600000000000000089e-01
-4.060759022831916809e-02
4.899393637080295405e-01
4.564100702414817801e-01
4.972470188596814222e-01
4.842157846515267594e-01
1.000000000000000000e+00
9.338855468840927543e-01
1.000000000000000000e+00
9.699044528295648337e-01
9.912238199809823014e-01
9.593342704231061502e-01
1.000000000000000000e+00
9.855090141432462092e-01
1.000000000000000000e+00
1.000000000000000000e+00
1.000000000000000000e+00
9.577868012962861277e-01
9.322629306006914307e-01
9.527128353426235208e-01
9.863038639178697276e-01
9.817835513794203051e-01
1.000000000000000000e+00
9.941229507206523763e-01
9.500298350311364715e-01
9.645136805545443393e-01
1.016114298578851383e+01
-9.077515737582242394e-02
2.600000000000000089e-01
-3.305932506918907166e-02
5.364040963540874785e-01
4.522912760700789625e-01
4.527087222049666626e-01
5.144648073458578663e-01
1.000000000000000000e+00
9.829849344656896859e-01
1.000000000000000000e+00
9.845898717421640578e-01
9.414612553073148371e-01
1.000000000000000000e+00
1.000000000000000000e+00
1.000000000000000000e+00
1.000000000000000000e+00
9.340373722602485218e-01
1.000000000000000000e+00
1.000000000000000000e+00
9.955360962215638043e-01
1.000000000000000000e+00
9.954460308150776537e-01
1.000000000000000000e+00
9.394566233673078415e-01
9.945750132057477044e-01
9.811901953974491164e-01
9.299391339859448546e-01
1.012648163700421300e+01
-8.652534019008850663e-02
2.600000000000000089e-01
-3.220556303858757019e-02
4.757289637802668558e-01
4.092752032410252871e-01
4.680186551788280691e-01
9.755291188932682100e-01
9.341016499588062905e-01
9.805274389293964221e-01
9.967295224883770954e-01
1.000000000000000000e+00
9.549326601117067437e-01
1.000000000000000000e+00
1.000000000000000000e+00
1.000000000000000000e+00
1.000000000000000000e+00
1.000000000000000000e+00
9.386159278039329923e-01
9.577868417647382726e-01
9.746870821101764060e-01
1.000000000000000000e+00
9.933672977782095348e-01
1.000000000000000000e+00
9.366777512264382599e-01
1.000000000000000000e+00
1.000000000000000000e+00
1.000000000000000000e+00
1.010058957191341023e+01
-8.327261392789253591e-02
2.600000000000000089e-01
-4.226357862353324890e-02
4.652035617069645856e-01
4.252932342415402522e-01
5.177285523316880189e-01
9.482908033458892216e-01
1.000000000000000000e+00
9.293391380962311432e-01
9.647846819369638727e-01
9.609507191058082043e-01
1.000000000000000000e+00
1.000000000000000000e+00
1.000000000000000000e+00
9.653468688618033200e-01
9.569094295769557945e-01
1.000000000000000000e+00
9.380295467020314248e-01
9.390720467180967423e-01
9.606509493653482279e-01
1.000000000000000000e+00
1.000000000000000000e+00
1.000000000000000000e+00
1.000000000000000000e+00
1.000000000000000000e+00
9.726537453966140889e-01
9.533900975538683875e-01
1.006605981966390573e+01
-8.137902184343515088e-02
2.599999690055847523e-01
9.659003466367721558e-03
5.094253395655299332e-01
4.371445192283825443e-01
4.131350728116965354e-01
9.477356552723431582e-01
1.000000000000000000e+00
1.000000000000000000e+00
9.782764100829129950e-01
1.000000000000000000e+00
1.000000000000000000e+00
9.850766199615336172e-01
1.000000000000000000e+00
9.671846327353518236e-01
1.000000000000000000e+00
1.000000000000000000e+00
1.000000000000000000e+00
1.000000000000000000e+00
9.983700178578536200e-01
1.000000000000000000e+00
1.000000000000000000e+00
9.907158715689402539e-01
9.946796114657913135e-01
9.775715044386824593e-01
9.700489412318290539e-01
9.861444014079889797e-01
1.004020334697365335e+01
-8.303091817866237179e-02
2.599999690055847523e-01
3.045401535928249359e-02
4.457915733788286317e-01
4.822231721107733127e-01
4.404374140400840743e-01
1.000000000000000000e+00
1.000000000000000000e+00
1.000000000000000000e+00
9.791549095264160396e-01
9.979323150008150289e-01
1.000000000000000000e+00
1.000000000000000000e+00
1.000000000000000000e+00
9.517095698875862597e-01
9.347866824368828986e-01
1.000000000000000000e+00
1.000000000000000000e+00
1.000000000000000000e+00
1.000000000000000000e+00
9.896294447574823794e-01
9.294616297171641728e-01
9.581123141747047711e-01
1.000000000000000000e+00
9.592370803142998836e-01
9.846517303501532981e-01
9.658715410196782036e-01
1.001440580475592412e+01
-8.546109754051389729e-02
2.600000000000000089e-01
-8.376255631446838379e-03
4.798127469562066816e-01
4.602508406012350561e-01
4.159050496541882302e-01
9.903496345880989926e-01
1.000000000000000000e+00
9.392190861763796139e-01
9.727725385272817382e-01
9.633315094110300736e-01
1.000000000000000000e+00
9.699809435863052665e-01
9.699844475457428672e-01
9.481515050917808107e-01
9.972933253794352693e-01
1.000000000000000000e+00
1.000000000000000000e+00
1.000000000000000000e+00
9.364304594806253101e-01
1.000000000000000000e+00
9.465803765625950827e-01
9.465745191058375640e-01
1.000000000000000000e+00
9.573223366647992671e-01
1.000000000000000000e+00
1.000000000000000000e+00
9.979931405432699520e+00
-8.500942556311796849e-02
2.599999690055847523e-01
-9.366426616907119751e-03
4.333028682916711949e-01
4.777028837506095416e-01
4.641722676477799681e-01
1.000000000000000000e+00
9.520559835029139828e-01
9.363430884357372141e-01
9.965614407769596284e-01
9.390750756381648356e-01
9.711343629638881092e-01
9.980902157186521961e-01
1.000000000000000000e+00
1.000000000000000000e+00
9.397664736725886980e-01
1.000000000000000000e+00
9.330271474202876947e-01
9.892501275210526801e-01
9.693697920050207140e-01
1.000000000000000000e+00
9.932211042125169698e-01
1.000000000000000000e+00
1.000000000000000000e+00
1.000000000000000000e+00
1.000000000000000000e+00
9.718137564386735150e-01
9.945297117891600536e+00
-8.576591604112460132e-02
2.600000000000000089e-01
3.837141394615173340e-02
4.784561513046979297e-01
4.874409961684780801e-01
4.791949070764526253e-01
9.445222726792437129e-01
9.992822370828923217e-01
9.839683087177697463e-01
9.525222356898787046e-01
1.000000000000000000e+00
1.000000000000000000e+00
9.444642441135876476e-01
1.000000000000000000e+00
9.903592268089089767e-01
9.612309656942098490e-01
9.577086368541805061e-01
9.541708837047429004e-01
1.000000000000000000e+00
1.000000000000000000e+00
9.470956378155104272e-01
1.000000000000000000e+00
9.783816391562977222e-01
1.000000000000000000e+00
1.000000000000000000e+00
9.419129513888033767e-01
9.301994100318998759e-01
9.919556000326059220e+00
-8.807888905415506287e-02
2.599999380111694403e-01
3.441321197897195816e-03
4.581844759236556874e-01
4.559159803454350124e-01
5.555709862826297973e-01
1.000000000000000000e+00
1.000000000000000000e+00
1.000000000000000000e+00
9.371284389551758354e-01
9.731424413123871409e-01
9.498406970121326953e-01
1.000000000000000000e+00
9.978906252316507297e-01
1.000000000000000000e+00
1.000000000000000000e+00
9.438789385456421988e-01
9.916524697206299255e-01
9.649808607340186750e-01
1.000000000000000000e+00
9.370565632536704825e-01
9.815140994563357202e-01
9.505790896510085686e-01
9.599855097748968280e-01
9.540155397510617918e-01
9.989062501132451866e-01
9.522022501040121600e-01
9.885132503473585075e+00
-8.789325358337052307e-02
2.599999690055847523e-01
-1.872025430202484131e-02
4.659941076744741895e-01
4.626839407732777354e-01
4.536611241504208691e-01
1.000000000000000000e+00
1.000000000000000000e+00
9.780360936810268413e-01
9.712099521814666625e-01
1.000000000000000000e+00
9.847939210522832498e-01
9.909453902358562605e-01
9.827086730284844140e-01
1.000000000000000000e+00
9.881049754665929274e-01
1.000000000000000000e+00
9.966844610350624745e-01
9.573344282171187825e-01
9.963340069139298150e-01
1.000000000000000000e+00
1.000000000000000000e+00
1.000000000000000000e+00
1.000000000000000000e+00
1.000000000000000000e+00
9.478540556233331360e-01
9.692797786190990861e-01
9.859195502504677577e+00
-8.788314979925715420e-02
2.599999690055847523e-01
7.264528423547744751e-03
4.524067052173971759e-01
3.862851659957101114e-01
4.808396815247302780e-01
1.000000000000000000e+00
1.000000000000000000e+00
1.000000000000000000e+00
9.456210714302801801e-01
9.610952335553045733e-01
9.677999325151371846e-01
9.566092364079754606e-01
9.793924203479565938e-01
1.000000000000000000e+00
9.860613215759570505e-01
1.000000000000000000e+00
1.000000000000000000e+00
9.815944224449513200e-01
1.000000000000000000e+00
9.513616349580991116e-01
1.000000000000000000e+00
1.000000000000000000e+00
1.000000000000000000e+00
1.000000000000000000e+00
9.694835364133151945e-01
1.000000000000000000e+00
9.833324632086364758e+00
-8.680197714315784907e-02
2.599999690055847523e-01
-1.236771419644355774e-02
3.895662524667806159e-01
4.395331983033409218e-01
9.703047626392151681e-01
9.602016045350368900e-01
9.412817916747793223e-01
1.000000000000000000e+00
9.647051368167005592e-01
9.606774435670338841e-01
9.930723524603941588e-01
9.654062529828025818e-01
9.372280930467485893e-01
9.985360794288780095e-01
1.000000000000000000e+00
1.000000000000000000e+00
1.000000000000000000e+00
1.000000000000000000e+00
9.579867536682572515e-01
9.540114211529705512e-01
9.638292561542728398e-01
9.909778176488891477e-01
1.000000000000000000e+00
1.000000000000000000e+00
1.000000000000000000e+00
1.000000000000000000e+00
9.798969667154882046e+00
-8.722521054270471197e-02
2.600000000000000089e-01
7.200829219073057175e-03
3.936403731654310456e-01
5.039929892808838741e-01
9.984482760645796429e-01
1.000000000000000000e+00
9.386571793968357946e-01
1.000000000000000000e+00
1.000000000000000000e+00
1.000000000000000000e+00
1.000000000000000000e+00
9.813482488554506888e-01
9.539276930511274566e-01
1.000000000000000000e+00
9.891968796043304479e-01
9.444177256551474775e-01
9.411205885864387666e-01
1.000000000000000000e+00
9.483945203643442401e-01
9.669669894305680247e-01
1.000000000000000000e+00
1.000000000000000000e+00
9.848949789989484005e-01
9.321410903054655472e-01
9.493158741595131289e-01
9.771639582005666735e-01
9.773076927217243082e+00
-9.250136358945182380e-02
2.599997830390930464e-01
7.053062319755554199e-02
4.832410732145112076e-01
5.204776449625372337e-01
9.835744184173285110e-01
9.964472725066159109e-01
1.000000000000000000e+00
1.000000000000000000e+00
1.000000000000000000e+00
9.455288179891578881e-01
1.000000000000000000e+00
1.000000000000000000e+00
9.798184842734684041e-01
9.669223706218991188e-01
9.559096296378328805e-01
9.289917222027712640e-01
1.000000000000000000e+00
9.737803844688246446e-01
9.750396842946108533e-01
9.912196035530668192e-01
9.704522877533255931e-01
9.924939269294387190e-01
9.680816260122925287e-01
1.000000000000000000e+00
1.000000000000000000e+00
9.619896891547015105e-01
9.738391644604959652e+00
-9.625343767117078286e-02
2.599997210502624778e-01
-7.168562151491641998e-03
4.402738066330479372e-01
5.187643304993221349e-01
9.556324414243337895e-01
9.417224582270922184e-01
1.000000000000000000e+00
1.000000000000000000e+00
1.000000000000000000e+00
9.467390322381374901e-01
9.383663710621087395e-01
1.000000000000000000e+00
9.478504712779797226e-01
9.344745847721812604e-01
1.000000000000000000e+00
9.526831785325315938e-01
9.509985754891110421e-01
1.000000000000000000e+00
9.703007792342118742e-01
1.000000000000000000e+00
9.938258591406875508e-01
9.676805902936246317e-01
9.330740927365898107e-01
1.000000000000000000e+00
9.361582572592761498e-01
9.488595923680733790e-01
9.712543878899182914e+00
-9.807759606534194319e-02
2.599996900558471657e-01
3.221119195222854614e-02
3.679154778675087223e-01
4.324721660311094396e-01
9.525035285351710623e-01
9.745914545170180077e-01
9.340180384524343626e-01
1.000000000000000000e+00
9.381339011423440732e-01
9.426966064456699934e-01
9.929433292845669667e-01
9.542823851918289524e-01
9.685033047020112917e-01
1.000000000000000000e+00
9.799682979485988543e-01
1.000000000000000000e+00
1.000000000000000000e+00
9.713667755198945875e-01
9.966794305215908034e-01
9.319636131783984867e-01
1.000000000000000000e+00
1.000000000000000000e+00
9.729498131880325307e-01
1.000000000000000000e+00
1.000000000000000000e+00
9.768443868486780257e-01
9.686723101953498727e+00
-1.011553018700412920e-01
2.599996280670165971e-01
1.926400512456893921e-02
3.667091261136117830e-01
5.110285781929209126e-01
9.684288910940842543e-01
9.389124984286311149e-01
9.449745810411825930e-01
9.736276285605258707e-01
1.000000000000000000e+00
9.844009410390360815e-01
9.605272243135832833e-01
1.000000000000000000e+00
9.990830623104676178e-01
9.386352115154327214e-01
1.000000000000000000e+00
9.658199788720579493e-01
1.000000000000000000e+00
1.000000000000000000e+00
1.000000000000000000e+00
1.000000000000000000e+00
1.000000000000000000e+00
1.000000000000000000e+00
1.000000000000000000e+00
9.853522970369094081e-01
9.407230176958921719e-01
9.847623815824838589e-01
9.660830292746277692e+00
-1.036074442571246479e-01
2.599997520446777344e-01
2.144368924200534821e-02
4.305904683829550050e-01
4.868425344427896317e-01
1.000000000000000000e+00
1.000000000000000000e+00
9.930040586354900167e-01
9.588861228774375745e-01
9.647609666606781209e-01
1.000000000000000000e+00
9.896988384722106291e-01
1.000000000000000000e+00
1.000000000000000000e+00
9.778236568722850075e-01
9.466265621488701987e-01
9.404195283428010699e-01
9.959328067156771880e-01
1.000000000000000000e+00
9.465432440359862198e-01
9.707438371593105630e-01
9.756808644321482982e-01
1.000000000000000000e+00
9.962991873866273718e-01
1.000000000000000000e+00
1.000000000000000000e+00
1.000000000000000000e+00
9.626467219276090503e+00
-1.022825986824136280e-01
2.599996590614319092e-01
-3.471606597304344177e-02
4.831804405637711852e-01
5.537809355324494476e-01
1.000000000000000000e+00
1.000000000000000000e+00
9.666722189004975929e-01
9.423724547248412131e-01
9.575989955740695780e-01
1.000000000000000000e+00
1.000000000000000000e+00
1.000000000000000000e+00
9.396984506369114865e-01
9.973138466304032335e-01
1.000000000000000000e+00
1.000000000000000000e+00
9.679280206999211211e-01
9.630520595971108211e-01
9.735142247997459197e-01
9.323267593168061973e-01
9.832961001405035040e-01
1.000000000000000000e+00
1.000000000000000000e+00
1.000000000000000000e+00
9.759223857575805017e-01
1.000000000000000000e+00
9.600676056504235945e+00
-1.023420644219035225e-01
2.599997520446777344e-01
1.016713585704565048e-02
5.120492634773962104e-01
5.388205548197438910e-01
9.394201621992418483e-01
1.000000000000000000e+00
9.323990880731048980e-01
9.954841074391932443e-01
1.000000000000000000e+00
1.000000000000000000e+00
9.876551438760853285e-01
1.000000000000000000e+00
9.688080895127539893e-01
1.000000000000000000e+00
9.516914920456901461e-01
1.000000000000000000e+00
1.000000000000000000e+00
9.659187981509604892e-01
9.290215779666286533e-01
9.931583200264825217e-01
9.675605611701725284e-01
9.546873891397734679e-01
9.849101223290823715e-01
9.830744381906301177e-01
9.485804450551162947e-01
9.302899131436913605e-01
9.566285197137217367e+00
-1.060611916212588213e-01
2.599998140335083030e-01
3.324006870388984680e-02
4.958982528781178400e-01
1.000000000000000000e+00
9.544859342674738567e-01
1.000000000000000000e+00
9.308327585167702756e-01
9.974667221823778629e-01
1.000000000000000000e+00
1.000000000000000000e+00
1.000000000000000000e+00
9.568592545732554910e-01
9.653432983593450700e-01
1.000000000000000000e+00
9.998453096494515080e-01
9.550422428315012979e-01
1.000000000000000000e+00
1.000000000000000000e+00
9.530082505771533263e-01
1.000000000000000000e+00
1.000000000000000000e+00
9.979752295939228190e-01
1.000000000000000000e+00
9.776535737036043949e-01
1.000000000000000000e+00
9.888393640560496634e-01
9.540386939143591150e+00
-1.068683623195636478e-01
2.599996590614319092e-01
-8.161477744579315186e-03
4.297616384796617561e-01
1.000000000000000000e+00
9.764240004835765818e-01
1.000000000000000000e+00
9.804646406118422419e-01
9.576437228312345562e-01
1.000000000000000000e+00
9.762100042389467713e-01
1.000000000000000000e+00
1.000000000000000000e+00
1.000000000000000000e+00
9.394061752276190447e-01
9.952044788931090347e-01
9.875308528750458281e-01
1.000000000000000000e+00
9.589667105363034461e-01
9.497994181440297945e-01
9.338874970490086413e-01
9.320358481439176002e-01
1.000000000000000000e+00
1.000000000000000000e+00
1.000000000000000000e+00
1.000000000000000000e+00
1.000000000000000000e+00
9.514576536280447527e+00
-1.075365412640914009e-01
2.599999380111694403e-01
1.454553660005331039e-02
4.050544277402331472e-01
1.000000000000000000e+00
9.550124172532834521e-01
9.462303575526842536e-01
1.000000000000000000e+00
1.000000000000000000e+00
1.000000000000000000e+00
9.611976066965931542e-01
1.000000000000000000e+00
9.615897165470629337e-01
9.755962947714962308e-01
1.000000000000000000e+00
1.000000000000000000e+00
1.000000000000000000e+00
1.000000000000000000e+00
9.849885889510457959e-01
9.737259170299109590e-01
1.000000000000000000e+00
9.477952598997303468e-01
1.000000000000000000e+00
9.785347289778875135e-01
9.751549974333507675e-01
1.000000000000000000e+00
1.000000000000000000e+00
9.480026701257786570e+00
-1.115363461156562153e-01
2.599999380111694403e-01
2.985781803727149963e-02
4.857413398303139229e-01
9.756936694117898101e-01
9.553595936521126486e-01
1.000000000000000000e+00
1.000000000000000000e+00
1.000000000000000000e+00
9.894932261735576162e-01
9.896667716632885359e-01
9.292164330735356303e-01
9.463471230159081760e-01
9.517441456368552766e-01
9.493808734689154205e-01
1.000000000000000000e+00
1.000000000000000000e+00
9.741913407597574404e-01
1.000000000000000000e+00
1.000000000000000000e+00
1.000000000000000000e+00
9.908000435440050824e-01
9.802265970920355231e-01
1.000000000000000000e+00
9.406228606995857833e-01
9.566762297573586649e-01
1.000000000000000000e+00
9.445673341741530393e+00
-1.141532334520811709e-01
2.599999690055847523e-01
1.369260251522064209e-02
4.198821871183260890e-01
9.354234237799390339e-01
1.000000000000000000e+00
1.000000000000000000e+00
1.000000000000000000e+00
1.000000000000000000e+00
9.943295519313012365e-01
9.309119915538044410e-01
9.885469500512692465e-01
9.859704623302988358e-01
1.000000000000000000e+00
9.335012865620571088e-01
9.620148891792933421e-01
1.000000000000000000e+00
9.606279759369173998e-01
1.000000000000000000e+00
1.000000000000000000e+00
9.290104756132361308e-01
1.000000000000000000e+00
1.000000000000000000e+00
1.000000000000000000e+00
1.000000000000000000e+00
9.365338261124852570e-01
1.000000000000000000e+00
9.419867666993942734e+00
-1.153660138007546188e-01
2.599999690055847523e-01
1.688341610133647919e-02
5.825239263332860906e-01
1.000000000000000000e+00
1.000000000000000000e+00
9.340617611222973293e-01
9.541082861934594428e-01
9.870004711180880852e-01
9.435726185168793467e-01
9.444025194141278945e-01
9.392660991736426768e-01
1.000000000000000000e+00
9.865996232135604282e-01
9.298161707805896459e-01
1.000000000000000000e+00
9.930217826955897165e-01
1.000000000000000000e+00
1.000000000000000000e+00
9.310932763968775561e-01
9.662702796408746408e-01
1.000000000000000000e+00
9.780227368980416447e-01
1.000000000000000000e+00
9.635426307028343018e-01
1.000000000000000000e+00
9.710395881650735195e-01
9.394127357514765464e+00
-1.175131166876215438e-01
2.599999070167541837e-01
1.304819621145725250e-02
5.200172437230171640e-01
9.626952119390744800e-01
9.432241838996413552e-01
1.000000000000000000e+00
1.000000000000000000e+00
9.840987356967468846e-01
1.000000000000000000e+00
9.829496218663067442e-01
1.000000000000000000e+00
9.994801088322162741e-01
1.000000000000000000e+00
1.000000000000000000e+00
9.755419098275738277e-01
9.388830398922446419e-01
1.000000000000000000e+00
1.000000000000000000e+00
9.862578813903173369e-01
9.573199432037583501e-01
9.656264281635775770e-01
9.873988034482973353e-01
1.000000000000000000e+00
9.508798404222942313e-01
9.631894279215844623e-01
1.000000000000000000e+00
9.368317486372713887e+00
-1.189700217924580805e-01
2.599999690055847523e-01
-6.297504995018243790e-03
1.000000000000000000e+00
9.945391919966172223e-01
9.824238850860532724e-01
1.000000000000000000e+00
1.000000000000000000e+00
9.501674955686861823e-01
9.498510918379835521e-01
1.000000000000000000e+00
1.000000000000000000e+00
1.000000000000000000e+00
9.953238894404918824e-01
1.000000000000000000e+00
9.508034206491895457e-01
1.000000000000000000e+00
1.000000000000000000e+00
9.845355988481730991e-01
1.000000000000000000e+00
9.619467506139943724e-01
1.000000000000000000e+00
1.000000000000000000e+00
1.000000000000000000e+00
9.361313811184874822e-01
9.855731223447892209e-01
1.000000000000000000e+00
9.333989287943762037e+00
-1.179750226975353478e-01
2.599999690055847523e-01
-6.570476572960615158e-03
1.000000000000000000e+00
1.000000000000000000e+00
9.807288640739485475e-01
1.000000000000000000e+00
9.702281682111212335e-01
9.402018316482961824e-01
1.000000000000000000e+00
9.490706386416893903e-01
9.615833172476241364e-01
9.969482904470249318e-01
1.000000000000000000e+00
9.668817731171499563e-01
1.000000000000000000e+00
9.305056488946130688e-01
9.780439080997930246e-01
1.000000000000000000e+00
1.000000000000000000e+00
9.992408380457273864e-01
9.414843331185950293e-01
9.332053679904989130e-01
9.334519981759262786e-01
1.000000000000000000e+00
1.000000000000000000e+00
9.693667360546304179e-01
9.299627480582708827e+00
-1.069405678586980990e-01
2.600000000000000089e-01
-1.362334936857223511e-01
1.000000000000000000e+00
9.535970078301946318e-01
9.881030720664503164e-01
9.968510450455944083e-01
9.876385815554657999e-01
9.909495999604828187e-01
1.000000000000000000e+00
9.563658669044139415e-01
9.578166048048455394e-01
9.459262884328920595e-01
1.000000000000000000e+00
1.000000000000000000e+00
1.000000000000000000e+00
1.000000000000000000e+00
1.000000000000000000e+00
1.000000000000000000e+00
1.000000000000000000e+00
9.336511303885671742e-01
1.000000000000000000e+00
9.862768064793695499e-01
9.527854436513674141e-01
1.000000000000000000e+00
1.000000000000000000e+00
1.000000000000000000e+00
9.273671691510296355e+00
-9.178527160616489766e-02
2.600000000000000089e-01
-1.721170395612716675e-01
1.000000000000000000e+00
1.000000000000000000e+00
1.000000000000000000e+00
9.481184388967106580e-01
9.327424615656381146e-01
1.000000000000000000e+00
9.643383365937012730e-01
1.000000000000000000e+00
9.368783247315699558e-01
1.000000000000000000e+00
1.000000000000000000e+00
9.645637227336044672e-01
1.000000000000000000e+00
9.886397261986193952e-01
1.000000000000000000e+00
1.000000000000000000e+00
1.000000000000000000e+00
1.000000000000000000e+00
9.337947805337510898e-01
9.783730641401980899e-01
9.914892468343942111e-01
9.768321854916226510e-01
1.000000000000000000e+00
1.000000000000000000e+00
9.247598002828048891e+00
-7.801773889658258909e-02
2.600000000000000089e-01
-1.260867863893508911e-01
1.000000000000000000e+00
9.571063991888281164e-01
9.867218168520276445e-01
1.000000000000000000e+00
9.925111152102710221e-01
9.443421174673796159e-01
1.000000000000000000e+00
9.608905019817797211e-01
9.113904331024820227e-01
9.486968394584556208e-01
1.000000000000000000e+00
1.000000000000000000e+00
9.558903381875285543e-01
9.295939762370925008e-01
1.000000000000000000e+00
9.550815705841043668e-01
9.714289140531736644e-01
1.000000000000000000e+00
1.000000000000000000e+00
1.000000000000000000e+00
1.000000000000000000e+00
9.447465085609474400e-01
1.000000000000000000e+00
9.756797227215466828e-01
9.213075179260812320e+00
-6.348635045865735904e-02
2.599999690055847523e-01
-8.159346878528594971e-02
9.710507497701925672e-01
9.933129823975651584e-01
9.956934443104593635e-01
9.798482933524497174e-01
1.000000000000000000e+00
9.346363761668851078e-01
1.000000000000000000e+00
9.372294794407107776e-01
9.255576715177598057e-01
9.898357745585151246e-01
1.000000000000000000e+00
9.623817240715913934e-01
9.472169119917340785e-01
9.379986832866517021e-01
1.000000000000000000e+00
9.976124623108703071e-01
9.779159042621762277e-01
9.928244556499121742e-01
9.371558735675702412e-01
1.000000000000000000e+00
9.913725647289409748e-01
1.000000000000000000e+00
9.896451013133065189e-01
9.458082123198195967e-01
9.187172040555292796e+00
-5.699769563185963506e-02
2.599999690055847523e-01
-6.409935653209686279e-02
1.000000000000000000e+00
9.519263633948439329e-01
9.932831098507125533e-01
1.000000000000000000e+00
9.797923104133119399e-01
9.475017149518986104e-01
1.000000000000000000e+00
1.000000000000000000e+00
9.611647035352997026e-01
9.185743110140852652e-01
9.756061542347683746e-01
1.000000000000000000e+00
9.914292502175781063e-01
9.769926920507604473e-01
9.864094466507590253e-01
1.000000000000000000e+00
9.746459111565421995e-01
1.000000000000000000e+00
9.503915683323256314e-01
9.531505503828923143e-01
1.000000000000000000e+00
1.000000000000000000e+00
9.617516152296536891e-01
1.000000000000000000e+00
9.152549282413252385e+00
-4.895284223519658084e-02
2.599999380111694403e-01
-6.509570777416229248e-02
9.548139676328084580e-01
9.531957006694364853e-01
1.000000000000000000e+00
1.000000000000000000e+00
9.427382431587477685e-01
1.000000000000000000e+00
9.874916527632950913e-01
1.000000000000000000e+00
9.778494639309623926e-01
1.000000000000000000e+00
1.000000000000000000e+00
1.000000000000000000e+00
1.000000000000000000e+00
9.497459837745925171e-01
1.000000000000000000e+00
1.000000000000000000e+00
1.000000000000000000e+00
1.000000000000000000e+00
9.903876263372284328e-01
9.757061612921399396e-01
9.672527893777294050e-01
1.000000000000000000e+00
1.000000000000000000e+00
9.600553901137988122e-01
9.126478354674723903e+00
-4.520657001867833813e-02
2.599999690055847523e-01
-2.004091255366802216e-02
9.916593234466218876e-01
1.000000000000000000e+00
9.463776878412109017e-01
9.912157127398667500e-01
9.958081683727264544e-01
1.000000000000000000e+00
1.000000000000000000e+00
9.947404264658171735e-01
1.000000000000000000e+00
9.766831723756119743e-01
9.763777801902692177e-01
1.000000000000000000e+00
9.839419260644010068e-01
1.000000000000000000e+00
1.000000000000000000e+00
9.777323411594137648e-01
1.000000000000000000e+00
9.616680091920987161e-01
9.523957636674381666e-01
9.677134815332164575e-01
1.000000000000000000e+00
1.000000000000000000e+00
9.505549062092503165e-01
9.853895511456567391e-01
9.091766705341996158e+00
-4.486266474357281098e-02
2.599999380111694403e-01
3.127237781882286072e-03
1.000000000000000000e+00
1.000000000000000000e+00
9.543568890255716974e-01
9.438515709728539926e-01
9.383689145062147352e-01
1.000000000000000000e+00
1.000000000000000000e+00
1.000000000000000000e+00
9.035787991402965957e-01
8.822318040456881283e-01
1.000000000000000000e+00
9.783504114180777700e-01
9.781388271223736552e-01
1.000000000000000000e+00
1.000000000000000000e+00
1.000000000000000000e+00
1.000000000000000000e+00
9.509972685494821887e-01
9.898773219421174163e-01
9.630200872185259442e-01
9.398701976537312541e-01
1.000000000000000000e+00
1.000000000000000000e+00
9.723949045367447086e-01
9.065812434375875029e+00
-4.438436718014537874e-02
2.599999690055847523e-01
-1.383720897138118744e-02
9.951295848300023561e-01
1.000000000000000000e+00
9.619488758216758750e-01
9.974475360172968541e-01
1.000000000000000000e+00
1.000000000000000000e+00
1.000000000000000000e+00
1.000000000000000000e+00
9.126933313390993563e-01
9.194875779445556008e-01
9.417998657745992874e-01
1.000000000000000000e+00
9.698798476730259299e-01
9.705443042993967540e-01
1.000000000000000000e+00
1.000000000000000000e+00
9.520717597622411210e-01
9.686684683595430112e-01
1.000000000000000000e+00
1.000000000000000000e+00
9.922100850720226850e-01
1.000000000000000000e+00
9.393337888796501334e-01
1.000000000000000000e+00
9.039758953524570373e+00
-4.288643619958110165e-02
2.599999690055847523e-01
-1.882336288690567017e-02
9.963654502722238959e-01
1.000000000000000000e+00
9.566444981627844069e-01
9.963786766394561178e-01
1.000000000000000000e+00
9.342904088016358299e-01
1.000000000000000000e+00
1.000000000000000000e+00
8.345212162369903819e-01
9.661847210220110282e-01
1.000000000000000000e+00
1.000000000000000000e+00
1.000000000000000000e+00
1.000000000000000000e+00
9.779086446376989983e-01
9.689625814291319417e-01
1.000000000000000000e+00
1.000000000000000000e+00
9.308909121856675517e-01
1.000000000000000000e+00
1.000000000000000000e+00
9.782960925634948124e-01
1.000000000000000000e+00
1.000000000000000000e+00
9.005226241602107606e+00
-4.013640468648027593e-02
2.599999690055847523e-01
-1.961668208241462708e-02
1.000000000000000000e+00
1.000000000000000000e+00
1.000000000000000000e+00
1.000000000000000000e+00
9.798276186183143555e-01
1.000000000000000000e+00
1.000000000000000000e+00
1.000000000000000000e+00
9.323680819516627638e-01
9.525038670600941559e-01
9.517370413491458292e-01
9.666049607154114653e-01
9.729284717213262379e-01
1.000000000000000000e+00
1.000000000000000000e+00
1.000000000000000000e+00
9.893685296473603286e-01
1.000000000000000000e+00
1.000000000000000000e+00
9.404587199447441703e-01
9.976976424539828470e-01
1.000000000000000000e+00
9.872286870976124673e-01
1.000000000000000000e+00
8.979314088808273198e+00
-3.885973599326852934e-02
2.599999690055847523e-01
-1.345373410731554031e-02
1.000000000000000000e+00
9.601502364406379053e-01
1.000000000000000000e+00
1.000000000000000000e+00
1.000000000000000000e+00
9.689944239320450459e-01
9.771708697514852604e-01
9.757700655289596181e-01
8.747397280730789815e-01
8.552694336126129837e-01
9.748834073298405789e-01
1.000000000000000000e+00
1.000000000000000000e+00
1.000000000000000000e+00
9.700883668179475228e-01
9.581160150304973699e-01
1.000000000000000000e+00
9.839701630109178865e-01
1.000000000000000000e+00
1.000000000000000000e+00
1.000000000000000000e+00
1.000000000000000000e+00
9.617398125768514827e-01
9.444282786929216744e-01
8.944716483331882628e+00
-3.764555531306701397e-02
2.599999380111694403e-01
-9.756381623446941376e-03
9.612960994663863890e-01
9.816319214267315019e-01
9.324638212858408215e-01
1.000000000000000000e+00
9.711541099096419050e-01
9.960370937770784971e-01
1.000000000000000000e+00
1.000000000000000000e+00
8.598373396153268233e-01
8.223306941372466872e-01
1.000000000000000000e+00
9.849514772874139457e-01
1.000000000000000000e+00
1.000000000000000000e+00
1.000000000000000000e+00
1.000000000000000000e+00
9.953424589901436192e-01
9.959068587613073564e-01
9.541786061971985200e-01
1.000000000000000000e+00
1.000000000000000000e+00
1.000000000000000000e+00
9.952681867758642609e-01
1.000000000000000000e+00
8.918677148616220407e+00
-3.810205097282093334e-02
2.599999690055847523e-01
1.530417613685131073e-02
1.000000000000000000e+00
1.000000000000000000e+00
9.970001739170533117e-01
1.000000000000000000e+00
9.583103240932624445e-01
9.981250511597287156e-01
1.000000000000000000e+00
9.714106077860319433e-01
8.706978867685052359e-01
9.114561895575239436e-01
1.000000000000000000e+00
9.910132794696562275e-01
1.000000000000000000e+00
9.865003571003789773e-01
9.388667682487972233e-01
1.000000000000000000e+00
9.427738036005272049e-01
9.338083369289981173e-01
9.950516917253009463e-01
1.000000000000000000e+00
9.470227956169775529e-01
1.000000000000000000e+00
9.725157785437144042e-01
1.000000000000000000e+00
8.884011998497751250e+00
-4.068195214375514013e-02
2.599999690055847523e-01
2.013972029089927673e-02
9.501227073078103436e-01
1.000000000000000000e+00
9.938001311594771847e-01
9.341315406423918999e-01
9.738954034315350228e-01
9.343224942070660344e-01
9.331673371634650049e-01
9.754795087576837442e-01
8.677032312729439090e-01
9.456952793125588119e-01
1.000000000000000000e+00
9.479646853577774479e-01
9.923115994659853500e-01
1.000000000000000000e+00
1.000000000000000000e+00
1.000000000000000000e+00
1.000000000000000000e+00
1.000000000000000000e+00
9.951197372084524817e-01
9.441245241657885146e-01
9.755622111432317167e-01
9.531495682865424035e-01
9.556008000955069637e-01
9.550299716930803484e-01
8.858045120144552698e+00
-3.866848347749041181e-02
2.599999380111694403e-01
-4.811045154929161072e-02
1.000000000000000000e+00
9.962927737135889306e-01
1.000000000000000000e+00
1.000000000000000000e+00
1.000000000000000000e+00
9.891041730068609317e-01
1.000000000000000000e+00
9.403418697066066034e-01
8.042123587031866361e-01
9.041781681423489703e-01
1.000000000000000000e+00
1.000000000000000000e+00
9.493699735021723374e-01
1.000000000000000000e+00
9.310741610516597433e-01
1.000000000000000000e+00
9.531192977835312163e-01
9.714093713162943455e-01
1.000000000000000000e+00
1.000000000000000000e+00
1.000000000000000000e+00
1.000000000000000000e+00
1.000000000000000000e+00
9.841270632194648593e-01
8.823357422576023623e+00
-3.464522097717281923e-02
2.599999690055847523e-01
-1.444650162011384964e-02
1.000000000000000000e+00
9.738100283769435261e-01
1.000000000000000000e+00
9.873870275344239777e-01
9.587910392542974281e-01
9.447110247655352566e-01
1.000000000000000000e+00
9.384207282679132289e-01
7.542043107290341553e-01
8.768950942470157273e-01
1.000000000000000000e+00
1.000000000000000000e+00
1.000000000000000000e+00
9.471238312010863414e-01
9.309873365171232873e-01
1.000000000000000000e+00
9.765563397015659675e-01
9.460479427258837726e-01
1.000000000000000000e+00
1.000000000000000000e+00
9.346237576287916848e-01
1.000000000000000000e+00
9.347484304632047714e-01
1.000000000000000000e+00
8.797415107324292549e+00
-3.438408521344404889e-02
2.599999070167541837e-01
1.005084440112113953e-02
1.000000000000000000e+00
1.000000000000000000e+00
1.000000000000000000e+00
1.000000000000000000e+00
1.000000000000000000e+00
1.000000000000000000e+00
1.000000000000000000e+00
1.000000000000000000e+00
7.815994975343034668e-01
8.550391900062319639e-01
1.000000000000000000e+00
9.869583677564702784e-01
9.855166979173067832e-01
1.000000000000000000e+00
1.000000000000000000e+00
9.985551033293128542e-01
1.000000000000000000e+00
9.474949849463935037e-01
1.000000000000000000e+00
1.000000000000000000e+00
9.471431205804068387e-01
1.000000000000000000e+00
9.852707935282110085e-01
9.312804286162146283e-01
8.771508178816773693e+00
-3.474828513220939996e-02
2.599999380111694403e-01
-3.275259863585233688e-03
1.000000000000000000e+00
9.667704922117142941e-01
9.986255388291052082e-01
1.000000000000000000e+00
1.000000000000000000e+00
9.680089641638939257e-01
9.757991513325829924e-01
9.973810652475226801e-01
8.633299543431158796e-01
8.775675499884425523e-01
1.000000000000000000e+00
1.000000000000000000e+00
9.385390200952226092e-01
9.419961521136298588e-01
9.430574742993088622e-01
1.000000000000000000e+00
9.761503351639708725e-01
9.616852640610351610e-01
9.769789659015543082e-01
1.000000000000000000e+00
1.000000000000000000e+00
1.000000000000000000e+00
1.000000000000000000e+00
1.000000000000000000e+00
8.736905267423017207e+00
-3.438219288067667634e-02
2.599999380111694403e-01
-6.870062090456485748e-03
1.000000000000000000e+00
1.000000000000000000e+00
9.666384667450987900e-01
1.000000000000000000e+00
1.000000000000000000e+00
9.840208576428869369e-01
9.567492149576983795e-01
9.730804964678659852e-01
7.523475831081979370e-01
7.982604782910254215e-01
9.469663552057074885e-01
9.673522721313906336e-01
9.713579376081354910e-01
1.000000000000000000e+00
1.000000000000000000e+00
1.000000000000000000e+00
9.764237208789156020e-01
9.784624748222092716e-01
1.000000000000000000e+00
1.000000000000000000e+00
1.000000000000000000e+00
9.338356854754696901e-01
1.000000000000000000e+00
1.000000000000000000e+00
8.710846817563449918e+00
-3.337011069055906276e-02
2.599999070167541837e-01
-9.766425937414169312e-03
1.000000000000000000e+00
9.829571880718442900e-01
1.000000000000000000e+00
1.000000000000000000e+00
1.000000000000000000e+00
9.577223208610493588e-01
1.000000000000000000e+00
1.000000000000000000e+00
7.429399222619341714e-01
8.653423116312126684e-01
1.000000000000000000e+00
9.970669532450353589e-01
1.000000000000000000e+00
1.000000000000000000e+00
1.000000000000000000e+00
1.000000000000000000e+00
1.000000000000000000e+00
1.000000000000000000e+00
1.000000000000000000e+00
1.000000000000000000e+00
1.000000000000000000e+00
9.604446303591910317e-01
1.000000000000000000e+00
1.000000000000000000e+00
8.685046464301080960e+00
-3.246067916026440514e-02
2.599999690055847523e-01
6.657646596431732178e-02
1.000000000000000000e+00
9.501551855383969514e-01
9.301582065249771603e-01
9.330462832297659048e-01
9.698935484128865525e-01
9.379959951410364871e-01
9.391224551654389074e-01
1.000000000000000000e+00
7.267992754722658599e-01
8.633857902508579318e-01
1.000000000000000000e+00
1.000000000000000000e+00
1.000000000000000000e+00
9.753209531679365440e-01
9.679166277265690566e-01
1.000000000000000000e+00
1.000000000000000000e+00
9.759642535779714523e-01
9.472683330619819930e-01
1.000000000000000000e+00
9.292669811834494142e-01
9.914025463409751326e-01
1.000000000000000000e+00
1.000000000000000000e+00
8.650327162279170423e+00
-4.003005849425633755e-02
2.599999690055847523e-01
4.065433517098426819e-02
9.865249309909467357e-01
1.000000000000000000e+00
9.753074198258336880e-01
9.925152628209306105e-01
1.000000000000000000e+00
1.000000000000000000e+00
9.365163481517508881e-01
9.832076340603564946e-01
8.247128250146223971e-01
8.476866423918583138e-01
9.782798161418361227e-01
1.000000000000000000e+00
9.973388612055694713e-01
1.000000000000000000e+00
1.000000000000000000e+00
1.000000000000000000e+00
1.000000000000000000e+00
1.000000000000000000e+00
9.907410853454370336e-01
1.000000000000000000e+00
1.000000000000000000e+00
9.917109500197665017e-01
9.901675508866532027e-01
9.322038468324908012e-01
8.624288440603999462e+00
-4.219189691943547871e-02
2.599999690055847523e-01
9.066630154848098755e-03
1.000000000000000000e+00
1.000000000000000000e+00
9.923086338902870063e-01
9.935288690525726496e-01
1.000000000000000000e+00
9.717698575258973959e-01
9.860619775925872910e-01
1.000000000000000000e+00
8.464846218767215769e-01
8.408059140291895828e-01
9.580288363846908295e-01
1.000000000000000000e+00
1.000000000000000000e+00
1.000000000000000000e+00
9.429883708879858162e-01
9.631539447710321111e-01
9.666084048911176563e-01
9.965579863277510553e-01
1.000000000000000000e+00
9.684077492107073803e-01
1.000000000000000000e+00
1.000000000000000000e+00
1.000000000000000000e+00
9.642497925820749938e-01
8.598295756720482075e+00
-4.202377077634444902e-02
2.599999690055847523e-01
-4.311675671488046646e-03
9.608401873532804727e-01
1.000000000000000000e+00
1.000000000000000000e+00
1.000000000000000000e+00
9.430318440899281285e-01
9.351292377097000230e-01
1.000000000000000000e+00
9.562578385699845862e-01
7.728953076452403925e-01
9.016951355788382916e-01
1.000000000000000000e+00
1.000000000000000000e+00
9.918020032935307428e-01
1.000000000000000000e+00
1.000000000000000000e+00
9.928551033413011151e-01
1.000000000000000000e+00
9.507358326856742980e-01
9.571250339480030789e-01
1.000000000000000000e+00
9.973477276984905604e-01
1.000000000000000000e+00
9.297753574478783145e-01
1.000000000000000000e+00
8.572419866984768433e+00
-4.186986776749979100e-02
2.599999690055847523e-01
-5.391070619225502014e-03
1.000000000000000000e+00
1.000000000000000000e+00
9.708706958866599734e-01
1.000000000000000000e+00
9.504399407629519070e-01
1.000000000000000000e+00
1.000000000000000000e+00
1.000000000000000000e+00
7.621804340720513826e-01
8.436525833292657373e-01
1.000000000000000000e+00
9.441455614609622904e-01
9.921539600265878445e-01
1.000000000000000000e+00
9.428677314521031194e-01
9.636907512814127941e-01
9.679999946865868177e-01
1.000000000000000000e+00
1.000000000000000000e+00
9.758264704986778781e-01
1.000000000000000000e+00
1.000000000000000000e+00
9.598602521576155011e-01
1.000000000000000000e+00
8.537857902629834683e+00
-4.027053206325748036e-02
2.599999380111694403e-01
-2.473569847643375397e-02
9.966458463837570836e-01
9.526182779640056664e-01
9.418786305446237295e-01
1.000000000000000000e+00
9.790865183050853071e-01
9.364901609546646410e-01
9.453721742311768095e-01
9.739793930208978656e-01
7.098882514164086555e-01
7.660444113574167435e-01
1.000000000000000000e+00
9.711209446068773676e-01
1.000000000000000000e+00
9.471760855744221219e-01
1.000000000000000000e+00
1.000000000000000000e+00
1.000000000000000000e+00
1.000000000000000000e+00
1.000000000000000000e+00
9.837199061648137510e-01
1.000000000000000000e+00
1.000000000000000000e+00
1.000000000000000000e+00
9.476333713138578307e-01
8.511778192746545457e+00
-3.886304627157732838e-02
2.599999070167541837e-01
7.226008921861648560e-03
1.000000000000000000e+00
9.647251379215878719e-01
1.000000000000000000e+00
9.886206998050813821e-01
1.000000000000000000e+00
9.295774896208385263e-01
1.000000000000000000e+00
8.741322959553444738e-01
7.593857259101267632e-01
7.891736529718010873e-01
1.000000000000000000e+00
9.305286260356682160e-01
9.648490649222154492e-01
9.816290828026801307e-01
9.757526185083694736e-01
1.000000000000000000e+00
9.580780360625509307e-01
1.000000000000000000e+00
1.000000000000000000e+00
1.000000000000000000e+00
9.975487419523805244e-01
9.652306175544324018e-01
1.000000000000000000e+00
1.000000000000000000e+00
8.477335655079269117e+00
-4.331150540963157880e-02
2.599999380111694403e-01
6.790170818567276001e-02
9.632914403550224547e-01
1.000000000000000000e+00
1.000000000000000000e+00
1.000000000000000000e+00
1.000000000000000000e+00
1.000000000000000000e+00
1.000000000000000000e+00
8.541253133556445665e-01
7.757308948621181033e-01
7.585744730433606753e-01
1.000000000000000000e+00
9.664357999799371157e-01
9.374116526724510789e-01
1.000000000000000000e+00
1.000000000000000000e+00
9.703290161940431036e-01
1.000000000000000000e+00
1.000000000000000000e+00
9.351056023442836374e-01
9.860246630210196539e-01
1.000000000000000000e+00
9.795137368241109144e-01
9.888569745045373560e-01
1.000000000000000000e+00
8.442669760864824013e+00
-5.507652802196183472e-02
2.599999380111694403e-01
1.015171855688095093e-01
1.000000000000000000e+00
9.984082635616081669e-01
1.000000000000000000e+00
1.000000000000000000e+00
1.000000000000000000e+00
9.341923535542475676e-01
9.457908250635612690e-01
7.962371866200711468e-01
7.556260364560268838e-01
8.459926376999914455e-01
9.584190611167583418e-01
1.000000000000000000e+00
1.000000000000000000e+00
9.311292809695287387e-01
9.645420392669065146e-01
1.000000000000000000e+00
9.472864965995814179e-01
9.906575964045877258e-01
9.480212390967184266e-01
1.000000000000000000e+00
9.682851037405011407e-01
9.546864048448592266e-01
9.551237537942119937e-01
1.000000000000000000e+00
8.416706005509910327e+00
-6.484882593721419397e-02
2.599999380111694403e-01
9.213752299547195435e-02
9.314754971243471848e-01
1.000000000000000000e+00
1.000000000000000000e+00
9.372480123334424595e-01
9.532841258238319293e-01
9.723830793412429063e-01
9.328536791196118116e-01
7.676374305137352305e-01
6.796517377579842645e-01
7.291029758117916204e-01
9.620066865651004662e-01
1.000000000000000000e+00
1.000000000000000000e+00
9.753967056721047912e-01
9.972331584956926065e-01
1.000000000000000000e+00
1.000000000000000000e+00
9.439258120485722880e-01
9.617046251950558400e-01
1.000000000000000000e+00
9.355531063508221168e-01
9.408823622534784326e-01
1.000000000000000000e+00
1.000000000000000000e+00
8.382521853315431315e+00
-7.020090505125997637e-02
2.599999690055847523e-01
-6.438637524843215942e-02
9.654573052992300175e-01
9.835803192609897661e-01
1.000000000000000000e+00
9.550869554344283419e-01
9.473218342113147727e-01
1.000000000000000000e+00
1.000000000000000000e+00
6.937306764916237878e-01
7.165488398720433194e-01
7.487068399244176664e-01
9.857101850918142949e-01
1.000000000000000000e+00
9.688143055521966085e-01
1.000000000000000000e+00
9.512409078866548295e-01
1.000000000000000000e+00
1.000000000000000000e+00
1.000000000000000000e+00
9.793296231408354924e-01
1.000000000000000000e+00
1.000000000000000000e+00
1.000000000000000000e+00
9.570040677744930946e-01
1.000000000000000000e+00
8.356703992998339103e+00
-7.235277891128255590e-02
2.599999380111694403e-01
7.105872780084609985e-02
9.373938588733727872e-01
1.000000000000000000e+00
1.000000000000000000e+00
1.000000000000000000e+00
1.000000000000000000e+00
9.671424466880985671e-01
9.646803190049070276e-01
7.299559395223257363e-01
7.694447361301681720e-01
7.634893273159245597e-01
9.936125673772283617e-01
9.665374913256556955e-01
9.548537053269329222e-01
9.894100575660323971e-01
1.000000000000000000e+00
9.829672559532437459e-01
1.000000000000000000e+00
1.000000000000000000e+00
9.586638334703853070e-01
9.980535270776079715e-01
9.882093897644879110e-01
9.368168526335771684e-01
1.000000000000000000e+00
9.512601304892845944e-01
8.322283224120322842e+00
-8.519539856473734574e-02
2.599999070167541837e-01
1.146701872348785400e-01
1.000000000000000000e+00
1.000000000000000000e+00
1.000000000000000000e+00
9.449411294400773542e-01
1.000000000000000000e+00
9.966920503641822915e-01
1.000000000000000000e+00
6.320571479591875486e-01
7.019070027030976933e-01
7.382665297972492713e-01
1.000000000000000000e+00
9.427670732450214031e-01
9.530140593036929841e-01
1.000000000000000000e+00
9.352833893061930359e-01
1.000000000000000000e+00
1.000000000000000000e+00
1.000000000000000000e+00
1.000000000000000000e+00
1.000000000000000000e+00
1.000000000000000000e+00
9.402434750056943846e-01
1.000000000000000000e+00
9.741821423846021011e-01
8.296313182043874690e+00
-9.255953723451781912e-02
2.599999690055847523e-01
4.132915660738945007e-02
1.000000000000000000e+00
9.327194915771871431e-01
1.000000000000000000e+00
1.000000000000000000e+00
1.000000000000000000e+00
9.549818064589741251e-01
1.000000000000000000e+00
7.067165558708745632e-01
7.602259844347909468e-01
7.618801746743013581e-01
1.000000000000000000e+00
1.000000000000000000e+00
9.588840734903884000e-01
9.368275128036259725e-01
1.000000000000000000e+00
1.000000000000000000e+00
1.000000000000000000e+00
9.349002991739866486e-01
9.506606745936218017e-01
1.000000000000000000e+00
1.000000000000000000e+00
1.000000000000000000e+00
1.000000000000000000e+00
9.325719174316047244e-01
8.270494629814667320e+00
-9.859400588344602312e-02
2.599999070167541837e-01
7.382865995168685913e-02
1.000000000000000000e+00
1.000000000000000000e+00
9.425025354927255572e-01
9.884550194497376818e-01
9.389717066203335794e-01
1.000000000000000000e+00
9.404221402183642331e-01
7.010933940455666979e-01
7.381115048197571804e-01
8.072959709678479978e-01
9.618139879323942543e-01
1.000000000000000000e+00
1.000000000000000000e+00
1.000000000000000000e+00
1.000000000000000000e+00
9.532468963767152248e-01
1.000000000000000000e+00
9.820441291670245487e-01
9.410809138210863845e-01
1.000000000000000000e+00
9.807323215385560511e-01
9.697685772585761255e-01
1.000000000000000000e+00
9.808269134073137607e-01
8.235869680108150348e+00
-1.026226594943135950e-01
2.599999380111694403e-01
-2.591914124786853790e-02
1.000000000000000000e+00
9.870863450342505230e-01
1.000000000000000000e+00
9.616269842615560171e-01
9.862388911497064203e-01
9.489883680215198680e-01
1.000000000000000000e+00
7.067197252763218751e-01
7.307266531082969863e-01
7.555607146807055141e-01
1.000000000000000000e+00
1.000000000000000000e+00
9.591971889089563330e-01
9.880085105558240599e-01
1.000000000000000000e+00
9.395328682585165625e-01
1.000000000000000000e+00
9.672126335003224940e-01
1.000000000000000000e+00
1.000000000000000000e+00
9.452817867976616162e-01
1.000000000000000000e+00
1.000000000000000000e+00
1.000000000000000000e+00
8.209909811708826055e+00
-9.784065342948977673e-02
2.599999380111694403e-01
-6.610249727964401245e-02
1.000000000000000000e+00
1.000000000000000000e+00
9.622537041517708056e-01
1.000000000000000000e+00
9.817597672884773585e-01
1.000000000000000000e+00
1.000000000000000000e+00
6.314720345310081973e-01
6.508769293202594231e-01
7.424434785537613601e-01
9.501869004692480303e-01
9.619699149522914494e-01
1.000000000000000000e+00
1.000000000000000000e+00
9.574826541100912580e-01
1.000000000000000000e+00
9.743653003507063426e-01
9.434416324218034555e-01
9.626534519770153508e-01
9.425539370297038033e-01
9.944419241973531109e-01
9.695044022024822405e-01
1.000000000000000000e+00
9.767581619729508446e-01
8.175426687965924089e+00
-9.311076027891251883e-02
2.599999070167541837e-01
1.299142092466354370e-02
9.918379073858848427e-01
1.000000000000000000e+00
9.441628734246003685e-01
9.562698317590072605e-01
9.909321065882297219e-01
1.000000000000000000e+00
8.937692796041982746e-01
6.626881447804208181e-01
7.005854244046690882e-01
7.851243340583213826e-01
1.000000000000000000e+00
9.941240127258608172e-01
1.000000000000000000e+00
9.607719264160239359e-01
9.539827914296005185e-01
1.000000000000000000e+00
9.555381167626524341e-01
1.000000000000000000e+00
1.000000000000000000e+00
1.000000000000000000e+00
9.871770279756300059e-01
9.884635894727272776e-01
9.303488942187498889e-01
9.307184400647831035e-01
8.149644275749523104e+00
-9.826970360375586466e-02
2.599999070167541837e-01
6.381338834762573242e-02
9.598934441194141298e-01
1.000000000000000000e+00
1.000000000000000000e+00
1.000000000000000000e+00
9.760188656530964790e-01
1.000000000000000000e+00
9.022539679801092616e-01
6.740203299784506275e-01
7.416803312117467017e-01
7.364135023302124106e-01
1.000000000000000000e+00
1.000000000000000000e+00
9.578407152282629733e-01
9.473785354977465323e-01
1.000000000000000000e+00
9.672152783221417138e-01
9.528610067800220573e-01
9.336701983500003132e-01
9.747179384425509463e-01
1.000000000000000000e+00
9.420073506536617014e-01
1.000000000000000000e+00
1.000000000000000000e+00
1.000000000000000000e+00
8.123695768434918918e+00
-9.887060256942881153e-02
2.599999690055847523e-01
-2.330199815332889557e-02
1.000000000000000000e+00
9.974149553376495669e-01
9.920862633870568548e-01
1.000000000000000000e+00
1.000000000000000000e+00
9.604986015758676388e-01
8.625651052418225051e-01
5.969429507123349410e-01
6.879563482655969286e-01
7.017942430501827866e-01
9.888162127570101489e-01
1.000000000000000000e+00
9.780660931765504662e-01
9.958909389051150418e-01
9.390688273664041796e-01
1.000000000000000000e+00
1.000000000000000000e+00
9.506484064328564187e-01
9.684665922967826690e-01
9.512779465771853404e-01
1.000000000000000000e+00
9.858168106612809067e-01
9.632931985756453264e-01
9.527546323560676100e-01
8.089314569251703446e+00
-9.699502980774754590e-02
2.599998760223388716e-01
5.733962636440992355e-03
1.000000000000000000e+00
9.740668008698448732e-01
1.000000000000000000e+00
1.000000000000000000e+00
1.000000000000000000e+00
1.000000000000000000e+00
8.054322657484648262e-01
6.288508253136307902e-01
6.916480825628219531e-01
6.971151819734873190e-01
1.000000000000000000e+00
9.783621684049846889e-01
1.000000000000000000e+00
9.947475579289948300e-01
9.728727511658776805e-01
9.970414093118026289e-01
1.000000000000000000e+00
9.339194503635522837e-01
9.632005361107811581e-01
9.293819960967188987e-01
1.000000000000000000e+00
1.000000000000000000e+00
1.000000000000000000e+00
9.529391776480199416e-01
8.054648439600869736e+00
-1.012481434111389689e-01
2.599999380111694403e-01
8.743872493505477905e-02
1.000000000000000000e+00
9.445287861817988073e-01
1.000000000000000000e+00
9.523752913828157363e-01
9.986130292922393847e-01
9.307482284071356693e-01
7.128233355234189217e-01
6.030537598067552407e-01
6.431496409204621179e-01
7.933922703983747882e-01
9.655712999461244506e-01
1.000000000000000000e+00
9.512993405328057372e-01
1.000000000000000000e+00
1.000000000000000000e+00
9.997627618790229098e-01
9.676555717871122564e-01
9.559933483037722501e-01
1.000000000000000000e+00
1.000000000000000000e+00
1.000000000000000000e+00
9.302230294122365573e-01
9.883194195147549932e-01
9.833570256573532786e-01
8.028888223929012469e+00
-1.121014609910546689e-01
2.599999690055847523e-01
1.087321192026138306e-01
1.000000000000000000e+00
1.000000000000000000e+00
9.673076100660625842e-01
9.406404978769532521e-01
9.374237017973542363e-01
1.000000000000000000e+00
5.618947128616371689e-01
6.911902808827781186e-01
7.290769766425720944e-01
9.806105313769999388e-01
1.000000000000000000e+00
1.000000000000000000e+00
9.998918689979152674e-01
1.000000000000000000e+00
1.000000000000000000e+00
9.296772919606068886e-01
9.310117528043644342e-01
1.000000000000000000e+00
9.965923883307443720e-01
1.000000000000000000e+00
9.606721158179223341e-01
1.000000000000000000e+00
1.000000000000000000e+00
9.610455683082658185e-01
7.994641198202601551e+00
-1.267895494915891597e-01
2.600000000000000089e-01
1.104798763990402222e-01
1.000000000000000000e+00
1.000000000000000000e+00
1.000000000000000000e+00
9.969986355779026921e-01
1.000000000000000000e+00
9.648091337789297395e-01
6.336609291548883638e-01
6.527777056752898099e-01
6.721508343032144284e-01
1.000000000000000000e+00
9.402334940410009834e-01
1.000000000000000000e+00
1.000000000000000000e+00
9.777276602033282416e-01
1.000000000000000000e+00
1.000000000000000000e+00
9.407571636933153014e-01
1.000000000000000000e+00
1.000000000000000000e+00
9.290139307765951093e-01
1.000000000000000000e+00
9.789970077578205032e-01
1.000000000000000000e+00
1.000000000000000000e+00
7.969296991452554657e+00
-1.260622150959278542e-01
2.600000000000000089e-01
-1.984623372554779053e-01
9.833980802594087800e-01
9.517250885099668434e-01
9.401426621212797263e-01
9.674874487090346920e-01
9.669027089852185730e-01
1.000000000000000000e+00
5.419873947971395323e-01
5.741483108824068093e-01
6.631227576159514081e-01
9.492102485690466773e-01
1.000000000000000000e+00
1.000000000000000000e+00
9.303226769654148187e-01
9.393016290752980169e-01
1.000000000000000000e+00
1.000000000000000000e+00
9.397870252119908674e-01
1.000000000000000000e+00
1.000000000000000000e+00
9.547376581153673714e-01
9.556784761811644158e-01
9.482429506026063271e-01
1.000000000000000000e+00
9.318296799114508255e-01
7.935173393871954417e+00
-1.121396679640880301e-01
2.599999690055847523e-01
-3.458928689360618591e-02
1.000000000000000000e+00
1.000000000000000000e+00
9.778451327030144302e-01
9.895840010078810201e-01
9.683586768864184124e-01
9.773216702712493875e-01
5.482146722369573011e-01
6.464386567543897177e-01
5.939913142269622748e-01
1.000000000000000000e+00
1.000000000000000000e+00
9.455485684722366724e-01
9.311766978313107401e-01
1.000000000000000000e+00
9.357605504267293428e-01
1.000000000000000000e+00
1.000000000000000000e+00
9.434974006820658898e-01
1.000000000000000000e+00
9.405496516661498996e-01
1.000000000000000000e+00
9.457001854421985820e-01
1.000000000000000000e+00
9.853654543392250664e-01
7.909289207291422485e+00
-1.121470773888582073e-01
2.599999380111694403e-01
1.036697067320346832e-02
1.000000000000000000e+00
9.888342756575223547e-01
9.626340988088600836e-01
1.000000000000000000e+00
9.379763754606299520e-01
1.000000000000000000e+00
5.542991308703243414e-01
6.428785218212146324e-01
7.186474490646873603e-01
9.504868541583790797e-01
9.825109554470989881e-01
9.788507674277380222e-01
1.000000000000000000e+00
1.000000000000000000e+00
1.000000000000000000e+00
9.834687296210745666e-01
9.532327912353552035e-01
9.473299364333984673e-01
9.861200457192659252e-01
9.456259231493807649e-01
9.654505212876485221e-01
9.818432064209480226e-01
1.000000000000000000e+00
9.477984407500683606e-01
7.874674467354357610e+00
-1.098814118316062682e-01
2.599999690055847523e-01
-4.092080146074295044e-02
9.681865944279085534e-01
1.000000000000000000e+00
1.000000000000000000e+00
9.618479968150923654e-01
9.809780642578026510e-01
1.000000000000000000e+00
6.171993614627925284e-01
6.398420893445717628e-01
6.266485116802984479e-01
9.664569886722861325e-01
1.000000000000000000e+00
9.356527861426021664e-01
9.413457236076120394e-01
1.000000000000000000e+00
9.895377827619835642e-01
9.527418450008625639e-01
9.963706599759361016e-01
1.000000000000000000e+00
1.000000000000000000e+00
9.671369592357544898e-01
9.613341291643281439e-01
9.399382142108075877e-01
1.000000000000000000e+00
1.000000000000000000e+00
7.848897691013093869e+00
-1.056583769224261893e-01
2.599999690055847523e-01
-5.382469296455383301e-02
1.000000000000000000e+00
9.847026564446027530e-01
1.000000000000000000e+00
9.473672807535656881e-01
9.821822277604779217e-01
9.651941092811396894e-01
5.445827505203820751e-01
6.781811113649397482e-01
7.045712367897624118e-01
1.000000000000000000e+00
9.509785417480368652e-01
1.000000000000000000e+00
1.000000000000000000e+00
1.000000000000000000e+00
9.827581661886107822e-01
9.941905689751634467e-01
1.000000000000000000e+00
9.872597670958050964e-01
1.000000000000000000e+00
1.000000000000000000e+00
1.000000000000000000e+00
9.411247270111140484e-01
1.000000000000000000e+00
9.400482237951931497e-01
7.814472455843464616e+00
-1.033311189594550150e-01
2.599999070167541837e-01
7.582471705973148346e-03
1.000000000000000000e+00
9.539005290215519794e-01
9.653235509521219671e-01
1.000000000000000000e+00
9.528205607126469801e-01
9.818605350058163816e-01
5.174338805595956048e-01
5.668139863527553723e-01
6.479925040999702235e-01
1.000000000000000000e+00
1.000000000000000000e+00
1.000000000000000000e+00
1.000000000000000000e+00
9.392797523732346887e-01
1.000000000000000000e+00
1.000000000000000000e+00
9.302292815986222818e-01
9.338914590513549552e-01
9.515315583787959941e-01
9.826624535064346633e-01
1.000000000000000000e+00
9.754111113760138840e-01
1.000000000000000000e+00
9.448369013426133334e-01
7.788587698822340144e+00
-1.017591606438315033e-01
2.600000000000000089e-01
-2.496712282299995422e-02
1.000000000000000000e+00
1.000000000000000000e+00
1.000000000000000000e+00
9.699029504405539681e-01
9.477084216781660464e-01
1.000000000000000000e+00
6.516118285892449347e-01
5.444715923319032314e-01
6.040819696149174467e-01
9.577540417386887217e-01
1.000000000000000000e+00
1.000000000000000000e+00
9.759351747917145437e-01
9.452134578329091097e-01
1.000000000000000000e+00
1.000000000000000000e+00
1.000000000000000000e+00
9.319792829765657372e-01
9.654071735199767357e-01
9.781916760670900102e-01
1.000000000000000000e+00
1.000000000000000000e+00
1.000000000000000000e+00
1.000000000000000000e+00
7.754241546803418927e+00
-1.013611395550482186e-01
2.599999380111694403e-01
2.156836166977882385e-02
9.587568182002359496e-01
1.000000000000000000e+00
1.000000000000000000e+00
9.599387860896736457e-01
9.308289790542376707e-01
9.518311909544402427e-01
5.360430309012536032e-01
5.570059347606779454e-01
6.009028733926570220e-01
1.000000000000000000e+00
9.642654920399511553e-01
9.418776651212870110e-01
1.000000000000000000e+00
9.528434534806117240e-01
9.850076248320258632e-01
9.610622592226122363e-01
9.747647806263376458e-01
9.386129734195949315e-01
9.443098498336502944e-01
9.364269179742394922e-01
9.977196439969849839e-01
9.911210022516862006e-01
9.575163791694322191e-01
9.532922914835131323e-01
7.728444154390395227e+00
-1.054764831187258167e-01
2.599999380111694403e-01
4.108570888638496399e-02
9.442783029433433617e-01
1.000000000000000000e+00
9.670294558253645922e-01
1.000000000000000000e+00
1.000000000000000000e+00
1.000000000000000000e+00
5.958151063916987678e-01
5.969797556578547715e-01
6.729784193271255432e-01
9.724329122894381783e-01
9.390454278844752034e-01
1.000000000000000000e+00
9.989198426411235454e-01
9.860009763668100558e-01
1.000000000000000000e+00
1.000000000000000000e+00
9.717825134648634400e-01
9.805181413875380114e-01
1.000000000000000000e+00
9.428292708043153336e-01
1.000000000000000000e+00
1.000000000000000000e+00
1.000000000000000000e+00
9.574798203206735803e-01
7.702567131746719475e+00
-1.101011031856904410e-01
2.599999690055847523e-01
4.044252261519432068e-02
1.000000000000000000e+00
1.000000000000000000e+00
9.417176666270770102e-01
9.885819241733876384e-01
9.830738903483720037e-01
1.000000000000000000e+00
5.263904551233389295e-01
6.387789303395851048e-01
6.177952164369953092e-01
9.741242856512286608e-01
9.670967933797430804e-01
1.000000000000000000e+00
1.000000000000000000e+00
9.535697657217180323e-01
9.967282289447053634e-01
9.569067150397886357e-01
9.478221017274195415e-01
9.288928986343153449e-01
9.530519448698253626e-01
1.000000000000000000e+00
1.000000000000000000e+00
9.857040963393368660e-01
9.961874696269419349e-01
9.619419305739523862e-01
7.667996897052298699e+00
-1.152192271133603008e-01
2.599999690055847523e-01
4.252633079886436462e-02
1.000000000000000000e+00
9.563899366900449062e-01
1.000000000000000000e+00
1.000000000000000000e+00
9.567575891338166993e-01
6.535799829453783349e-01
5.857615417972359406e-01
5.508144914820867211e-01
6.699233878803150244e-01
1.000000000000000000e+00
1.000000000000000000e+00
1.000000000000000000e+00
9.452970063132776213e-01
9.671965470714946056e-01
9.862061770281936868e-01
9.638973976640073937e-01
9.746824560644562485e-01
1.000000000000000000e+00
1.000000000000000000e+00
1.000000000000000000e+00
1.000000000000000000e+00
9.446841923883556591e-01
9.872335937802393380e-01
9.299106697260585142e-01
7.625222648807076453e+00
-1.162016287627665179e-01
2.599999690055847523e-01
-4.494382813572883606e-02
9.887616364159194093e-01
9.952176513834263272e-01
9.625007442948733116e-01
1.000000000000000000e+00
9.448163731226634221e-01
7.295179270181267883e-01
5.838868653597534264e-01
5.830179572906647456e-01
6.481208956103908791e-01
9.671523038908388381e-01
9.964687453999721001e-01
9.904563625847784269e-01
1.000000000000000000e+00
1.000000000000000000e+00
1.000000000000000000e+00
1.000000000000000000e+00
9.690279784146536013e-01
9.621729018394257205e-01
1.000000000000000000e+00
9.977013189038890228e-01
1.000000000000000000e+00
9.345552092523135013e-01
1.000000000000000000e+00
1.000000000000000000e+00
7.590563354457287915e+00
-1.171506609304695523e-01
2.599999690055847523e-01
6.318240612745285034e-02
1.000000000000000000e+00
9.328737930179661353e-01
1.000000000000000000e+00
9.541251701214978898e-01
1.000000000000000000e+00
5.329525113325315200e-01
5.617749646224556859e-01
5.250034402672911771e-01
5.498999137421601846e-01
1.000000000000000000e+00
9.987506977551551257e-01
9.833749720759812352e-01
1.000000000000000000e+00
1.000000000000000000e+00
9.739552613015444171e-01
1.000000000000000000e+00
1.000000000000000000e+00
9.716809535356683014e-01
1.000000000000000000e+00
9.873258352711816732e-01
9.704605636549936687e-01
1.000000000000000000e+00
1.000000000000000000e+00
9.686391855372988857e-01
7.556382060903017894e+00
-1.274643066197431729e-01
2.600000000000000089e-01
8.708602935075759888e-02
9.448407202933163385e-01
1.000000000000000000e+00
1.000000000000000000e+00
1.000000000000000000e+00
9.409067884365679424e-01
4.881960426361346417e-01
4.844136951254341406e-01
5.925316945397213209e-01
5.519123846744271589e-01
9.408929552637836924e-01
1.000000000000000000e+00
9.549271541428498988e-01
1.000000000000000000e+00
9.938610920695963857e-01
9.918172845320611941e-01
1.000000000000000000e+00
9.879330946600938246e-01
9.446104067437602891e-01
1.000000000000000000e+00
9.567861049965775688e-01
9.592155328029797756e-01
1.000000000000000000e+00
9.842819593782591303e-01
1.000000000000000000e+00
7.530753731031968989e+00
-1.411828074202805539e-01
2.600000000000000089e-01
1.688821762800216675e-01
1.000000000000000000e+00
1.000000000000000000e+00
9.963929407115728054e-01
9.602371544345471577e-01
9.343352598752288074e-01
4.854990695112722521e-01
5.317898191651727613e-01
4.989415297200201493e-01
5.500060102942210261e-01
9.956222614207532740e-01
1.000000000000000000e+00
9.521837758702138554e-01
9.333305153621692662e-01
9.948934241979089377e-01
9.971179527227276296e-01
9.346679174047948235e-01
9.615476254310494353e-01
9.988983147362070492e-01
9.664267103821486682e-01
1.000000000000000000e+00
1.000000000000000000e+00
1.000000000000000000e+00
1.000000000000000000e+00
1.000000000000000000e+00
7.505181908335466723e+00
-1.607187693103551140e-01
2.600000000000000089e-01
1.963173896074295044e-01
9.641773185560911230e-01
9.887836878709971300e-01
9.489821852650376366e-01
1.000000000000000000e+00
1.000000000000000000e+00
5.312418828163634199e-01
5.625982769077071399e-01
5.666851022323146081e-01
9.335061501596744193e-01
1.000000000000000000e+00
9.743855666378457014e-01
1.000000000000000000e+00
9.707884607666416033e-01
9.643911123042414602e-01
9.323295873643016041e-01
9.324900086381017195e-01
1.000000000000000000e+00
9.653230168458856175e-01
9.975752970922335816e-01
9.824864307273023512e-01
9.361298100184741733e-01
9.502218324183066001e-01
9.936772831960384300e-01
1.000000000000000000e+00
7.471360263917429911e+00
-1.866881388847323464e-01
2.600000000000000089e-01
1.982391178607940674e-01
1.000000000000000000e+00
9.506290758711656297e-01
1.000000000000000000e+00
1.000000000000000000e+00
1.000000000000000000e+00
5.639441328554212207e-01
5.014650239910637408e-01
5.432933308178583554e-01
9.742163933421829070e-01
9.859095262251259539e-01
9.852536487400697096e-01
1.000000000000000000e+00
9.779815250339979338e-01
1.000000000000000000e+00
1.000000000000000000e+00
1.000000000000000000e+00
1.000000000000000000e+00
9.864048407836453203e-01
1.000000000000000000e+00
9.789926861256098567e-01
1.000000000000000000e+00
1.000000000000000000e+00
1.000000000000000000e+00
1.000000000000000000e+00
7.446557429230182379e+00
-1.961508597621053340e-01
2.600000000000000089e-01
-9.838369488716125488e-02
9.430152771119165722e-01
9.361583905836434738e-01
1.000000000000000000e+00
9.426696835285531817e-01
4.961097564420032802e-01
5.453775180616958762e-01
5.688966509778735636e-01
5.544580215914010068e-01
9.994584466807366896e-01
1.000000000000000000e+00
1.000000000000000000e+00
9.332874483814562749e-01
9.310380729503536790e-01
1.000000000000000000e+00
1.000000000000000000e+00
1.000000000000000000e+00
1.000000000000000000e+00
9.870044323620049687e-01
9.799092361297245812e-01
9.775222656409727762e-01
9.384349045277133872e-01
9.979657767883177710e-01
9.798922754754896269e-01
1.000000000000000000e+00
7.412740375473852339e+00
-1.929329664572927427e-01
2.600000000000000089e-01
-4.645244218409061432e-03
9.856407242122342538e-01
9.827251474240915607e-01
9.357937985216089327e-01
9.728882100880724693e-01
5.294321016486025488e-01
4.750910992605627547e-01
4.614382911644864804e-01
5.713044705374790144e-01
1.000000000000000000e+00
9.766764916007949493e-01
9.725432534934009832e-01
9.986915903272822748e-01
9.318662236345611749e-01
9.796650867681279129e-01
9.531642592114708545e-01
9.676629661654549963e-01
1.000000000000000000e+00
9.313333458847762314e-01
9.643830670700507257e-01
9.544983927682663127e-01
1.000000000000000000e+00
9.655687377938081406e-01
1.000000000000000000e+00
9.952029346327754267e-01
7.387263004578517034e+00
-1.934016745225073386e-01
2.600000000000000089e-01
5.536818876862525940e-03
1.000000000000000000e+00
1.000000000000000000e+00
1.000000000000000000e+00
9.291621842281320154e-01
4.876124526360013367e-01
5.620352594767517029e-01
4.993862370101146975e-01
5.983838607814863098e-01
1.000000000000000000e+00
9.843708704910355545e-01
9.695659503478170071e-01
9.361318807833524103e-01
9.314439546841279949e-01
9.520384430423681765e-01
1.000000000000000000e+00
9.587721409358085367e-01
1.000000000000000000e+00
9.298803721416809553e-01
9.339487700307795848e-01
1.000000000000000000e+00
9.456948681352000952e-01
9.560893972384781891e-01
9.377267366688116779e-01
9.558375345672287526e-01
7.353355409197081194e+00
-1.971619201248175912e-01
2.600000000000000089e-01
5.051985755562782288e-02
9.720797168042869529e-01
9.480064006652410002e-01
1.000000000000000000e+00
9.416878361760361305e-01
4.903264131238748158e-01
5.291326678960397434e-01
4.750624604946367957e-01
4.761310747162944002e-01
9.858706504895294875e-01
9.757706654248111677e-01
9.350339040551715053e-01
9.429591994731867377e-01
9.446229229142509842e-01
9.470889569687306331e-01
1.000000000000000000e+00
1.000000000000000000e+00
9.980266596758941011e-01
1.000000000000000000e+00
9.412851150573983139e-01
9.981148785854286887e-01
9.599391756285901023e-01
9.905155434040943119e-01
1.000000000000000000e+00
1.000000000000000000e+00
7.328091644469249211e+00
-1.970433541306495506e-01
2.600000000000000089e-01
-4.916280135512351990e-02
1.000000000000000000e+00
9.879453134544531334e-01
9.815053911998027347e-01
1.000000000000000000e+00
4.988139210532662182e-01
5.318730229828567690e-01
4.832913938523772934e-01
5.402522399044195067e-01
9.662760342907429356e-01
1.000000000000000000e+00
1.000000000000000000e+00
1.000000000000000000e+00
9.827178929374477123e-01
9.409677647965075664e-01
9.882918222399365016e-01
9.778863707762519564e-01
9.964176589622902869e-01
1.000000000000000000e+00
9.805077921832229260e-01
1.000000000000000000e+00
1.000000000000000000e+00
1.000000000000000000e+00
1.000000000000000000e+00
1.000000000000000000e+00
7.294157032427383669e+00
-1.959192105222409275e-01
2.599999690055847523e-01
6.070598959922790527e-02
1.000000000000000000e+00
1.000000000000000000e+00
1.000000000000000000e+00
9.581834626203065142e-01
5.299924308922669969e-01
4.337037490625496039e-01
4.607237178802704447e-01
4.687302911955258944e-01
1.000000000000000000e+00
9.549659673020342021e-01
9.457185571379985722e-01
1.000000000000000000e+00
1.000000000000000000e+00
9.823328258930322798e-01
9.499205532955298237e-01
9.339461502313683994e-01
1.000000000000000000e+00
9.462421507913515439e-01
1.000000000000000000e+00
9.907045255524190575e-01
1.000000000000000000e+00
1.000000000000000000e+00
9.795058720189656620e-01
9.825526366365672226e-01
7.268790396508561180e+00
-2.002933768935206693e-01
2.600000000000000089e-01
4.441667348146438599e-02
9.561066438218090990e-01
9.981303486947791237e-01
1.000000000000000000e+00
1.000000000000000000e+00
4.172515624760397279e-01
5.085489124095419200e-01
4.881177061290798980e-01
4.861783732363212929e-01
9.553159163017054256e-01
9.819552764270017553e-01
1.000000000000000000e+00
9.411542071320179170e-01
1.000000000000000000e+00
1.000000000000000000e+00
9.822784801677159061e-01
1.000000000000000000e+00
1.000000000000000000e+00
1.000000000000000000e+00
9.878929805473977144e-01
1.000000000000000000e+00
9.517501145997675494e-01
9.765945336014743017e-01
1.000000000000000000e+00
9.828438600356557142e-01
7.234747170505966274e+00
-2.118015487942330743e-01
2.600000000000000089e-01
9.521367400884628296e-02
9.682864388072661699e-01
1.000000000000000000e+00
1.000000000000000000e+00
5.339618097570688615e-01
5.098502672584637185e-01
5.079506567911765691e-01
4.531247269405679901e-01
4.730613634104704479e-01
1.000000000000000000e+00
1.000000000000000000e+00
9.378739537463113285e-01
9.881408845094707960e-01
1.000000000000000000e+00
1.000000000000000000e+00
1.000000000000000000e+00
9.483437441200115448e-01
1.000000000000000000e+00
9.810305702133474970e-01
1.000000000000000000e+00
1.000000000000000000e+00
1.000000000000000000e+00
1.000000000000000000e+00
1.000000000000000000e+00
1.000000000000000000e+00
7.209422451005936594e+00
-2.215761733832470881e-01
2.600000000000000089e-01
7.821061462163925171e-02
1.000000000000000000e+00
9.641412340266375391e-01
9.330317800041656451e-01
4.986817547748959023e-01
5.134988226839886094e-01
5.308040672963266760e-01
4.394691325461268505e-01
4.732194138855078114e-01
9.801287834814960132e-01
9.817129567296040138e-01
1.000000000000000000e+00
1.000000000000000000e+00
1.000000000000000000e+00
9.524869354927575360e-01
9.736412878415403593e-01
1.000000000000000000e+00
1.000000000000000000e+00
9.903924838940890707e-01
1.000000000000000000e+00
1.000000000000000000e+00
9.851261021655911554e-01
1.000000000000000000e+00
1.000000000000000000e+00
9.996470937097324816e-01
7.184224557532556510e+00
-2.304691555378717283e-01
2.600000000000000089e-01
9.312818944454193115e-02
1.000000000000000000e+00
1.000000000000000000e+00
1.000000000000000000e+00
4.462275869442928200e-01
5.175117997700576788e-01
5.241463570315091358e-01
5.070508433568071682e-01
9.602875458681596754e-01
9.807039468250664527e-01
1.000000000000000000e+00
9.616613737196130218e-01
9.358566894053629293e-01
9.414944548806498670e-01
1.000000000000000000e+00
9.615226312515482432e-01
1.000000000000000000e+00
1.000000000000000000e+00
1.000000000000000000e+00
1.000000000000000000e+00
9.842504547153511085e-01
9.716333108942353247e-01
1.000000000000000000e+00
1.000000000000000000e+00
9.608588526368014859e-01
7.150675193514848260e+00
-2.430227991458773218e-01
2.600000000000000089e-01
9.267194569110870361e-02
9.555640955906409273e-01
1.000000000000000000e+00
9.868219961808384344e-01
4.673703682574693596e-01
4.162081791623881144e-01
5.019641887105226186e-01
5.179156014795028851e-01
9.609152446292236194e-01
1.000000000000000000e+00
9.343494125711602205e-01
9.506952496186714674e-01
9.677067325634121087e-01
1.000000000000000000e+00
1.000000000000000000e+00
9.649063132639241758e-01
9.953790742573891404e-01
1.000000000000000000e+00
1.000000000000000000e+00
9.403402790717987347e-01
9.826310399328052059e-01
9.591007805228546346e-01
1.000000000000000000e+00
1.000000000000000000e+00
1.000000000000000000e+00
7.117468699131236143e+00
-2.449812993599320698e-01
2.600000000000000089e-01
-3.889733552932739258e-02
1.000000000000000000e+00
1.000000000000000000e+00
9.340129249516303522e-01
4.013746965266370426e-01
4.916156559646574498e-01
4.091225464287882585e-01
5.277387641975670451e-01
9.770317305300945110e-01
9.505318519812979705e-01
9.656351119576622732e-01
1.000000000000000000e+00
1.000000000000000000e+00
9.714088004078060834e-01
1.000000000000000000e+00
1.000000000000000000e+00
9.882532162073897064e-01
1.000000000000000000e+00
9.646258180086676459e-01
9.828575239973531552e-01
1.000000000000000000e+00
9.641547273262695006e-01
9.587629903925536379e-01
9.661076870894281798e-01
1.000000000000000000e+00
7.092255149375743528e+00
-2.435001926661000127e-01
2.600000000000000089e-01
-1.567929796874523163e-02
9.652214495270363681e-01
1.000000000000000000e+00
9.644443791642821617e-01
4.876953672127699035e-01
5.113426556946526480e-01
4.786747088470176825e-01
5.351844287142688561e-01
9.299434155044451478e-01
1.000000000000000000e+00
1.000000000000000000e+00
9.812400086025878654e-01
1.000000000000000000e+00
9.341055427094401287e-01
9.724177661227593195e-01
1.000000000000000000e+00
1.000000000000000000e+00
1.000000000000000000e+00
9.542312446478368182e-01
9.633626472705767441e-01
9.685174205895750177e-01
1.000000000000000000e+00
1.000000000000000000e+00
9.371373252030787970e-01
1.000000000000000000e+00
7.067030949120176153e+00
-2.427142859087716431e-01
2.600000000000000089e-01
-1.200368977151811123e-03
1.000000000000000000e+00
1.000000000000000000e+00
1.000000000000000000e+00
3.910394074397197106e-01
3.881379124624956822e-01
4.925389082774230820e-01
4.601795015146553092e-01
9.675633312806791730e-01
1.000000000000000000e+00
9.399648975356312830e-01
1.000000000000000000e+00
1.000000000000000000e+00
9.365469538521674631e-01
1.000000000000000000e+00
1.000000000000000000e+00
1.000000000000000000e+00
9.296477661830955252e-01
9.440432120796412585e-01
9.636763935465949560e-01
9.962357900791556364e-01
9.782614232391615428e-01
1.000000000000000000e+00
9.430259350270253638e-01
1.000000000000000000e+00
7.033289396418759942e+00
-2.424186614185011024e-01
2.600000000000000089e-01
-3.009461984038352966e-02
1.000000000000000000e+00
9.653795889721388246e-01
4.612417900283333760e-01
4.609856026058337664e-01
4.011944499168976219e-01
4.581839472109384692e-01
5.080519119766322422e-01
9.690028678091863190e-01
9.422718152681174297e-01
9.899669437148974627e-01
9.930019117363314551e-01
9.497034872686435092e-01
9.475550054588034454e-01
9.526007515248035018e-01
1.000000000000000000e+00
9.816021530344227752e-01
1.000000000000000000e+00
9.414193476123647875e-01
9.782387189515289183e-01
1.000000000000000000e+00
9.612882183112911871e-01
9.521127649916103497e-01
9.303719159099671510e-01
9.536496227094678479e-01
7.008055196376456131e+00
-2.430480677961983638e-01
2.600000000000000089e-01
3.243162063881754875e-03
1.000000000000000000e+00
1.000000000000000000e+00
4.675969482392671739e-01
4.529783449064635481e-01
4.269851035771913828e-01
3.922494321439554121e-01
4.539078960629102655e-01
9.815567188396819853e-01
9.528615239570967788e-01
9.537973633240461879e-01
9.529773508013598127e-01
1.000000000000000000e+00
9.798730043968043590e-01
9.867428359574333951e-01
9.535728792098516760e-01
1.000000000000000000e+00
1.000000000000000000e+00
1.000000000000000000e+00
1.000000000000000000e+00
9.485966199981362701e-01
1.000000000000000000e+00
9.515153720314880603e-01
9.310971587178384912e-01
1.000000000000000000e+00
6.974587285907264622e+00
-2.446245145442751401e-01
2.600000000000000089e-01
1.510929316282272339e-02
1.000000000000000000e+00
1.000000000000000000e+00
4.559862105046036396e-01
5.068275671028371621e-01
4.303487309318912990e-01
4.608985463579733932e-01
5.277190451843732921e-01
1.000000000000000000e+00
9.363443614737397835e-01
1.000000000000000000e+00
1.000000000000000000e+00
9.455173794068552073e-01
1.000000000000000000e+00
9.533086293078084639e-01
9.916257900870782960e-01
9.999532997562964320e-01
9.622037676334594947e-01
9.749832222102893242e-01
1.000000000000000000e+00
9.353545043684350357e-01
1.000000000000000000e+00
9.959836316529654399e-01
9.991681685060616047e-01
9.741553520453649639e-01
6.949366742017208942e+00
-2.476678256805460165e-01
2.600000000000000089e-01
3.205318003892898560e-02
1.000000000000000000e+00
9.963473000027102122e-01
4.218476395098473275e-01
4.877546501581080940e-01
4.876719663527201987e-01
3.658148070966181220e-01
4.582010411448642073e-01
9.756724431497227901e-01
9.913176656233678719e-01
1.000000000000000000e+00
9.698534270570495774e-01
9.614124438040562159e-01
9.680450628659486023e-01
9.305411199415127843e-01
9.686060753373164633e-01
9.543884691819829458e-01
1.000000000000000000e+00
1.000000000000000000e+00
1.000000000000000000e+00
1.000000000000000000e+00
1.000000000000000000e+00
9.667069399247839590e-01
9.751125956355223279e-01
9.343018226004389248e-01
6.915926139324419353e+00
-2.520292037907791993e-01
2.600000000000000089e-01
2.226411364972591400e-03
1.000000000000000000e+00
9.817093044275122526e-01
4.374639330015939742e-01
4.940558997954644371e-01
4.808948275236714642e-01
4.301596025127360501e-01
3.836015867883759145e-01
1.000000000000000000e+00
1.000000000000000000e+00
1.000000000000000000e+00
9.437026630150829876e-01
9.788126087826034549e-01
9.512888135406416534e-01
1.000000000000000000e+00
9.554422046299123616e-01
9.538546454324263735e-01
1.000000000000000000e+00
9.657493917316146703e-01
9.687489422686017537e-01
1.000000000000000000e+00
9.939207351696532911e-01
1.000000000000000000e+00
9.403866548453109209e-01
9.934245272022677042e-01
6.890818465991436881e+00
-2.546079678258634793e-01
2.600000000000000089e-01
2.722826600074768066e-02
1.000000000000000000e+00
1.000000000000000000e+00
4.752361918467447599e-01
3.936656559323768456e-01
3.634819861019608633e-01
4.419350821240451976e-01
1.000000000000000000e+00
9.822942951296292913e-01
1.000000000000000000e+00
1.000000000000000000e+00
9.714934227087329566e-01
9.354384737233309988e-01
1.000000000000000000e+00
1.000000000000000000e+00
1.000000000000000000e+00
1.000000000000000000e+00
9.953340993150281424e-01
1.000000000000000000e+00
1.000000000000000000e+00
9.910802644256386795e-01
9.305253296475203273e-01
1.000000000000000000e+00
1.000000000000000000e+00
1.000000000000000000e+00
6.865703176079435366e+00
-2.573529038589432716e-01
2.600000000000000089e-01
2.294523827731609344e-02
9.963277368004458401e-01
9.424218046627762524e-01
3.995029696703759625e-01
4.607103404736760388e-01
4.738693756988116568e-01
3.843285332800678300e-01
1.000000000000000000e+00
9.562599939418935380e-01
9.594777324902307170e-01
9.348777603281502868e-01
9.657575003190609353e-01
9.312402233483869640e-01
9.938413805840113913e-01
1.000000000000000000e+00
1.000000000000000000e+00
1.000000000000000000e+00
1.000000000000000000e+00
1.000000000000000000e+00
9.460602376465363506e-01
1.000000000000000000e+00
9.460667237371972460e-01
1.000000000000000000e+00
1.000000000000000000e+00
1.000000000000000000e+00
6.832193821918948196e+00
-2.587831573125058959e-01
2.600000000000000089e-01
-4.158933833241462708e-02
1.000000000000000000e+00
4.740202673514706810e-01
3.847504684660473240e-01
4.859334660884103707e-01
4.574724903845418522e-01
4.571897135770880971e-01
1.000000000000000000e+00
9.659657025301362498e-01
1.000000000000000000e+00
1.000000000000000000e+00
1.000000000000000000e+00
1.000000000000000000e+00
1.000000000000000000e+00
1.000000000000000000e+00
1.000000000000000000e+00
1.000000000000000000e+00
1.000000000000000000e+00
1.000000000000000000e+00
1.000000000000000000e+00
9.586503714340206539e-01
9.964565479901842382e-01
9.924342700676274109e-01
9.862905581006045086e-01
9.391030787650185285e-01
6.798738030510507180e+00
-2.551513108681513486e-01
2.600000000000000089e-01
-4.183142632246017456e-02
1.000000000000000000e+00
5.040724034910246676e-01
4.231931122143527957e-01
4.753274210447423487e-01
4.781257759023936349e-01
3.477430830113484306e-01
1.000000000000000000e+00
9.571995267149605580e-01
9.697343395370532360e-01
1.000000000000000000e+00
1.000000000000000000e+00
1.000000000000000000e+00
1.000000000000000000e+00
1.000000000000000000e+00
9.368883519261325121e-01
9.311213279412345889e-01
9.493430535149997018e-01
1.000000000000000000e+00
9.673706938341596340e-01
1.000000000000000000e+00
1.000000000000000000e+00
1.000000000000000000e+00
9.359631154024656841e-01
1.000000000000000000e+00
6.773645685813518114e+00
-2.528944273294229106e-01
2.600000000000000089e-01
-1.352446246892213821e-02
9.726410836993467646e-01
4.542455221466686344e-01
3.699869919275129426e-01
4.239377196496308398e-01
3.465099707662441797e-01
4.258151844260102403e-01
1.000000000000000000e+00
1.000000000000000000e+00
9.506592788255113780e-01
9.444420648564476606e-01
9.602227296800845968e-01
9.566425566030145600e-01
9.740617830470388316e-01
1.000000000000000000e+00
1.000000000000000000e+00
1.000000000000000000e+00
1.000000000000000000e+00
9.709493346191215846e-01
9.402407334381077675e-01
9.336387673679527044e-01
9.717866003186834689e-01
9.690315454753939406e-01
9.509933001230492788e-01
1.000000000000000000e+00
6.748444501320182809e+00
-2.521917833008036069e-01
2.600000000000000089e-01
-1.212539430707693100e-02
9.897917977076191587e-01
4.026834540687221908e-01
3.478567622703457318e-01
3.741896886710246450e-01
4.602537973347726741e-01
4.434099178186739487e-01
9.955311071081267560e-01
1.000000000000000000e+00
9.476852694618875805e-01
1.000000000000000000e+00
9.359515946950167642e-01
1.000000000000000000e+00
9.328872954881862745e-01
9.489905420628750310e-01
9.505324801483083785e-01
9.594352784394045708e-01
9.553730030675554596e-01
1.000000000000000000e+00
9.585374743203795012e-01
9.395673152561522246e-01
9.697346743807623293e-01
9.826943547456657990e-01
9.881405032436493263e-01
9.877522661611208843e-01
6.715004416191306724e+00
-2.531775930279485110e-01
2.600000000000000089e-01
-3.821451216936111450e-03
9.928720384380244068e-01
4.983041812305921137e-01
4.460801700338968279e-01
4.685887958489882155e-01
4.363730131405776924e-01
3.525575534923363619e-01
9.853292587853678119e-01
9.460245755323585248e-01
1.000000000000000000e+00
9.336650913043993416e-01
9.711113984980676017e-01
1.000000000000000000e+00
1.000000000000000000e+00
1.000000000000000000e+00
1.000000000000000000e+00
1.000000000000000000e+00
9.884377547422505961e-01
9.365985006770916055e-01
1.000000000000000000e+00
1.000000000000000000e+00
1.000000000000000000e+00
9.540273522697623187e-01
1.000000000000000000e+00
1.000000000000000000e+00
6.689875854745062078e+00
-2.530747445393468631e-01
2.600000000000000089e-01
-1.148118916898965836e-02
9.761516130277454462e-01
3.749896049475859861e-01
4.284877409296762862e-01
3.919909802170024049e-01
3.796842811870180801e-01
3.996790903386226446e-01
9.508808697996772308e-01
1.000000000000000000e+00
9.619332710713038859e-01
9.581585027177658143e-01
9.291510404151891445e-01
9.898534133303115157e-01
9.655973065559603219e-01
9.993640298518474685e-01
9.774840043616039864e-01
9.854020756927077684e-01
1.000000000000000000e+00
1.000000000000000000e+00
1.000000000000000000e+00
1.000000000000000000e+00
1.000000000000000000e+00
9.524097059603124915e-01
9.364087818166711985e-01
9.379969197747601850e-01
6.656140651736264680e+00
-2.521999229074824989e-01
2.600000000000000089e-01
-9.754261001944541931e-03
1.000000000000000000e+00
3.762352433700125731e-01
4.032759658461520513e-01
4.621895738013472865e-01
4.045736581014858779e-01
4.355298879246419230e-01
1.000000000000000000e+00
1.000000000000000000e+00
9.612344330322593056e-01
1.000000000000000000e+00
1.000000000000000000e+00
9.554108357723777312e-01
1.000000000000000000e+00
1.000000000000000000e+00
1.000000000000000000e+00
9.694505098208611171e-01
1.000000000000000000e+00
1.000000000000000000e+00
1.000000000000000000e+00
9.344916352390492120e-01
9.816117124807669514e-01
9.522913161373631752e-01
9.393473727442357424e-01
9.636949457589762957e-01
6.630978310167060741e+00
-2.535295425772448041e-01
2.600000000000000089e-01
7.742007263004779816e-03
9.492019802755552460e-01
3.882989849557549333e-01
3.530363888318016619e-01
3.723344113272978873e-01
3.258173584047538429e-01
4.504976408074390370e-01
1.000000000000000000e+00
9.979404594324944311e-01
1.000000000000000000e+00
1.000000000000000000e+00
9.298912260403510155e-01
9.410704628942742067e-01
9.838079660639157398e-01
1.000000000000000000e+00
9.551780162653304984e-01
1.000000000000000000e+00
1.000000000000000000e+00
1.000000000000000000e+00
1.000000000000000000e+00
1.000000000000000000e+00
1.000000000000000000e+00
1.000000000000000000e+00
1.000000000000000000e+00
9.301948925612082419e-01
6.605830255984455945e+00
-2.553721412571272609e-01
2.600000000000000089e-01
-7.022175472229719162e-03
4.480063538527699341e-01
3.615316575736181592e-01
3.419110918875287730e-01
3.392699075356455651e-01
3.772009106658088529e-01
1.000000000000000000e+00
9.583310461352002596e-01
1.000000000000000000e+00
1.000000000000000000e+00
9.675718230794874142e-01
1.000000000000000000e+00
9.648189928309547359e-01
9.610999103675583743e-01
9.843413953620071544e-01
9.597050822986737950e-01
1.000000000000000000e+00
9.948882146344172339e-01
1.000000000000000000e+00
1.000000000000000000e+00
9.820187805094542366e-01
9.934625972500709112e-01
1.000000000000000000e+00
1.000000000000000000e+00
1.000000000000000000e+00
6.572463110945266251e+00
-2.561216371101280309e-01
2.600000000000000089e-01
1.209559291601181030e-02
3.941684732029053229e-01
4.305017729638588309e-01
4.566630546395216705e-01
4.532497893486349128e-01
3.856220229462392624e-01
1.000000000000000000e+00
1.000000000000000000e+00
9.919913335836916257e-01
9.372176698942313866e-01
1.000000000000000000e+00
9.492113941418776069e-01
9.353597532000522685e-01
1.000000000000000000e+00
1.000000000000000000e+00
1.000000000000000000e+00
9.569421310221866150e-01
9.868623624841648123e-01
9.417591880710088903e-01
1.000000000000000000e+00
1.000000000000000000e+00
9.551591408376580716e-01
1.000000000000000000e+00
1.000000000000000000e+00
9.323576462812240839e-01
6.547295639509570719e+00
-2.558759463271229606e-01
2.599992561340331854e-01
-1.931974850594997406e-02
4.554540043529622939e-01
4.531231702982389531e-01
3.622462284665596832e-01
3.028202538024951096e-01
3.352940533777589160e-01
9.501037294922352050e-01
1.000000000000000000e+00
9.492618615983724473e-01
9.959238282072989668e-01
9.710291078648580765e-01
1.000000000000000000e+00
1.000000000000000000e+00
1.000000000000000000e+00
9.797732469857514115e-01
1.000000000000000000e+00
1.000000000000000000e+00
1.000000000000000000e+00
1.000000000000000000e+00
9.842056552469757857e-01
9.750366009399654699e-01
9.524499288814515241e-01
9.924292000287540105e-01
9.322291478363832207e-01
1.000000000000000000e+00
6.513861283269364755e+00
-2.535677901378545762e-01
2.599992251396179288e-01
-4.901616275310516357e-02
4.451704409821996000e-01
4.687755596948518511e-01
3.779431336719795143e-01
3.930320429392315518e-01
3.692754812745605575e-01
1.000000000000000000e+00
1.000000000000000000e+00
9.868744950377476011e-01
9.849752084467670032e-01
1.000000000000000000e+00
1.000000000000000000e+00
1.000000000000000000e+00
9.789330012295199834e-01
1.000000000000000000e+00
9.372017084266788256e-01
9.651675903589705952e-01
1.000000000000000000e+00
1.000000000000000000e+00
9.700826867375418328e-01
9.369273704052707430e-01
1.000000000000000000e+00
9.435202237733669728e-01
1.000000000000000000e+00
1.000000000000000000e+00
6.488682446325729991e+00
-2.513314075306958273e-01
2.599997210502624778e-01
-2.352645434439182281e-02
3.750032863089668433e-01
3.518596653106750294e-01
3.419958156110928793e-01
2.961445354697649912e-01
3.417380600246366362e-01
1.000000000000000000e+00
1.000000000000000000e+00
1.000000000000000000e+00
9.970320560964517353e-01
1.000000000000000000e+00
9.384076769931164463e-01
1.000000000000000000e+00
9.552500955508697045e-01
9.288126111268228957e-01
9.553668400845644060e-01
1.000000000000000000e+00
9.978100072250565278e-01
1.000000000000000000e+00
9.954220934761240924e-01
9.871289985870610462e-01
1.000000000000000000e+00
9.991408271493764648e-01
9.332264978043889325e-01
1.000000000000000000e+00
6.454901491617767384e+00
-2.476382849539131570e-01
2.599997210502624778e-01
-4.016511142253875732e-02
4.428353389578866817e-01
4.692624132392006486e-01
4.321140503069478278e-01
3.604932495060831354e-01
3.822684717488715189e-01
1.000000000000000000e+00
1.000000000000000000e+00
9.445577263312944227e-01
1.000000000000000000e+00
9.699566038413510727e-01
1.000000000000000000e+00
9.774809957848030750e-01
1.000000000000000000e+00
9.653352290802257318e-01
9.648034162454208751e-01
1.000000000000000000e+00
1.000000000000000000e+00
1.000000000000000000e+00
1.000000000000000000e+00
9.658246845371402101e-01
1.000000000000000000e+00
1.000000000000000000e+00
1.000000000000000000e+00
9.541167612005633236e-01
6.429703612975391280e+00
-2.461193237821328594e-01
2.599962496757507457e-01
-2.134885266423225403e-02
3.657209663685104251e-01
3.757363622264945358e-01
3.997503994771405833e-01
4.060047396419936283e-01
3.691117710952823150e-01
1.000000000000000000e+00
9.534890966592827199e-01
9.920061351884531531e-01
9.492231023466759510e-01
9.363034599189951068e-01
1.000000000000000000e+00
1.000000000000000000e+00
1.000000000000000000e+00
9.960657120269553744e-01
1.000000000000000000e+00
9.367687776197429761e-01
1.000000000000000000e+00
1.000000000000000000e+00
1.000000000000000000e+00
1.000000000000000000e+00
1.000000000000000000e+00
9.992222321533237306e-01
9.528625937176367078e-01
1.000000000000000000e+00
6.404465007545614874e+00
-2.443690327204981472e-01
2.599996590614319092e-01
-3.885954245924949646e-02
3.573715474653931801e-01
4.277793293476445102e-01
3.695925181803939585e-01
4.080342425410753981e-01
2.861907729658523247e-01
1.000000000000000000e+00
1.000000000000000000e+00
9.899907729307060311e-01
1.000000000000000000e+00
9.837737397088412994e-01
9.837780041723770408e-01
9.941383730369042215e-01
9.347392331787581776e-01
9.601345236983077625e-01
1.000000000000000000e+00
1.000000000000000000e+00
1.000000000000000000e+00
9.829004087686661340e-01
9.917476531985990329e-01
9.544163407078498640e-01
1.000000000000000000e+00
1.000000000000000000e+00
1.000000000000000000e+00
1.000000000000000000e+00
6.370950393234815934e+00
-2.409106172293467019e-01
2.599979853630066118e-01
-1.874918304383754730e-02
4.543395548711458565e-01
3.902695562826026809e-01
3.755622480350905290e-01
3.178647174338884995e-01
3.830711618908102523e-01
9.689530096583897079e-01
1.000000000000000000e+00
9.882502936715609199e-01
9.300352419214499289e-01
9.975120443448508567e-01
1.000000000000000000e+00
9.833171571521897025e-01
1.000000000000000000e+00
1.000000000000000000e+00
1.000000000000000000e+00
9.595512374579518999e-01
9.296980952257031250e-01
1.000000000000000000e+00
9.462580507849016609e-01
1.000000000000000000e+00
1.000000000000000000e+00
9.750814736409723071e-01
1.000000000000000000e+00
9.711250965400248791e-01
6.345688938334871132e+00
-2.396648665770051423e-01
2.599983882904052801e-01
-1.894580386579036713e-02
4.574564575088704843e-01
3.986827779556802454e-01
2.853159079429176126e-01
3.751728302106888124e-01
6.172325716114637206e-01
1.000000000000000000e+00
1.000000000000000000e+00
1.000000000000000000e+00
9.410141393807620602e-01
9.922777533196621702e-01
9.440664274433868686e-01
9.615010643073895746e-01
1.000000000000000000e+00
9.439517129984082988e-01
9.655564393708192528e-01
1.000000000000000000e+00
9.792978426497753741e-01
1.000000000000000000e+00
9.718470609800095028e-01
9.309876382109923965e-01
9.700837739125430792e-01
1.000000000000000000e+00
1.000000000000000000e+00
1.000000000000000000e+00
6.312134216963057654e+00
-2.394794192118347986e-01
2.599995660781860285e-01
-1.411187462508678436e-02
3.872618608265931406e-01
3.160997824668876910e-01
3.135766200836550555e-01
3.961744497842691337e-01
5.597697556982778044e-01
9.411030394193279358e-01
9.641706709073675219e-01
9.830314341084702701e-01
9.558748307142942435e-01
1.000000000000000000e+00
9.563405796471858844e-01
9.420687742910937024e-01
9.788558062639877155e-01
9.914614210120594739e-01
1.000000000000000000e+00
1.000000000000000000e+00
1.000000000000000000e+00
1.000000000000000000e+00
1.000000000000000000e+00
1.000000000000000000e+00
9.897674056434860868e-01
9.888556106152099900e-01
1.000000000000000000e+00
1.000000000000000000e+00
6.286859575577961046e+00
-2.371445074853419932e-01
2.599992251396179288e-01
-4.278153926134109497e-02
4.047302495404084821e-01
3.005515041743359039e-01
3.671417549515809120e-01
4.061943826955323744e-01
9.992016809633843533e-01
9.290325716054976812e-01
9.998516058383922767e-01
9.622272777187629300e-01
9.511920345438350521e-01
1.000000000000000000e+00
9.421046768056245968e-01
1.000000000000000000e+00
9.389590737598731973e-01
1.000000000000000000e+00
1.000000000000000000e+00
9.398849197316901938e-01
1.000000000000000000e+00
9.852947147704880226e-01
9.374445232165511399e-01
1.000000000000000000e+00
1.000000000000000000e+00
9.729545113575961413e-01
1.000000000000000000e+00
1.000000000000000000e+00
6.252990963045359507e+00
-2.349181412614629316e-01
2.599967765808105513e-01
6.830940954387187958e-03
4.449466830902432668e-01
3.650224842212654863e-01
3.029762976669089225e-01
3.286073712828380122e-01
1.000000000000000000e+00
9.906229779375642641e-01
1.000000000000000000e+00
1.000000000000000000e+00
1.000000000000000000e+00
9.768766940647221064e-01
9.648045544132978213e-01
9.405334955904219862e-01
9.564902633680298916e-01
9.990290317204859605e-01
1.000000000000000000e+00
1.000000000000000000e+00
9.652485617360598846e-01
9.753395476660173813e-01
9.510346893438310634e-01
1.000000000000000000e+00
1.000000000000000000e+00
9.636704684004334664e-01
9.677184658789288463e-01
9.588103164341774676e-01
6.227784633558297145e+00
-2.393574233182707012e-01
2.599986982345581232e-01
4.396515712141990662e-02
3.197549348346921394e-01
3.263505111412312587e-01
3.827819413928966741e-01
3.475749837791883290e-01
1.000000000000000000e+00
1.000000000000000000e+00
9.643463185295179096e-01
1.000000000000000000e+00
9.878623795718580736e-01
1.000000000000000000e+00
1.000000000000000000e+00
1.000000000000000000e+00
9.694372193691987993e-01
9.604429545242572086e-01
9.474695130076817851e-01
9.373335721489869377e-01
9.473282458870170286e-01
9.686102208659406188e-01
9.856233055751288941e-01
1.000000000000000000e+00
9.857019403068367769e-01
1.000000000000000000e+00
1.000000000000000000e+00
9.655452215630624391e-01
6.194242103774111996e+00
-2.452282829114529328e-01
2.599995040893554599e-01
1.523884199559688568e-02
3.869570836847132655e-01
3.911345653300881131e-01
2.739371189157810416e-01
3.797269811646562521e-01
1.000000000000000000e+00
9.689516782550651186e-01
1.000000000000000000e+00
9.801154597913129818e-01
9.875852015896411373e-01
9.910884912626293231e-01
1.000000000000000000e+00
9.664047411474825378e-01
9.719780414730163631e-01
1.000000000000000000e+00
1.000000000000000000e+00
9.999526513081951062e-01
9.983547720314731588e-01
9.416174331421451882e-01
1.000000000000000000e+00
1.000000000000000000e+00
1.000000000000000000e+00
9.810021887289165354e-01
1.000000000000000000e+00
9.794639623929334293e-01
6.160777254126895919e+00
-2.486649000216583083e-01
2.599977374076843373e-01
3.248551115393638611e-02
3.571682061589502299e-01
4.032789281075095933e-01
3.044327078151181643e-01
3.604946471784500894e-01
9.609422498239085231e-01
9.519858126170637203e-01
9.530522019645302212e-01
1.000000000000000000e+00
1.000000000000000000e+00
1.000000000000000000e+00
1.000000000000000000e+00
1.000000000000000000e+00
9.636235073741754587e-01
1.000000000000000000e+00
9.886189657103062745e-01
9.530135284482904590e-01
1.000000000000000000e+00
1.000000000000000000e+00
1.000000000000000000e+00
9.730212367049452249e-01
1.000000000000000000e+00
1.000000000000000000e+00
1.000000000000000000e+00
1.000000000000000000e+00
6.135629655744077482e+00
-2.538705205688942534e-01
2.599992561340331854e-01
4.828197136521339417e-02
2.950871416464267982e-01
3.008670799589187039e-01
2.859090013227857385e-01
4.327309803413348921e-01
9.694596806571268433e-01
9.337591756562135803e-01
9.952657040138292999e-01
1.000000000000000000e+00
9.329484960543567018e-01
1.000000000000000000e+00
1.000000000000000000e+00
1.000000000000000000e+00
9.513573107474212476e-01
1.000000000000000000e+00
9.521727943942054351e-01
9.878963633288722068e-01
9.764065228348876024e-01
1.000000000000000000e+00
1.000000000000000000e+00
1.000000000000000000e+00
1.000000000000000000e+00
1.000000000000000000e+00
1.000000000000000000e+00
9.792647982408145824e-01
6.110539143728316525e+00
-2.607312610347536364e-01
2.599994421005248912e-01
5.928439274430274963e-02
4.338472646258183518e-01
3.455380704072110176e-01
3.563669344288702967e-01
4.628642919143906020e-01
1.000000000000000000e+00
1.000000000000000000e+00
9.469096128853455863e-01
1.000000000000000000e+00
9.346072161696877822e-01
9.640990960052592262e-01
9.987296756336327963e-01
1.000000000000000000e+00
1.000000000000000000e+00
9.686744705746568318e-01
9.776559162739507647e-01
9.857118832666350583e-01
9.578073336933535797e-01
9.513809754934399177e-01
9.728690395342191044e-01
9.753566091414070938e-01
1.000000000000000000e+00
9.866776640414727240e-01
1.000000000000000000e+00
1.000000000000000000e+00
6.077108046478371328e+00
-2.715612109058338497e-01
2.599975514411926314e-01
9.583871811628341675e-02
4.051846766201152028e-01
3.687971811249408094e-01
2.994134270117270735e-01
6.255356783673008403e-01
1.000000000000000000e+00
1.000000000000000000e+00
1.000000000000000000e+00
9.386835386220423461e-01
9.575395594654878551e-01
1.000000000000000000e+00
9.490002951847726909e-01
1.000000000000000000e+00
1.000000000000000000e+00
1.000000000000000000e+00
9.637457496947879898e-01
1.000000000000000000e+00
1.000000000000000000e+00
9.423529810496800163e-01
9.522447883589055806e-01
9.687747061705075380e-01
9.998609707282514192e-01
9.598621533497119218e-01
9.338746615112949456e-01
9.454075174370849544e-01
6.035605931045772365e+00
-2.749773999717719519e-01
2.599998450279236151e-01
1.152814272791147232e-02
4.026219316010445914e-01
3.195143745903393784e-01
2.975067724756290666e-01
1.000000000000000000e+00
9.508533427301782970e-01
9.738881329317127244e-01
1.000000000000000000e+00
9.854092519412624984e-01
1.000000000000000000e+00
9.309687309444100167e-01
9.622621307010993386e-01
9.955990778445158451e-01
9.670759474521114507e-01
1.000000000000000000e+00
1.000000000000000000e+00
1.000000000000000000e+00
1.000000000000000000e+00
1.000000000000000000e+00
1.000000000000000000e+00
1.000000000000000000e+00
9.438421400187155808e-01
9.637746782511841248e-01
9.475428673684004321e-01
1.000000000000000000e+00
6.010586774220295858e+00
-2.735183007684827139e-01
2.599995970726013406e-01
-6.120196729898452759e-02
2.932426547051996124e-01
3.337715346250272330e-01
3.736338774907513316e-01
1.000000000000000000e+00
9.716886306202463519e-01
1.000000000000000000e+00
1.000000000000000000e+00
1.000000000000000000e+00
9.426009624279518828e-01
9.519974742113274102e-01
9.489349528820666402e-01
1.000000000000000000e+00
1.000000000000000000e+00
9.358363235996243201e-01
9.709788958931164782e-01
1.000000000000000000e+00
9.448540684883743879e-01
1.000000000000000000e+00
9.473915489792206213e-01
1.000000000000000000e+00
1.000000000000000000e+00
1.000000000000000000e+00
9.673804732483357594e-01
9.344918103864305881e-01
5.985507459926949991e+00
-2.677740573717835026e-01
2.599984812736511053e-01
-8.532094210386276245e-02
3.641972150141121745e-01
3.176189867629115038e-01
3.558101454014051535e-01
1.000000000000000000e+00
9.787172829183555800e-01
9.414808634266806919e-01
1.000000000000000000e+00
9.996868240285049501e-01
1.000000000000000000e+00
1.000000000000000000e+00
9.461757625427361651e-01
1.000000000000000000e+00
9.287575887909322869e-01
1.000000000000000000e+00
1.000000000000000000e+00
9.499169291158819917e-01
1.000000000000000000e+00
1.000000000000000000e+00
1.000000000000000000e+00
9.755794643685387069e-01
1.000000000000000000e+00
9.334767467377594885e-01
9.992568649843934780e-01
1.000000000000000000e+00
5.951782200819691226e+00
-2.571341631240873227e-01
2.599952268600463912e-01
-8.404384553432464600e-02
3.438448337767833762e-01
3.691571146793414804e-01
3.176995888172510774e-01
1.000000000000000000e+00
9.757650426454959058e-01
1.000000000000000000e+00
9.689812158316141177e-01
1.000000000000000000e+00
1.000000000000000000e+00
9.820000835799189698e-01
9.758399022679684620e-01
1.000000000000000000e+00
9.628419157566928677e-01
9.462485508846862903e-01
9.567116433082706317e-01
9.379063504831277598e-01
1.000000000000000000e+00
9.669621123801955820e-01
9.513855699125219889e-01
1.000000000000000000e+00
1.000000000000000000e+00
9.569797041154183281e-01
9.998365053542013214e-01
1.000000000000000000e+00
5.926617996708658964e+00
-2.510830962323078452e-01
2.599974274635314941e-01
-7.152079790830612183e-02
3.146279750193448632e-01
2.417860875624206485e-01
4.386665402722428886e-01
9.966799457738930723e-01
9.570946202768206845e-01
1.000000000000000000e+00
1.000000000000000000e+00
1.000000000000000000e+00
1.000000000000000000e+00
1.000000000000000000e+00
9.378232188602321218e-01
1.000000000000000000e+00
1.000000000000000000e+00
1.000000000000000000e+00
1.000000000000000000e+00
9.647495181114525975e-01
9.456897321656699829e-01
1.000000000000000000e+00
1.000000000000000000e+00
1.000000000000000000e+00
9.531329729424430353e-01
1.000000000000000000e+00
1.000000000000000000e+00
1.000000000000000000e+00
5.893006603014083744e+00
-2.432949267146233829e-01
2.599974274635314941e-01
-7.691019028425216675e-02
3.326415293803163253e-01
3.098167703835404962e-01
3.527329585773673615e-01
9.987011474995164395e-01
1.000000000000000000e+00
9.712122830903747728e-01
1.000000000000000000e+00
9.622361175034928049e-01
9.684317699540423430e-01
9.570875440893610309e-01
9.599630883452388019e-01
1.000000000000000000e+00
9.967799481977663856e-01
9.877439706842361389e-01
1.000000000000000000e+00
1.000000000000000000e+00
9.367962877129211163e-01
9.500000050337563673e-01
1.000000000000000000e+00
9.438776897825242873e-01
9.498397352602633292e-01
9.886603042854852363e-01
9.605639220230448583e-01
1.000000000000000000e+00
5.867754811841914275e+00
-2.373163446427435375e-01
2.599942040443420366e-01
-2.564541622996330261e-02
2.660343452335042769e-01
2.422000492906586366e-01
4.163049629342880364e-01
9.845821686894689062e-01
9.737066930958153677e-01
9.720168816951961777e-01
1.000000000000000000e+00
9.639096953961908687e-01
9.605368884906109184e-01
9.669938765372093625e-01
9.599240084456425182e-01
9.872516527279062704e-01
1.000000000000000000e+00
9.834690343330453333e-01
1.000000000000000000e+00
9.671175263979081560e-01
9.328728547628244439e-01
1.000000000000000000e+00
9.687568935974920636e-01
9.704506929928629066e-01
9.394013385826501805e-01
1.000000000000000000e+00
1.000000000000000000e+00
9.602340314390155340e-01
5.834174514160672231e+00
-2.350102578748467508e-01
2.599981403350830056e-01
-2.996834181249141693e-02
2.629200412045317736e-01
3.199541119121542820e-01
4.609669614700358520e-01
9.898732092453881304e-01
1.000000000000000000e+00
1.000000000000000000e+00
9.869959821777518627e-01
1.000000000000000000e+00
9.580071529757069326e-01
9.305600430571238091e-01
1.000000000000000000e+00
1.000000000000000000e+00
9.611172290291369880e-01
1.000000000000000000e+00
1.000000000000000000e+00
9.549733301060578938e-01
9.797900977772677766e-01
9.841325202194463051e-01
1.000000000000000000e+00
9.613593001917813963e-01
1.000000000000000000e+00
1.000000000000000000e+00
1.000000000000000000e+00
9.302030077735469193e-01
5.800300708109533687e+00
-2.367599977990564319e-01
2.599933052062988192e-01
8.676840923726558685e-03
3.649219545520620556e-01
3.103598986125074011e-01
4.072959883475238407e-01
1.000000000000000000e+00
9.490874975209118158e-01
1.000000000000000000e+00
9.989484851538559251e-01
9.586778053098953256e-01
9.697012837579155331e-01
1.000000000000000000e+00
9.379586812581972577e-01
1.000000000000000000e+00
9.370373904178108670e-01
1.000000000000000000e+00
9.363169373669075757e-01
9.573565067770825054e-01
9.506234940980125003e-01
9.960504129872214119e-01
9.965577215793933741e-01
9.430321969165421647e-01
1.000000000000000000e+00
9.927988130043887693e-01
9.692702270171985601e-01
1.000000000000000000e+00
5.775009795263746248e+00
-2.371283142402145216e-01
2.599960947036743519e-01
-1.155614200979471207e-02
3.308837577410209674e-01
3.136512280940653707e-01
5.200682034282062549e-01
9.830190087869797866e-01
9.904581699772556647e-01
9.452611086650744010e-01
9.334349062385794982e-01
1.000000000000000000e+00
9.741936592771748282e-01
9.823681073021361954e-01
1.000000000000000000e+00
9.875006831461499157e-01
9.887779262044377182e-01
9.982551253102094346e-01
1.000000000000000000e+00
9.325538916289376479e-01
9.942352314031185356e-01
1.000000000000000000e+00
1.000000000000000000e+00
9.382780744427322572e-01
1.000000000000000000e+00
9.791249211689060372e-01
1.000000000000000000e+00
1.000000000000000000e+00
5.741406981060595882e+00
-2.352620564861909180e-01
2.599974274635314941e-01
-3.143871203064918518e-02
2.312334673807779073e-01
3.864569338343549210e-01
4.970478524337667570e-01
9.725585091066256682e-01
1.000000000000000000e+00
9.828022057944957313e-01
9.597867573798205543e-01
9.601968377872963645e-01
1.000000000000000000e+00
1.000000000000000000e+00
1.000000000000000000e+00
9.392100015186848339e-01
1.000000000000000000e+00
9.586442998408707394e-01
1.000000000000000000e+00
1.000000000000000000e+00
1.000000000000000000e+00
1.000000000000000000e+00
9.640491131466816244e-01
1.000000000000000000e+00
9.908453100228297172e-01
9.516758836072541916e-01
1.000000000000000000e+00
1.000000000000000000e+00
5.716144966254723236e+00
-2.342168571609284378e-01
2.599980783462524370e-01
-2.200259082019329071e-02
3.430600805803800668e-01
3.954959411347636622e-01
4.744204997911275479e-01
1.000000000000000000e+00
9.401000908394784306e-01
9.979929397396291035e-01
1.000000000000000000e+00
1.000000000000000000e+00
9.868012231118156175e-01
9.699111657293572053e-01
1.000000000000000000e+00
9.881463899946353324e-01
1.000000000000000000e+00
1.000000000000000000e+00
1.000000000000000000e+00
9.524565438169875220e-01
1.000000000000000000e+00
9.828515408394533637e-01
9.689769502942342516e-01
1.000000000000000000e+00
1.000000000000000000e+00
9.646954902985092062e-01
1.000000000000000000e+00
1.000000000000000000e+00
5.682459894047965143e+00
-2.330887423965783967e-01
2.599950098991394287e-01
-1.874427124857902527e-02
2.759013002642621837e-01
4.566491082702977544e-01
5.479107206518800677e-01
1.000000000000000000e+00
9.928978940013507559e-01
1.000000000000000000e+00
1.000000000000000000e+00
9.760368682705179433e-01
1.000000000000000000e+00
9.708609784173939383e-01
9.807750673625716953e-01
9.367810419243225439e-01
1.000000000000000000e+00
9.991490441790519261e-01
1.000000000000000000e+00
1.000000000000000000e+00
1.000000000000000000e+00
1.000000000000000000e+00
9.307134451548112475e-01
1.000000000000000000e+00
1.000000000000000000e+00
9.830673569091509245e-01
9.357234180264066836e-01
9.304904390806024717e-01
5.657169580314521440e+00
-2.307858932794961682e-01
2.599985122680664174e-01
-2.853145822882652283e-02
3.127076551775274660e-01
4.209691093242803328e-01
5.622378427285161795e-01
1.000000000000000000e+00
1.000000000000000000e+00
9.999090548695634961e-01
9.561141284153009678e-01
1.000000000000000000e+00
9.482009984603697594e-01
9.546444491335484006e-01
1.000000000000000000e+00
9.483692898485560629e-01
1.000000000000000000e+00
1.000000000000000000e+00
1.000000000000000000e+00
9.981824373164426278e-01
9.857423482469469533e-01
9.972901675111073283e-01
1.000000000000000000e+00
9.492973840223716264e-01
1.000000000000000000e+00
9.441664216523034669e-01
1.000000000000000000e+00
9.712220358944411158e-01
5.623306150253854163e+00
-2.272968956792329465e-01
2.599975824356079435e-01
-5.143461376428604126e-02
3.499123548870138323e-01
3.981294375566038490e-01
1.000000000000000000e+00
1.000000000000000000e+00
1.000000000000000000e+00
1.000000000000000000e+00
9.490896645077190330e-01
9.322069077312322705e-01
1.000000000000000000e+00
9.421358139541947674e-01
1.000000000000000000e+00
1.000000000000000000e+00
1.000000000000000000e+00
1.000000000000000000e+00
9.645464657386266794e-01
9.644800925894206900e-01
9.494301253323466083e-01
9.844511785784852975e-01
9.780320413946049785e-01
1.000000000000000000e+00
9.852731173597086833e-01
9.741898828748251082e-01
9.829124348057683980e-01
1.000000000000000000e+00
5.597924894241210758e+00
-2.246760002014354107e-01
2.599976754188537686e-01
-3.561433404684066772e-02
3.780851392078069528e-01
5.090791786726391877e-01
9.418486263714997975e-01
1.000000000000000000e+00
1.000000000000000000e+00
9.798202500982020613e-01
1.000000000000000000e+00
9.669960048751790049e-01
9.945087054001859883e-01
9.341920708715755195e-01
9.714628590021056054e-01
9.373693324309544384e-01
1.000000000000000000e+00
1.000000000000000000e+00
1.000000000000000000e+00
1.000000000000000000e+00
1.000000000000000000e+00
1.000000000000000000e+00
1.000000000000000000e+00
1.000000000000000000e+00
9.619483527060742611e-01
1.000000000000000000e+00
9.296755712131175020e-01
9.549674906625652548e-01
5.564176055945275756e+00
-2.213423291978933172e-01
2.599988842010498291e-01
-2.810006029903888702e-02
3.819734032252029565e-01
4.702536166094049563e-01
9.917898880556874630e-01
1.000000000000000000e+00
9.290576617306184337e-01
1.000000000000000000e+00
9.375125495714191626e-01
1.000000000000000000e+00
1.000000000000000000e+00
9.344912864605871006e-01
9.644854748410398582e-01
9.968766696831445895e-01
9.741027496036968047e-01
1.000000000000000000e+00
9.292236301133043330e-01
9.883372858251343596e-01
1.000000000000000000e+00
1.000000000000000000e+00
1.000000000000000000e+00
9.783200954078221656e-01
1.000000000000000000e+00
1.000000000000000000e+00
9.355587714400768196e-01
9.355392115349483451e-01
5.538873131059824928e+00
-2.190169431253856658e-01
2.599991011619567916e-01
-3.808064386248588562e-02
3.617828237381983114e-01
4.192387528987228662e-01
9.380945567559894060e-01
1.000000000000000000e+00
1.000000000000000000e+00
1.000000000000000000e+00
9.590745678371409566e-01
1.000000000000000000e+00
9.845119254715906099e-01
1.000000000000000000e+00
9.789238356847326239e-01
9.876153228798258965e-01
9.964764228945216518e-01
9.423640280218693599e-01
9.786669211095413434e-01
1.000000000000000000e+00
9.877837904412904990e-01
1.000000000000000000e+00
1.000000000000000000e+00
1.000000000000000000e+00
9.473924939029647607e-01
9.880743273461958243e-01
9.915551052587014969e-01
9.937589692617903037e-01
5.513508343144405188e+00
-2.166961011379959778e-01
2.599990391731262229e-01
-3.672922775149345398e-02
4.239526391726629595e-01
4.392890876520111898e-01
1.000000000000000000e+00
9.567966395808135127e-01
1.000000000000000000e+00
1.000000000000000000e+00
9.453607193937948461e-01
1.000000000000000000e+00
1.000000000000000000e+00
9.636731447030463249e-01
9.296769993670687127e-01
1.000000000000000000e+00
9.480866931337843528e-01
1.000000000000000000e+00
1.000000000000000000e+00
9.771058544557179593e-01
1.000000000000000000e+00
9.746323888213962450e-01
1.000000000000000000e+00
1.000000000000000000e+00
9.954171905781915575e-01
9.352485875900098389e-01
1.000000000000000000e+00
9.387588634509834717e-01
5.479653048533368320e+00
-2.146543285614117558e-01
2.599984502792358487e-01
-1.664983481168746948e-02
4.102409524523222828e-01
4.221028958121184615e-01
1.000000000000000000e+00
9.484195905744241539e-01
1.000000000000000000e+00
1.000000000000000000e+00
9.648860625418501646e-01
1.000000000000000000e+00
9.401002015398811640e-01
9.477995260051724769e-01
1.000000000000000000e+00
9.587849616056797197e-01
9.766804697133528723e-01
1.000000000000000000e+00
9.844543334575730498e-01
1.000000000000000000e+00
1.000000000000000000e+00
9.661098789899440487e-01
1.000000000000000000e+00
9.417129790696028291e-01
1.000000000000000000e+00
9.571003558067788797e-01
1.000000000000000000e+00
9.885494997354269398e-01
5.454265301047451331e+00
-2.130375878130368328e-01
2.599991941452026722e-01
-1.884871907532215118e-02
3.749642227589485843e-01
4.384039121309132869e-01
9.818310857559884308e-01
1.000000000000000000e+00
9.434877606219289614e-01
1.000000000000000000e+00
1.000000000000000000e+00
9.871068061548288197e-01
1.000000000000000000e+00
1.000000000000000000e+00
9.809586379378795185e-01
9.917279444288118473e-01
9.985199046303646631e-01
1.000000000000000000e+00
1.000000000000000000e+00
1.000000000000000000e+00
1.000000000000000000e+00
1.000000000000000000e+00
1.000000000000000000e+00
9.426801294255439112e-01
1.000000000000000000e+00
1.000000000000000000e+00
9.634118278205975328e-01
1.000000000000000000e+00
5.420306206400650417e+00
-2.131170045206292052e-01
2.599988222122192605e-01
-6.184483878314495087e-03
4.514832422279911328e-01
4.992558358245241523e-01
9.525395384690550360e-01
1.000000000000000000e+00
9.962815390372746771e-01
9.778245785105406096e-01
9.411645693424145476e-01
9.885068609163865094e-01
1.000000000000000000e+00
1.000000000000000000e+00
9.581164866816640480e-01
1.000000000000000000e+00
9.804801079377426509e-01
9.826746969141939569e-01
9.597126039110752682e-01
9.820811532953189760e-01
9.418307611281034886e-01
1.000000000000000000e+00
1.000000000000000000e+00
1.000000000000000000e+00
1.000000000000000000e+00
1.000000000000000000e+00
1.000000000000000000e+00
1.000000000000000000e+00
5.394875847854243567e+00
-2.140391375878696323e-01
2.599988842010498291e-01
-2.580477623268961906e-03
4.314453703084012437e-01
5.017595122348037506e-01
1.000000000000000000e+00
9.444475261062672544e-01
9.907175147414248872e-01
9.622312593709947404e-01
1.000000000000000000e+00
9.367699678746703729e-01
1.000000000000000000e+00
1.000000000000000000e+00
9.325109069498231928e-01
1.000000000000000000e+00
9.827360260713445816e-01
1.000000000000000000e+00
1.000000000000000000e+00
9.760369479312561714e-01
9.504919098699353697e-01
9.630695598996305007e-01
9.659730541610462851e-01
1.000000000000000000e+00
1.000000000000000000e+00
1.000000000000000000e+00
9.463195558293551191e-01
1.000000000000000000e+00
5.369450610833268911e+00
-2.127860704462074537e-01
2.599992251396179288e-01
-2.527522109448909760e-02
3.877301422560475719e-01
5.040835731782652429e-01
9.832523966621637967e-01
9.428212624458860436e-01
1.000000000000000000e+00
9.755351701304059153e-01
1.000000000000000000e+00
9.713509650288685293e-01
9.424599405279413533e-01
9.432522985484573796e-01
1.000000000000000000e+00
9.527475251763670716e-01
9.971669363739978920e-01
9.487682264954583333e-01
9.744717051429260257e-01
1.000000000000000000e+00
9.619163698121327988e-01
1.000000000000000000e+00
9.813299534971127169e-01
1.000000000000000000e+00
1.000000000000000000e+00
9.791418180751840783e-01
1.000000000000000000e+00
1.000000000000000000e+00
5.335721361484780267e+00
-2.100255436991051994e-01
2.599992251396179288e-01
-3.472980856895446777e-02
4.193714026397024064e-01
1.000000000000000000e+00
9.990728837586957400e-01
9.483618946696870111e-01
1.000000000000000000e+00
1.000000000000000000e+00
9.485324189742148082e-01
9.477310110345527061e-01
1.000000000000000000e+00
9.777730264018101858e-01
1.000000000000000000e+00
1.000000000000000000e+00
9.906285821635890665e-01
9.440511886826572496e-01
1.000000000000000000e+00
1.000000000000000000e+00
1.000000000000000000e+00
9.906405942114632213e-01
1.000000000000000000e+00
9.912499957814470131e-01
1.000000000000000000e+00
1.000000000000000000e+00
9.839932845945911222e-01
1.000000000000000000e+00
5.310330941541077543e+00
-2.106069548113280732e-01
2.599984192848205922e-01
6.565715651959180832e-03
4.328211356056057002e-01
9.696033839355023831e-01
1.000000000000000000e+00
1.000000000000000000e+00
9.390456616549428537e-01
9.887376240866425636e-01
9.914688562995221943e-01
1.000000000000000000e+00
1.000000000000000000e+00
9.896657378151373363e-01
1.000000000000000000e+00
1.000000000000000000e+00
9.865245259565711411e-01
1.000000000000000000e+00
9.771228276958231485e-01
1.000000000000000000e+00
9.774536714303801999e-01
1.000000000000000000e+00
9.533941930079530280e-01
9.745304107132078952e-01
9.974502965150719991e-01
9.779731067311668857e-01
9.809076956772154743e-01
1.000000000000000000e+00
5.276245217997209913e+00
-2.015587077430542884e-01
2.599998760223388716e-01
-2.098598033189773560e-01
4.503566936068986171e-01
1.000000000000000000e+00
1.000000000000000000e+00
1.000000000000000000e+00
1.000000000000000000e+00
9.949636087710185262e-01
9.614913746954522056e-01
9.684942277623235229e-01
9.516859497367969878e-01
9.782961441783950551e-01
9.831098868600463003e-01
9.983075938386107850e-01
9.707057986739019428e-01
9.968753017174704079e-01
9.417607186218950321e-01
9.516269947955832142e-01
9.718199826717081047e-01
9.854354065653412320e-01
1.000000000000000000e+00
1.000000000000000000e+00
1.000000000000000000e+00
9.862514613464632429e-01
9.549217822221451879e-01
9.444003902477905443e-01
5.250698721160402371e+00
-1.833706195262223559e-01
2.599998760223388716e-01
-1.624426096677780151e-01
5.068192353155718255e-01
9.843944215932550756e-01
1.000000000000000000e+00
1.000000000000000000e+00
1.000000000000000000e+00
9.528029317115986885e-01
1.000000000000000000e+00
1.000000000000000000e+00
1.000000000000000000e+00
9.497207406970040733e-01
1.000000000000000000e+00
9.373934353439047351e-01
9.410898673124119540e-01
1.000000000000000000e+00
9.772174715988102278e-01
9.637316660314203531e-01
1.000000000000000000e+00
9.783793692271022246e-01
9.576820417970560717e-01
1.000000000000000000e+00
1.000000000000000000e+00
9.616685403405053068e-01
1.000000000000000000e+00
1.000000000000000000e+00
5.216350159009189191e+00
-1.632736470405986573e-01
2.599997830390930464e-01
-1.621695309877395630e-01
4.594220412190766489e-01
1.000000000000000000e+00
1.000000000000000000e+00
9.446551920039498729e-01
1.000000000000000000e+00
9.784792040714507255e-01
9.370362366250750696e-01
1.000000000000000000e+00
1.000000000000000000e+00
9.968724795001406846e-01
1.000000000000000000e+00
1.000000000000000000e+00
1.000000000000000000e+00
1.000000000000000000e+00
1.000000000000000000e+00
1.000000000000000000e+00
1.000000000000000000e+00
9.787632818424529813e-01
9.840680223498725621e-01
1.000000000000000000e+00
1.000000000000000000e+00
1.000000000000000000e+00
9.345720995365677242e-01
1.000000000000000000e+00
5.181951914984406216e+00
-1.437209048215644103e-01
2.599997520446777344e-01
-1.500747501850128174e-01
4.654855132129728790e-01
1.000000000000000000e+00
9.795114641577036263e-01
1.000000000000000000e+00
9.951416602103030362e-01
9.901599248548373922e-01
9.389103381942548454e-01
9.688810584053310082e-01
1.000000000000000000e+00
1.000000000000000000e+00
9.977370075637103097e-01
1.000000000000000000e+00
1.000000000000000000e+00
9.683881224112119712e-01
9.725537780141231270e-01
1.000000000000000000e+00
9.298972308366815209e-01
1.000000000000000000e+00
9.896128671356088091e-01
1.000000000000000000e+00
9.839569869412977399e-01
1.000000000000000000e+00
1.000000000000000000e+00
9.515973337340588589e-01
5.156016903657566708e+00
-1.302525269271113117e-01
2.599997830390930464e-01
-1.375619620084762573e-01
3.959699653497877891e-01
1.000000000000000000e+00
9.869452706272799913e-01
9.530506418232082000e-01
1.000000000000000000e+00
1.000000000000000000e+00
1.000000000000000000e+00
1.000000000000000000e+00
9.682578696389511075e-01
9.993232977627922731e-01
1.000000000000000000e+00
1.000000000000000000e+00
1.000000000000000000e+00
1.000000000000000000e+00
9.681555223072925154e-01
1.000000000000000000e+00
1.000000000000000000e+00
9.394912420993529745e-01
9.551966280901614814e-01
1.000000000000000000e+00
1.000000000000000000e+00
9.369306122544581727e-01
9.897395746289946450e-01
1.000000000000000000e+00
5.130260575146828650e+00
-1.182691733437062354e-01
2.599996900558471657e-01
-1.212469637393951416e-01
4.942912311231968947e-01
1.000000000000000000e+00
9.436997064928915879e-01
9.585380248282889815e-01
1.000000000000000000e+00
1.000000000000000000e+00
9.518218290656779157e-01
9.850594703834580912e-01
9.515290036581143251e-01
9.841401462902951147e-01
1.000000000000000000e+00
9.999631479157978786e-01
9.892255348214141764e-01
9.470740826347316954e-01
9.864385492510764353e-01
1.000000000000000000e+00
9.332636940677045967e-01
1.000000000000000000e+00
9.690854344278804211e-01
9.401988960144268548e-01
9.408538068940819343e-01
1.000000000000000000e+00
1.000000000000000000e+00
1.000000000000000000e+00
5.095828479657116716e+00
-1.060466832743811594e-01
2.599995970726013406e-01
-7.186984270811080933e-02
4.098647230833067368e-01
9.383146227978552689e-01
9.903323065021526483e-01
9.571204908420486435e-01
9.381309162844667648e-01
1.000000000000000000e+00
9.831456107778679954e-01
1.000000000000000000e+00
9.832521690337390208e-01
9.461864166730755699e-01
9.915570250208661784e-01
9.905155121399511486e-01
9.981710167712822823e-01
9.519476602099564699e-01
1.000000000000000000e+00
1.000000000000000000e+00
9.648078468765649562e-01
9.962443820142542483e-01
9.868270990268162013e-01
1.000000000000000000e+00
1.000000000000000000e+00
1.000000000000000000e+00
1.000000000000000000e+00
1.000000000000000000e+00
5.069843970285838886e+00
-1.014218640766242352e-01
2.599995660781860285e-01
-4.016984626650810242e-02
5.192203194203177663e-01
9.464389442889123982e-01
9.809168897288726985e-01
1.000000000000000000e+00
9.617642033774725929e-01
1.000000000000000000e+00
9.481883515217034430e-01
1.000000000000000000e+00
9.957343262955051788e-01
1.000000000000000000e+00
1.000000000000000000e+00
1.000000000000000000e+00
9.596081103847382554e-01
1.000000000000000000e+00
1.000000000000000000e+00
9.523655879642144440e-01
1.000000000000000000e+00
1.000000000000000000e+00
9.753082021753077813e-01
9.614659319483100930e-01
1.000000000000000000e+00
1.000000000000000000e+00
9.996404214281139344e-01
9.480587115416371224e-01
5.044167543306882884e+00
-9.735235277359199912e-02
2.599990701675415350e-01
6.963352859020233154e-02
4.217533610561437496e-01
1.000000000000000000e+00
9.724028075476320865e-01
1.000000000000000000e+00
9.699564463547768467e-01
1.000000000000000000e+00
9.591466706132207864e-01
9.496819516807178951e-01
1.000000000000000000e+00
9.818744881791483525e-01
1.000000000000000000e+00
9.758445416716658993e-01
1.000000000000000000e+00
1.000000000000000000e+00
1.000000000000000000e+00
1.000000000000000000e+00
1.000000000000000000e+00
1.000000000000000000e+00
1.000000000000000000e+00
9.510068855485324102e-01
1.000000000000000000e+00
9.351778849811964722e-01
9.831073538644703458e-01
1.000000000000000000e+00
5.009898699842106673e+00
-1.041077334261260035e-01
2.599995350837707719e-01
4.861290380358695984e-02
4.883975654445988357e-01
1.000000000000000000e+00
1.000000000000000000e+00
9.940952291718285760e-01
1.000000000000000000e+00
1.000000000000000000e+00
9.799009183719993299e-01
1.000000000000000000e+00
1.000000000000000000e+00
1.000000000000000000e+00
9.494192810170999364e-01
9.516109402787291671e-01
9.665264226685231774e-01
1.000000000000000000e+00
9.765875821713203564e-01
1.000000000000000000e+00
9.691266918983609813e-01
1.000000000000000000e+00
1.000000000000000000e+00
9.737241743476358069e-01
9.291450259086573293e-01
1.000000000000000000e+00
9.292868323512062378e-01
1.000000000000000000e+00
4.984057585698598025e+00
-1.108186412498901596e-01
2.599994421005248912e-01
7.086692005395889282e-02
4.454457027838697458e-01
1.000000000000000000e+00
1.000000000000000000e+00
9.979204281555620337e-01
1.000000000000000000e+00
9.550287966345994972e-01
1.000000000000000000e+00
1.000000000000000000e+00
9.756679878796076233e-01
9.478817536578462155e-01
9.451492482090987357e-01
1.000000000000000000e+00
9.308385747979347480e-01
1.000000000000000000e+00
1.000000000000000000e+00
1.000000000000000000e+00
9.310019431344453977e-01
1.000000000000000000e+00
9.598663411734812412e-01
9.434453333138420605e-01
1.000000000000000000e+00
1.000000000000000000e+00
1.000000000000000000e+00
1.000000000000000000e+00
4.958152069394836658e+00
-1.142672731134335429e-01
2.599995660781860285e-01
1.968765864148736000e-03
4.931061678083766830e-01
1.000000000000000000e+00
9.981692074876595822e-01
9.813616696180821330e-01
1.000000000000000000e+00
9.352876477873861560e-01
1.000000000000000000e+00
9.942885638113120317e-01
1.000000000000000000e+00
9.928312251284067136e-01
1.000000000000000000e+00
1.000000000000000000e+00
1.000000000000000000e+00
1.000000000000000000e+00
9.300246178490993998e-01
9.359896973665565723e-01
9.952094004115330517e-01
1.000000000000000000e+00
1.000000000000000000e+00
9.443446559271543306e-01
1.000000000000000000e+00
1.000000000000000000e+00
9.588214047833080178e-01
9.904254487117036820e-01
4.923928421315468817e+00
-1.160102957440241056e-01
2.599994421005248912e-01
9.393973276019096375e-03
4.729647061114786721e-01
9.344204296066255244e-01
1.000000000000000000e+00
9.907348575188359430e-01
9.533763447494330023e-01
9.801056782777127774e-01
9.357895841964106731e-01
9.493935047004352645e-01
1.000000000000000000e+00
1.000000000000000000e+00
9.995398027334625457e-01
1.000000000000000000e+00
1.000000000000000000e+00
1.000000000000000000e+00
1.000000000000000000e+00
9.728978459499949549e-01
9.407048732269370772e-01
9.354461990906105529e-01
1.000000000000000000e+00
1.000000000000000000e+00
9.366177513440311353e-01
1.000000000000000000e+00
9.340886927092386660e-01
1.000000000000000000e+00
4.898125607901609335e+00
-1.146674072255327026e-01
2.599995660781860285e-01
-3.417890518903732300e-02
5.655679886636917342e-01
9.612212120454721731e-01
9.809605827964417157e-01
1.000000000000000000e+00
9.848466853612213301e-01
1.000000000000000000e+00
9.960270331123386445e-01
9.406338502103828159e-01
1.000000000000000000e+00
1.000000000000000000e+00
1.000000000000000000e+00
9.979743864456701585e-01
9.359002614520077756e-01
9.337875667246614553e-01
9.490610439688468292e-01
1.000000000000000000e+00
1.000000000000000000e+00
1.000000000000000000e+00
1.000000000000000000e+00
9.925273115849430061e-01
1.000000000000000000e+00
9.325835679982176218e-01
1.000000000000000000e+00
1.000000000000000000e+00
4.863661656793845545e+00
-1.136682649968077108e-01
2.599995350837707719e-01
9.465827606618404388e-03
9.600969090041093779e-01
1.000000000000000000e+00
9.524396067600482407e-01
9.608160965539715992e-01
9.964061431508620670e-01
9.831012377979183592e-01
1.000000000000000000e+00
9.890035646411720061e-01
9.917790750205346395e-01
1.000000000000000000e+00
1.000000000000000000e+00
9.691283700961780267e-01
9.915029897138180059e-01
1.000000000000000000e+00
1.000000000000000000e+00
1.000000000000000000e+00
9.285863617601904929e-01
1.000000000000000000e+00
1.000000000000000000e+00
9.501517905756090565e-01
9.979316246127245549e-01
1.000000000000000000e+00
9.831423698320235216e-01
1.000000000000000000e+00
4.837889621569894771e+00
-1.132043070268156093e-01
2.599996280670165971e-01
-8.027576655149459839e-02
1.000000000000000000e+00
9.311381874145656656e-01
1.000000000000000000e+00
1.000000000000000000e+00
9.692341682969746186e-01
1.000000000000000000e+00
9.592358632563773302e-01
9.832386387865821309e-01
1.000000000000000000e+00
9.342985767294292865e-01
9.807493184691431498e-01
9.869842754728596068e-01
1.000000000000000000e+00
1.000000000000000000e+00
1.000000000000000000e+00
9.463827677693973373e-01
9.533063080147298196e-01
1.000000000000000000e+00
1.000000000000000000e+00
9.851027746396916474e-01
9.998938784214436160e-01
1.000000000000000000e+00
9.491010304471257930e-01
1.000000000000000000e+00
4.803222176107443175e+00
-9.520901748996113412e-02
2.599999690055847523e-01
-2.345729321241378784e-01
1.000000000000000000e+00
9.346106739918015327e-01
1.000000000000000000e+00
9.888296579166876432e-01
9.832371905679651025e-01
9.646876000308621801e-01
9.556153170739004610e-01
9.496158531068848996e-01
9.905019705637807537e-01
1.000000000000000000e+00
9.733290427093849173e-01
1.000000000000000000e+00
9.776885553827491249e-01
1.000000000000000000e+00
9.986492682780490071e-01
1.000000000000000000e+00
9.890645915638472951e-01
1.000000000000000000e+00
1.000000000000000000e+00
9.953019225150736560e-01
1.000000000000000000e+00
9.699325832925439483e-01
9.986739452470877465e-01
1.000000000000000000e+00
4.777122276087014896e+00
-7.628408212691129009e-02
2.599999380111694403e-01
-1.692978441715240479e-01
9.660145165237213893e-01
1.000000000000000000e+00
9.778242510460600778e-01
1.000000000000000000e+00
9.335674861549652093e-01
9.541975185350209943e-01
1.000000000000000000e+00
1.000000000000000000e+00
1.000000000000000000e+00
9.840357005156363801e-01
1.000000000000000000e+00
1.000000000000000000e+00
9.921903239364910920e-01
1.000000000000000000e+00
9.807698898149738165e-01
9.740547539820391121e-01
1.000000000000000000e+00
9.394969734910674219e-01
1.000000000000000000e+00
9.561489180369784346e-01
1.000000000000000000e+00
1.000000000000000000e+00
9.591980482674109521e-01
9.289792888766637002e-01
4.742447656930240285e+00
-5.369459791926356473e-02
2.599999380111694403e-01
-1.937621235847473145e-01
1.000000000000000000e+00
9.709725146559777809e-01
9.409965885966794508e-01
1.000000000000000000e+00
9.787845771572627473e-01
1.000000000000000000e+00
9.494406532890754535e-01
1.000000000000000000e+00
1.000000000000000000e+00
1.000000000000000000e+00
9.574617544791657053e-01
1.000000000000000000e+00
1.000000000000000000e+00
9.511290240225255266e-01
1.000000000000000000e+00
1.000000000000000000e+00
9.421013111665997863e-01
9.561811372152376753e-01
1.000000000000000000e+00
9.655825349926867585e-01
9.469083410546448309e-01
1.000000000000000000e+00
1.000000000000000000e+00
1.000000000000000000e+00
4.716454579807088265e+00
-3.550868166865406295e-02
2.599999380111694403e-01
-1.753288954496383667e-01
1.000000000000000000e+00
1.000000000000000000e+00
9.950585634667300505e-01
9.367429429330293988e-01
1.000000000000000000e+00
9.872171672583925917e-01
9.554569965974194501e-01
1.000000000000000000e+00
1.000000000000000000e+00
1.000000000000000000e+00
1.000000000000000000e+00
9.756379387639915191e-01
1.000000000000000000e+00
1.000000000000000000e+00
1.000000000000000000e+00
9.512002522673809191e-01
9.684578042312865787e-01
1.000000000000000000e+00
9.802320441548666441e-01
9.440991047978807282e-01
9.893010945738309747e-01
1.000000000000000000e+00
9.511479091218690840e-01
9.709473831356519868e-01
4.681713074327411128e+00
-1.235650849409397622e-02
2.599998760223388716e-01
-1.683546900749206543e-01
1.000000000000000000e+00
1.000000000000000000e+00
1.000000000000000000e+00
1.000000000000000000e+00
1.000000000000000000e+00
9.887623391517690319e-01
9.878576754378125546e-01
1.000000000000000000e+00
1.000000000000000000e+00
1.000000000000000000e+00
1.000000000000000000e+00
1.000000000000000000e+00
1.000000000000000000e+00
1.000000000000000000e+00
9.630755461640495563e-01
9.344304966781832311e-01
1.000000000000000000e+00
9.440165965375378887e-01
9.342188474589611102e-01
1.000000000000000000e+00
9.538818456508845189e-01
1.000000000000000000e+00
9.533174857999823226e-01
1.000000000000000000e+00
4.655581130841259352e+00
4.023089665200707543e-03
2.599998450279236151e-01
-1.659701615571975708e-01
9.962348380261303316e-01
1.000000000000000000e+00
9.549937105497694478e-01
9.861022262597087806e-01
9.652334026098680075e-01
1.000000000000000000e+00
1.000000000000000000e+00
9.607553323805753109e-01
9.582076599535238604e-01
9.394593021348608408e-01
1.000000000000000000e+00
1.000000000000000000e+00
1.000000000000000000e+00
1.000000000000000000e+00
9.321085352641649280e-01
1.000000000000000000e+00
9.751372631693957516e-01
9.708823019076809890e-01
9.990912141634348265e-01
9.866251619864901956e-01
9.668958784079026980e-01
9.927747340615624694e-01
9.788993299111600210e-01
9.445240823608482827e-01
4.629474629639392269e+00
1.966877774038433557e-02
2.599998140335083030e-01
-1.602079719305038452e-01
9.790130844989344272e-01
9.421301052578517909e-01
9.800726353315429851e-01
9.954169493981935846e-01
9.525177598289987779e-01
9.668466686980209390e-01
1.000000000000000000e+00
1.000000000000000000e+00
9.897427727558244515e-01
9.561801429082220638e-01
1.000000000000000000e+00
9.413230191546398951e-01
9.453383691702089697e-01
1.000000000000000000e+00
1.000000000000000000e+00
1.000000000000000000e+00
1.000000000000000000e+00
1.000000000000000000e+00
1.000000000000000000e+00
1.000000000000000000e+00
9.605779918284788055e-01
9.890203511772254208e-01
1.000000000000000000e+00
9.386060490320338179e-01
4.594634102339932191e+00
3.871503440949641828e-02
2.599998140335083030e-01
-1.042366474866867065e-01
9.583528380259823676e-01
1.000000000000000000e+00
9.302395973664824291e-01
1.000000000000000000e+00
1.000000000000000000e+00
9.857496629344291161e-01
1.000000000000000000e+00
9.581370568251096342e-01
9.477903164400643954e-01
9.319811692688072524e-01
1.000000000000000000e+00
9.550115468912780958e-01
9.558164055386173530e-01
9.413864777257121563e-01
9.406490434246276289e-01
9.935204926224053823e-01
9.455963517844417909e-01
9.936452855406797680e-01
1.000000000000000000e+00
9.528817740502100175e-01
1.000000000000000000e+00
1.000000000000000000e+00
1.000000000000000000e+00
9.954273792233360174e-01
4.568552475829473103e+00
4.430708879550060431e-02
2.599998140335083030e-01
2.274109236896038055e-02
9.684829842444402370e-01
1.000000000000000000e+00
1.000000000000000000e+00
1.000000000000000000e+00
1.000000000000000000e+00
9.523529167873616696e-01
9.781947448486807417e-01
1.000000000000000000e+00
9.396858503226750425e-01
1.000000000000000000e+00
9.965257757074849065e-01
1.000000000000000000e+00
9.702378031992654472e-01
1.000000000000000000e+00
9.572724229055254996e-01
1.000000000000000000e+00
1.000000000000000000e+00
9.810792592780673838e-01
9.766567956250945537e-01
1.000000000000000000e+00
1.000000000000000000e+00
9.682123297904233761e-01
1.000000000000000000e+00
1.000000000000000000e+00
4.534114289827330779e+00
3.757040094489072501e-02
2.599997830390930464e-01
7.114236801862716675e-02
1.000000000000000000e+00
1.000000000000000000e+00
1.000000000000000000e+00
1.000000000000000000e+00
9.617176451565077056e-01
9.557872399696881738e-01
9.543028323209877817e-01
1.000000000000000000e+00
1.000000000000000000e+00
9.553806550450085755e-01
9.593615721321938627e-01
1.000000000000000000e+00
1.000000000000000000e+00
1.000000000000000000e+00
1.000000000000000000e+00
1.000000000000000000e+00
9.540307631773161656e-01
1.000000000000000000e+00
9.429056718607384813e-01
9.768209705686518030e-01
1.000000000000000000e+00
9.880245323356006137e-01
9.943645987763110039e-01
1.000000000000000000e+00
4.499664559250618368e+00
2.818321146660629495e-02
2.599999070167541837e-01
7.657558470964431763e-02
1.000000000000000000e+00
9.504704717998110342e-01
9.946917584037715532e-01
9.294688424024103446e-01
1.000000000000000000e+00
1.000000000000000000e+00
1.000000000000000000e+00
1.000000000000000000e+00
1.000000000000000000e+00
9.679658891395367393e-01
1.000000000000000000e+00
9.765452671634516912e-01
1.000000000000000000e+00
9.892226980524229107e-01
9.388830488861195089e-01
1.000000000000000000e+00
9.580263527501555743e-01
9.833688268242949393e-01
1.000000000000000000e+00
1.000000000000000000e+00
1.000000000000000000e+00
9.296306230325054321e-01
9.472030024271483883e-01
9.754311076242768719e-01
4.473716172766119215e+00
2.246502495826430135e-02
2.599999380111694403e-01
5.986025184392929077e-02
1.000000000000000000e+00
9.615514500587589719e-01
1.000000000000000000e+00
1.000000000000000000e+00
1.000000000000000000e+00
9.864580820107287096e-01
1.000000000000000000e+00
1.000000000000000000e+00
1.000000000000000000e+00
1.000000000000000000e+00
1.000000000000000000e+00
1.000000000000000000e+00
1.000000000000000000e+00
1.000000000000000000e+00
1.000000000000000000e+00
1.000000000000000000e+00
1.000000000000000000e+00
9.442822776835765319e-01
9.627698429112817591e-01
9.813627022032659353e-01
1.000000000000000000e+00
9.387911360304882491e-01
9.682945195915497738e-01
1.000000000000000000e+00
4.439032195660620239e+00
1.691957655168119246e-02
2.599999070167541837e-01
7.895103655755519867e-03
1.000000000000000000e+00
9.605841876991131345e-01
1.000000000000000000e+00
9.724380393753484508e-01
1.000000000000000000e+00
9.374021094602014159e-01
9.934721670709939501e-01
9.790333025220353536e-01
1.000000000000000000e+00
9.574992372869760571e-01
9.295304905429552234e-01
9.384277280634646390e-01
9.450162249624715072e-01
1.000000000000000000e+00
1.000000000000000000e+00
1.000000000000000000e+00
1.000000000000000000e+00
1.000000000000000000e+00
1.000000000000000000e+00
9.314922306321736789e-01
1.000000000000000000e+00
9.695840815092741094e-01
9.736166158035756135e-01
1.000000000000000000e+00
4.404506327029078072e+00
1.807270493417867385e-02
2.599999070167541837e-01
-1.507037878036499023e-02
1.000000000000000000e+00
1.000000000000000000e+00
9.422532653538701064e-01
9.585744203097928962e-01
9.611624789977931682e-01
1.000000000000000000e+00
1.000000000000000000e+00
1.000000000000000000e+00
9.905113861006377141e-01
9.309395658215223746e-01
1.000000000000000000e+00
9.621848890619715267e-01
9.664472215808194155e-01
1.000000000000000000e+00
9.555889491827983528e-01
1.000000000000000000e+00
9.323255484306276486e-01
1.000000000000000000e+00
1.000000000000000000e+00
1.000000000000000000e+00
9.759549056522339727e-01
9.533770146217489527e-01
9.299521903897141062e-01
9.494093611251260834e-01
4.378526855385780792e+00
1.889198098379019086e-02
2.599998760223388716e-01
4.575565923005342484e-03
1.000000000000000000e+00
9.888504089001702857e-01
1.000000000000000000e+00
1.000000000000000000e+00
1.000000000000000000e+00
9.777856328883973713e-01
9.544637329359099143e-01
9.497407101028773058e-01
1.000000000000000000e+00
9.843707635327282324e-01
9.698761453176157898e-01
9.311313393075132394e-01
1.000000000000000000e+00
1.000000000000000000e+00
9.562719427741744882e-01
1.000000000000000000e+00
9.671961079620261525e-01
9.702238843670365487e-01
9.904747643805865698e-01
1.000000000000000000e+00
9.703509501997125142e-01
9.706658903334030031e-01
1.000000000000000000e+00
9.956273367839588717e-01
4.352505996130001442e+00
2.317749210139696814e-02
2.599999070167541837e-01
-6.731271743774414062e-02
1.000000000000000000e+00
1.000000000000000000e+00
9.615035257098677457e-01
9.335663433615014606e-01
9.845127960955207813e-01
9.397241355026543230e-01
9.547256158505419421e-01
1.000000000000000000e+00
1.000000000000000000e+00
9.445902736185259885e-01
9.961054219011370447e-01
1.000000000000000000e+00
1.000000000000000000e+00
1.000000000000000000e+00
1.000000000000000000e+00
9.563753035881871201e-01
1.000000000000000000e+00
9.397411208779685721e-01
9.871209606142292703e-01
9.537921505647500853e-01
1.000000000000000000e+00
1.000000000000000000e+00
1.000000000000000000e+00
9.573108873468846314e-01
4.326522462809400338e+00
2.629985397919920587e-02
2.599997830390930464e-01
-1.995482668280601501e-02
1.000000000000000000e+00
1.000000000000000000e+00
9.821003598841525628e-01
9.354857945617114368e-01
9.741859715182075163e-01
1.000000000000000000e+00
9.984297958455875532e-01
1.000000000000000000e+00
1.000000000000000000e+00
1.000000000000000000e+00
1.000000000000000000e+00
9.597057863916985676e-01
9.792366827941952900e-01
9.431156214718401376e-01
9.484056619233065533e-01
9.746508192707342699e-01
9.914261728643164462e-01
9.391328904582202375e-01
9.465583894553952771e-01
9.324490368523952188e-01
1.000000000000000000e+00
1.000000000000000000e+00
1.000000000000000000e+00
1.000000000000000000e+00
4.292085481587715634e+00
2.745345811142696490e-02
2.599999070167541837e-01
1.929899118840694427e-02
9.763719849469447709e-01
9.479671708652619433e-01
9.980479399641708493e-01
9.922915784224967117e-01
1.000000000000000000e+00
9.897464046420302308e-01
9.474650552535639481e-01
9.953423494498444546e-01
9.500313250518621633e-01
1.000000000000000000e+00
9.539172538037583582e-01
1.000000000000000000e+00
9.470686407954345132e-01
1.000000000000000000e+00
9.437850140341365046e-01
9.756799659794200830e-01
1.000000000000000000e+00
1.000000000000000000e+00
9.782485146191305381e-01
1.000000000000000000e+00
1.000000000000000000e+00
1.000000000000000000e+00
9.621456414113261912e-01
1.000000000000000000e+00
4.266055411874087433e+00
3.314274467429756399e-02
2.599999070167541837e-01
-1.008782759308815002e-01
9.433471891777628349e-01
9.829115085902879745e-01
9.788356365535937353e-01
9.778793712083848622e-01
1.000000000000000000e+00
9.852526275647183196e-01
9.965841012650210606e-01
1.000000000000000000e+00
1.000000000000000000e+00
9.687828190744144363e-01
9.928840531205206377e-01
1.000000000000000000e+00
1.000000000000000000e+00
1.000000000000000000e+00
9.849124707596802475e-01
1.000000000000000000e+00
9.773525434154863856e-01
9.458405467151583812e-01
1.000000000000000000e+00
9.754843362655190031e-01
9.745602233910916068e-01
9.938558488375960343e-01
1.000000000000000000e+00
1.000000000000000000e+00
4.231203582254345008e+00
4.047689690744338264e-02
2.599997210502624778e-01
-8.078212849795818329e-03
1.000000000000000000e+00
9.472980559594528227e-01
9.454367400898257001e-01
1.000000000000000000e+00
1.000000000000000000e+00
9.552402664115305919e-01
9.970145936542366139e-01
9.798963471231330047e-01
1.000000000000000000e+00
1.000000000000000000e+00
9.666204185342001098e-01
1.000000000000000000e+00
1.000000000000000000e+00
1.000000000000000000e+00
1.000000000000000000e+00
9.487444648137276504e-01
1.000000000000000000e+00
1.000000000000000000e+00
1.000000000000000000e+00
1.000000000000000000e+00
1.000000000000000000e+00
9.287675908816457326e-01
9.300410257997876462e-01
9.889240455034408184e-01
4.205247011728621587e+00
3.696695981008879528e-02
2.599999070167541837e-01
5.594025179743766785e-02
1.000000000000000000e+00
1.000000000000000000e+00
1.000000000000000000e+00
9.404429657587891622e-01
9.559494078310264431e-01
9.802697733592512508e-01
1.000000000000000000e+00
1.000000000000000000e+00
1.000000000000000000e+00
9.964819599691628893e-01
9.931339066234274870e-01
9.882045697581501864e-01
1.000000000000000000e+00
1.000000000000000000e+00
9.457868113307041913e-01
9.525562865154609815e-01
1.000000000000000000e+00
9.448508553782765107e-01
1.000000000000000000e+00
9.637322204509993773e-01
9.617820775922246712e-01
1.000000000000000000e+00
9.533399709472096806e-01
1.000000000000000000e+00
4.170773378019439370e+00
3.231670626382365796e-02
2.599999380111694403e-01
3.166311234235763550e-02
1.000000000000000000e+00
9.762251286764135338e-01
9.307378261181524781e-01
9.359735070782864153e-01
9.756409311556623054e-01
9.578720796702614448e-01
1.000000000000000000e+00
9.720771055643607772e-01
1.000000000000000000e+00
9.451381481061870149e-01
9.911186484976165501e-01
1.000000000000000000e+00
9.856352598998148196e-01
1.000000000000000000e+00
1.000000000000000000e+00
9.744213772760933479e-01
9.567818053912002796e-01
1.000000000000000000e+00
1.000000000000000000e+00
1.000000000000000000e+00
1.000000000000000000e+00
1.000000000000000000e+00
1.000000000000000000e+00
9.839346336140940563e-01
4.144795203423144336e+00
3.243123779129009066e-02
2.599999380111694403e-01
-1.417525298893451691e-02
9.615117558538236464e-01
1.000000000000000000e+00
9.677219217612291757e-01
1.000000000000000000e+00
9.560341734078591225e-01
9.349748184053324751e-01
9.424268106662655464e-01
1.000000000000000000e+00
9.892395728834039170e-01
9.423826946721339803e-01
9.833707504385972298e-01
1.000000000000000000e+00
9.497363328935396476e-01
1.000000000000000000e+00
1.000000000000000000e+00
1.000000000000000000e+00
1.000000000000000000e+00
1.000000000000000000e+00
1.000000000000000000e+00
9.862836055541691627e-01
1.000000000000000000e+00
9.998137602501115939e-01
1.000000000000000000e+00
9.573749181195205793e-01
4.110268766760715842e+00
3.165469461946823770e-02
2.599999380111694403e-01
1.813184656202793121e-02
9.641324762482736954e-01
1.000000000000000000e+00
9.669348982270283832e-01
9.676578191335633017e-01
9.621343643021793568e-01
1.000000000000000000e+00
9.696741308610742349e-01
9.523078637820917569e-01
1.000000000000000000e+00
9.399943225852199769e-01
9.676520174524780860e-01
1.000000000000000000e+00
1.000000000000000000e+00
9.844023415239778751e-01
1.000000000000000000e+00
9.369684747240121236e-01
9.976434037769392749e-01
9.784361187990280317e-01
1.000000000000000000e+00
9.477804875382914718e-01
9.707378526380930905e-01
9.911305101619628521e-01
1.000000000000000000e+00
1.000000000000000000e+00
4.084339290544817480e+00
3.042561820610467649e-02
2.599999690055847523e-01
1.820701360702514648e-02
9.401591888392778484e-01
1.000000000000000000e+00
9.589453427716722045e-01
9.570420115154755214e-01
9.983150288874664824e-01
9.304722415323852802e-01
9.873017501919661987e-01
1.000000000000000000e+00
9.589980396085202585e-01
9.605058395270773541e-01
9.693378929402232114e-01
9.294590744065561738e-01
9.914758644944284827e-01
9.333842975087048854e-01
1.000000000000000000e+00
1.000000000000000000e+00
9.548189718715144325e-01
9.736971171026372884e-01
1.000000000000000000e+00
9.713270840606181844e-01
9.770518826303280502e-01
1.000000000000000000e+00
9.348227925385262926e-01
9.933095303154406697e-01
4.049522234283881694e+00
2.827677478701007274e-02
2.599999380111694403e-01
2.815535664558410645e-02
9.325514864690803707e-01
1.000000000000000000e+00
1.000000000000000000e+00
9.646713724938044132e-01
1.000000000000000000e+00
9.878528505628902945e-01
9.740975875424725539e-01
1.000000000000000000e+00
9.791135626747587972e-01
9.460386065654426968e-01
1.000000000000000000e+00
9.977898743228755807e-01
1.000000000000000000e+00
1.000000000000000000e+00
9.719643729134960219e-01
1.000000000000000000e+00
1.000000000000000000e+00
1.000000000000000000e+00
9.318750007456079176e-01
1.000000000000000000e+00
1.000000000000000000e+00
1.000000000000000000e+00
9.558997516849156995e-01
9.928037100147201199e-01
4.023610837345408697e+00
2.586045218316712635e-02
2.599999380111694403e-01
1.314267702400684357e-02
1.000000000000000000e+00
9.344123540816141604e-01
1.000000000000000000e+00
9.656801837655966114e-01
1.000000000000000000e+00
1.000000000000000000e+00
1.000000000000000000e+00
1.000000000000000000e+00
9.972409523457086422e-01
1.000000000000000000e+00
1.000000000000000000e+00
9.486877886788008807e-01
9.997677019447669400e-01
1.000000000000000000e+00
9.752384506499531813e-01
1.000000000000000000e+00
9.378886765546312621e-01
1.000000000000000000e+00
9.495499830719571488e-01
9.717678267601919107e-01
9.739714612302439178e-01
9.705604857651007888e-01
9.378031001907614073e-01
1.000000000000000000e+00
3.997640890479075448e+00
2.446564430052111661e-02
2.599999380111694403e-01
7.637079339474439621e-03
9.992315038642139990e-01
9.452431079935182945e-01
9.415757288444760453e-01
1.000000000000000000e+00
1.000000000000000000e+00
1.000000000000000000e+00
1.000000000000000000e+00
1.000000000000000000e+00
9.796561756502774054e-01
1.000000000000000000e+00
9.787031120194951139e-01
1.000000000000000000e+00
9.701990733212008111e-01
9.336985095951219060e-01
1.000000000000000000e+00
1.000000000000000000e+00
9.606881245606838648e-01
9.412481049698451230e-01
9.892542807456993215e-01
1.000000000000000000e+00
9.992856174072946018e-01
1.000000000000000000e+00
9.501678573593501653e-01
9.575191466846514343e-01
3.963114464141641591e+00
2.741002100280676146e-02
2.599999380111694403e-01
-3.701963275671005249e-02
1.000000000000000000e+00
1.000000000000000000e+00
1.000000000000000000e+00
9.444633182426266371e-01
1.000000000000000000e+00
1.000000000000000000e+00
9.487025977861566206e-01
1.000000000000000000e+00
1.000000000000000000e+00
1.000000000000000000e+00
1.000000000000000000e+00
1.000000000000000000e+00
1.000000000000000000e+00
1.000000000000000000e+00
1.000000000000000000e+00
9.922490611151987272e-01
9.923540038882329162e-01
1.000000000000000000e+00
9.751963037919920696e-01
1.000000000000000000e+00
9.742186569973713128e-01
1.000000000000000000e+00
9.560316596677356227e-01
9.462012490884011973e-01
3.937082968378827985e+00
3.400627304648029536e-02
2.599999380111694403e-01
-7.771138846874237061e-02
9.515869973455149955e-01
1.000000000000000000e+00
1.000000000000000000e+00
9.553721250896707318e-01
1.000000000000000000e+00
9.932288414275599608e-01
1.000000000000000000e+00
9.429229510357506339e-01
1.000000000000000000e+00
9.404105214724918227e-01
9.421970098204192068e-01
1.000000000000000000e+00
9.616773317057587533e-01
9.852938240379330859e-01
9.604542798226746170e-01
1.000000000000000000e+00
1.000000000000000000e+00
1.000000000000000000e+00
1.000000000000000000e+00
1.000000000000000000e+00
1.000000000000000000e+00
1.000000000000000000e+00
9.537899413131282200e-01
1.000000000000000000e+00
3.902480853663073290e+00
4.409550081496993457e-02
2.599999380111694403e-01
-8.323450386524200439e-02
9.600268574849865066e-01
9.721554477615563794e-01
9.564709119245835556e-01
1.000000000000000000e+00
9.699124710061938215e-01
1.000000000000000000e+00
9.344272073937648360e-01
9.980132593468455937e-01
9.333181908746192024e-01
9.826866726382900152e-01
1.000000000000000000e+00
9.671074231052824155e-01
9.707128083325280432e-01
9.600413370116850365e-01
1.000000000000000000e+00
1.000000000000000000e+00
1.000000000000000000e+00
9.810395303838461700e-01
9.871046655515798296e-01
9.963778946673633730e-01
1.000000000000000000e+00
1.000000000000000000e+00
1.000000000000000000e+00
1.000000000000000000e+00
3.876598878788772407e+00
5.106611967835572585e-02
2.599999380111694403e-01
-4.223059862852096558e-02
9.335895101328173240e-01
9.621296225700911586e-01
1.000000000000000000e+00
9.401015307533633347e-01
1.000000000000000000e+00
9.756255925545345153e-01
1.000000000000000000e+00
9.758233072907305239e-01
1.000000000000000000e+00
1.000000000000000000e+00
9.871941927014498130e-01
1.000000000000000000e+00
9.621866164638699370e-01
9.810043294426836757e-01
9.313473117348476382e-01
1.000000000000000000e+00
1.000000000000000000e+00
9.387211959012894402e-01
9.680758385234747854e-01
1.000000000000000000e+00
1.000000000000000000e+00
9.354820826042765658e-01
9.346414980796490246e-01
9.380583145464261863e-01
3.841799820519160580e+00
5.317125743146933203e-02
2.599999380111694403e-01
5.388758145272731781e-03
1.000000000000000000e+00
9.808672822294971505e-01
1.000000000000000000e+00
1.000000000000000000e+00
9.823725087140039447e-01
1.000000000000000000e+00
1.000000000000000000e+00
1.000000000000000000e+00
9.734407785512002587e-01
1.000000000000000000e+00
1.000000000000000000e+00
9.378004651873247388e-01
9.690656850192070904e-01
9.982676617910283268e-01
1.000000000000000000e+00
1.000000000000000000e+00
9.628105645101052712e-01
9.963127390285506646e-01
9.325227251853182020e-01
1.000000000000000000e+00
9.918455148588056769e-01
9.687226861778024389e-01
9.696072310703149899e-01
1.000000000000000000e+00
3.815929370011665434e+00
5.457251681869257354e-02
2.599999690055847523e-01
-3.305039927363395691e-02
9.465284975459741235e-01
1.000000000000000000e+00
9.338657411891014837e-01
1.000000000000000000e+00
9.388877566009435904e-01
1.000000000000000000e+00
9.395732938464156359e-01
1.000000000000000000e+00
1.000000000000000000e+00
1.000000000000000000e+00
9.797480904660987866e-01
9.947466692431365942e-01
9.810532301634540264e-01
1.000000000000000000e+00
9.951717049470231169e-01
9.543012768196804663e-01
1.000000000000000000e+00
1.000000000000000000e+00
1.000000000000000000e+00
1.000000000000000000e+00
9.936033715321934690e-01
9.813482135738048617e-01
1.000000000000000000e+00
1.000000000000000000e+00
3.781360873495434038e+00
6.167073117274757266e-02
2.599999690055847523e-01
-5.840138718485832214e-02
9.583467565946472977e-01
1.000000000000000000e+00
9.438357575233037311e-01
1.000000000000000000e+00
9.900868005448429932e-01
9.974843461991902416e-01
1.000000000000000000e+00
1.000000000000000000e+00
9.913350182599887095e-01
9.833937092918956235e-01
1.000000000000000000e+00
9.782800350723377392e-01
9.593456378886928704e-01
9.625373276692780200e-01
9.334693445704819181e-01
9.739213846838360444e-01
9.384327848625385604e-01
1.000000000000000000e+00
1.000000000000000000e+00
9.873623700308505891e-01
9.733511831089385336e-01
1.000000000000000000e+00
1.000000000000000000e+00
9.928903007185032603e-01
3.755427408289088831e+00
6.511850072705760439e-02
2.599999690055847523e-01
-2.511105732992291451e-03
1.000000000000000000e+00
1.000000000000000000e+00
1.000000000000000000e+00
1.000000000000000000e+00
9.543131045934872825e-01
9.797892871321184360e-01
9.831477545159659215e-01
9.286067906453657761e-01
1.000000000000000000e+00
1.000000000000000000e+00
1.000000000000000000e+00
9.902447566057830386e-01
1.000000000000000000e+00
1.000000000000000000e+00
9.820995296778253225e-01
9.638783612444188353e-01
9.618885620887089871e-01
1.000000000000000000e+00
1.000000000000000000e+00
9.972307132796395246e-01
1.000000000000000000e+00
9.639094355143191795e-01
9.367082924633906016e-01
9.542401551062862364e-01
3.729572586433349102e+00
6.770703706128777810e-02
2.599999690055847523e-01
-3.939043357968330383e-02
9.553172105410852044e-01
1.000000000000000000e+00
9.473415033148336883e-01
9.809735384334380415e-01
9.511139785393709634e-01
1.000000000000000000e+00
1.000000000000000000e+00
9.762573309872888405e-01
1.000000000000000000e+00
1.000000000000000000e+00
9.530441908648645821e-01
9.472952027271208664e-01
9.954099478155963299e-01
1.000000000000000000e+00
1.000000000000000000e+00
1.000000000000000000e+00
9.589132177174152227e-01
1.000000000000000000e+00
1.000000000000000000e+00
9.961502095539136459e-01
1.000000000000000000e+00
9.296866660489672141e-01
9.925860041799369204e-01
9.655750857953647737e-01
3.712208237365364205e+00
7.027747578705811904e-02
2.599999690055847523e-01
-5.595510452985763550e-02
9.383157654429863381e-01
1.000000000000000000e+00
9.895189752042795606e-01
1.000000000000000000e+00
1.000000000000000000e+00
1.000000000000000000e+00
1.000000000000000000e+00
1.000000000000000000e+00
9.643285657239759612e-01
9.927188377995647128e-01
9.879953364144402617e-01
1.000000000000000000e+00
9.997307140197639885e-01
1.000000000000000000e+00
9.891034872953264889e-01
1.000000000000000000e+00
1.000000000000000000e+00
1.000000000000000000e+00
9.707107105885416365e-01
9.953052488535949482e-01
9.675595870614531746e-01
1.000000000000000000e+00
9.960353328725883859e-01
1.000000000000000000e+00
3.660328575886454772e+00
8.119061279035522105e-02
2.599999690055847523e-01
-3.066640719771385193e-02
9.310195358654412834e-01
9.814589490289776785e-01
9.375644373304538037e-01
9.976008329379159045e-01
9.709915129177532078e-01
9.586821662879571049e-01
9.788553928879467625e-01
1.000000000000000000e+00
1.000000000000000000e+00
9.644857338561262372e-01
1.000000000000000000e+00
9.653520388189572587e-01
1.000000000000000000e+00
9.469961477502053526e-01
1.000000000000000000e+00
1.000000000000000000e+00
1.000000000000000000e+00
1.000000000000000000e+00
1.000000000000000000e+00
1.000000000000000000e+00
9.704989942530719560e-01
9.923937764549333185e-01
9.335587548127842750e-01
1.000000000000000000e+00
3.634425194707495255e+00
8.257592213133868597e-02
2.600000000000000089e-01
9.457647800445556641e-03
9.904271862692634043e-01
1.000000000000000000e+00
1.000000000000000000e+00
9.942335705104846655e-01
9.435734644949753669e-01
9.310247884270977936e-01
9.509551119479638936e-01
1.000000000000000000e+00
9.609825848923857494e-01
9.394734910715859533e-01
9.920760593897244295e-01
1.000000000000000000e+00
1.000000000000000000e+00
9.639330056921406875e-01
9.444538848415875432e-01
1.000000000000000000e+00
1.000000000000000000e+00
9.922460614408171731e-01
1.000000000000000000e+00
9.411780686446075128e-01
1.000000000000000000e+00
1.000000000000000000e+00
1.000000000000000000e+00
9.517737061786851749e-01
3.600043842387759430e+00
7.975393778813710810e-02
2.600000000000000089e-01
3.259407728910446167e-02
9.873038903837226821e-01
9.432074788147711830e-01
9.719774932079384699e-01
9.363663215099656822e-01
9.991025546050280592e-01
1.000000000000000000e+00
9.587824342560823387e-01
1.000000000000000000e+00
1.000000000000000000e+00
9.802063752759870852e-01
9.326580857296847826e-01
9.687038679681201359e-01
1.000000000000000000e+00
9.756783282647110145e-01
1.000000000000000000e+00
1.000000000000000000e+00
1.000000000000000000e+00
1.000000000000000000e+00
9.593981934377590060e-01
9.686902192905357811e-01
9.742576214114804234e-01
1.000000000000000000e+00
9.363693654867927263e-01
9.658870408046997813e-01
3.574113817623030709e+00
7.936562115878231793e-02
2.600000000000000089e-01
-4.921646323055028915e-03
9.673549103138935346e-01
9.393302355852554131e-01
1.000000000000000000e+00
9.828759191726003097e-01
9.607318203326230543e-01
9.651814173244118722e-01
9.367168825575576951e-01
9.327072586844850077e-01
1.000000000000000000e+00
1.000000000000000000e+00
9.863273113275966564e-01
1.000000000000000000e+00
1.000000000000000000e+00
9.674434281511616884e-01
1.000000000000000000e+00
9.334528865277557097e-01
9.287902575773335778e-01
9.699550858195937764e-01
1.000000000000000000e+00
9.383708972470019560e-01
9.792577070265251482e-01
1.000000000000000000e+00
1.000000000000000000e+00
1.000000000000000000e+00
3.548205497459883340e+00
8.208496782021601490e-02
2.600000000000000089e-01
-1.913768053054809570e-02
1.000000000000000000e+00
9.287084033020743812e-01
1.000000000000000000e+00
9.460642784700414865e-01
1.000000000000000000e+00
9.803249594502885245e-01
9.437163306353457681e-01
1.000000000000000000e+00
1.000000000000000000e+00
9.676204677246558195e-01
1.000000000000000000e+00
9.506372268914645707e-01
1.000000000000000000e+00
9.308689245144022850e-01
9.948478172210661885e-01
9.993712000640379012e-01
9.302469559671243671e-01
1.000000000000000000e+00
1.000000000000000000e+00
9.935044034784399347e-01
1.000000000000000000e+00
9.491045027269499057e-01
9.982367422399329726e-01
9.502525877053952241e-01
3.513807326729563307e+00
8.273000690469345386e-02
2.600000000000000089e-01
1.841368898749351501e-02
1.000000000000000000e+00
9.600727368310418841e-01
9.791710941052941264e-01
1.000000000000000000e+00
9.329969670634560286e-01
9.387953742663057710e-01
9.690004563914698110e-01
1.000000000000000000e+00
9.718526409389990350e-01
9.948128388497862185e-01
9.909789008133212951e-01
9.897332323009230270e-01
9.543449567511370635e-01
1.000000000000000000e+00
9.394282033028434897e-01
9.730469782168853499e-01
1.000000000000000000e+00
1.000000000000000000e+00
9.537058716319029017e-01
9.668828711933870057e-01
9.489945728276781844e-01
1.000000000000000000e+00
1.000000000000000000e+00
9.976037088872269365e-01
3.487893151035172501e+00
8.439661582313995325e-02
2.600000000000000089e-01
-3.607878834009170532e-02
9.759114745372974298e-01
1.000000000000000000e+00
9.511634752406393778e-01
9.625306848340272614e-01
1.000000000000000000e+00
1.000000000000000000e+00
1.000000000000000000e+00
9.713511231655082012e-01
1.000000000000000000e+00
1.000000000000000000e+00
9.603636056659343723e-01
1.000000000000000000e+00
1.000000000000000000e+00
9.406614208000002586e-01
9.789731642797629974e-01
1.000000000000000000e+00
9.647627419631418233e-01
1.000000000000000000e+00
9.826168660269800625e-01
9.409224668244169365e-01
9.350098895434236779e-01
1.000000000000000000e+00
1.000000000000000000e+00
1.000000000000000000e+00
3.453147073220117935e+00
9.201524878856348622e-02
2.600000000000000089e-01
-5.752595514059066772e-02
9.726206171336989614e-01
9.670038425824147854e-01
1.000000000000000000e+00
9.643198507335889458e-01
1.000000000000000000e+00
1.000000000000000000e+00
1.000000000000000000e+00
9.646867028033758729e-01
9.351053645295417382e-01
1.000000000000000000e+00
1.000000000000000000e+00
1.000000000000000000e+00
9.850894225439967844e-01
9.362062857694197771e-01
1.000000000000000000e+00
1.000000000000000000e+00
9.753724637380442042e-01
1.000000000000000000e+00
1.000000000000000000e+00
9.690949535013195781e-01
1.000000000000000000e+00
1.000000000000000000e+00
1.000000000000000000e+00
1.000000000000000000e+00
3.427260600836835369e+00
9.875011239249031902e-02
2.600000000000000089e-01
-5.866023153066635132e-02
9.375680115754821964e-01
9.356354351158072680e-01
1.000000000000000000e+00
9.538001835815687057e-01
9.847294035464575490e-01
9.432596558431133316e-01
1.000000000000000000e+00
1.000000000000000000e+00
9.940730531838664064e-01
1.000000000000000000e+00
9.413059662291743956e-01
9.862424480457437914e-01
9.883879996322340045e-01
9.720881420214736446e-01
9.947260075193656848e-01
1.000000000000000000e+00
9.938597473178639730e-01
1.000000000000000000e+00
1.000000000000000000e+00
9.737208861910143787e-01
9.812410535421047797e-01
1.000000000000000000e+00
9.950796576817918515e-01
1.000000000000000000e+00
3.392875081343186050e+00
1.049074082828389542e-01
2.600000000000000089e-01
-2.827939204871654510e-02
9.613283384349765592e-01
9.491529841568253634e-01
1.000000000000000000e+00
1.000000000000000000e+00
9.614287976621579412e-01
9.356421336411185896e-01
9.658023492475512617e-01
1.000000000000000000e+00
9.524265273614614946e-01
9.350945692562027123e-01
9.437745195550151234e-01
1.000000000000000000e+00
1.000000000000000000e+00
1.000000000000000000e+00
9.787125057603850431e-01
9.686851472787523232e-01
9.542325884692013371e-01
1.000000000000000000e+00
1.000000000000000000e+00
9.810469115611372137e-01
9.422150392360038040e-01
1.000000000000000000e+00
9.588897168904387813e-01
1.000000000000000000e+00
3.366995823439263624e+00
1.045587156220948444e-01
2.600000000000000089e-01
3.212250396609306335e-02
9.834534251613080702e-01
1.000000000000000000e+00
1.000000000000000000e+00
1.000000000000000000e+00
9.476280814754127757e-01
9.418436058040612346e-01
1.000000000000000000e+00
9.852157435502294502e-01
1.000000000000000000e+00
1.000000000000000000e+00
1.000000000000000000e+00
1.000000000000000000e+00
1.000000000000000000e+00
1.000000000000000000e+00
1.000000000000000000e+00
9.553494622418050586e-01
9.367065882199210325e-01
1.000000000000000000e+00
9.739172846481144452e-01
9.742172614317231583e-01
9.511994444335135634e-01
9.599458511727884114e-01
1.000000000000000000e+00
9.767939509400075382e-01
3.332657128193395657e+00
1.018177843192424881e-01
2.600000000000000089e-01
4.026420786976814270e-02
9.898754763964260350e-01
1.000000000000000000e+00
1.000000000000000000e+00
9.754205285247820045e-01
1.000000000000000000e+00
1.000000000000000000e+00
1.000000000000000000e+00
9.577730843099316882e-01
1.000000000000000000e+00
1.000000000000000000e+00
9.664003321426999360e-01
1.000000000000000000e+00
9.873858620621718263e-01
1.000000000000000000e+00
9.628726154949486249e-01
1.000000000000000000e+00
1.000000000000000000e+00
9.791470173825497225e-01
1.000000000000000000e+00
9.697294586235376546e-01
9.582174690756107838e-01
9.771742590355979585e-01
9.339506250254457909e-01
1.000000000000000000e+00
3.306981416429074283e+00
1.017444323173579690e-01
2.600000000000000089e-01
-2.988724783062934875e-02
9.374023170039358366e-01
9.382113078332575684e-01
1.000000000000000000e+00
1.000000000000000000e+00
1.000000000000000000e+00
9.937319060100003876e-01
1.000000000000000000e+00
9.322159896909493204e-01
1.000000000000000000e+00
9.544932121662724755e-01
1.000000000000000000e+00
9.912441940098238868e-01
9.384175781037967790e-01
1.000000000000000000e+00
9.780735306346757252e-01
9.298443644501441785e-01
1.000000000000000000e+00
9.492605465247743179e-01
1.000000000000000000e+00
9.444941520063483420e-01
9.948171731051166367e-01
9.587000843451430887e-01
1.000000000000000000e+00
9.877588840468939368e-01
3.281073215565997625e+00
1.085903762262847572e-01
2.600000000000000089e-01
-8.623288571834564209e-02
9.455616712531152990e-01
1.000000000000000000e+00
1.000000000000000000e+00
9.488495469135683758e-01
9.589212511830889074e-01
9.667183949354557493e-01
1.000000000000000000e+00
1.000000000000000000e+00
1.000000000000000000e+00
9.333308439126003497e-01
1.000000000000000000e+00
1.000000000000000000e+00
9.958922124795679398e-01
1.000000000000000000e+00
1.000000000000000000e+00
9.457943020611992990e-01
9.385161239433035263e-01
1.000000000000000000e+00
9.908269389459311016e-01
1.000000000000000000e+00
1.000000000000000000e+00
1.000000000000000000e+00
9.832253523428619024e-01
1.000000000000000000e+00
3.246473165508563241e+00
1.192136923626350153e-01
2.600000000000000089e-01
-3.508537635207176208e-02
9.673332771206958336e-01
1.000000000000000000e+00
1.000000000000000000e+00
9.464572848783812109e-01
9.757270191686080452e-01
1.000000000000000000e+00
1.000000000000000000e+00
1.000000000000000000e+00
9.944395428411960669e-01
9.427010088075771232e-01
9.429883055217060939e-01
9.650003022194182378e-01
9.381004311982392707e-01
9.762668469750409583e-01
1.000000000000000000e+00
1.000000000000000000e+00
9.561249431055207637e-01
9.870382518511665593e-01
9.550306947121968149e-01
9.327246637435530063e-01
9.311921978543526990e-01
1.000000000000000000e+00
1.000000000000000000e+00
1.000000000000000000e+00
3.220694019503284267e+00
1.211084838011324827e-01
2.600000000000000089e-01
9.035567753016948700e-03
1.000000000000000000e+00
1.000000000000000000e+00
9.967385339131459299e-01
9.948788555301619763e-01
1.000000000000000000e+00
1.000000000000000000e+00
9.752569515584763593e-01
1.000000000000000000e+00
1.000000000000000000e+00
9.731792708189223040e-01
1.000000000000000000e+00
1.000000000000000000e+00
1.000000000000000000e+00
9.434836796721957075e-01
9.947913433982966680e-01
1.000000000000000000e+00
1.000000000000000000e+00
1.000000000000000000e+00
1.000000000000000000e+00
9.903643238851227437e-01
1.000000000000000000e+00
1.000000000000000000e+00
1.000000000000000000e+00
1.000000000000000000e+00
3.186396494341478203e+00
1.235201440678097562e-01
2.600000000000000089e-01
-3.522660210728645325e-02
1.000000000000000000e+00
1.000000000000000000e+00
1.000000000000000000e+00
9.579246954184730267e-01
9.710324693552447872e-01
9.775612858759993307e-01
9.422869398179497535e-01
9.687684786006237614e-01
9.905759904466266974e-01
1.000000000000000000e+00
9.559885002232141327e-01
1.000000000000000000e+00
1.000000000000000000e+00
9.304180678234494906e-01
1.000000000000000000e+00
1.000000000000000000e+00
9.901533919446494636e-01
1.000000000000000000e+00
1.000000000000000000e+00
9.912927497043414471e-01
1.000000000000000000e+00
9.495890836203282337e-01
9.453633561530898621e-01
9.694081915628068868e-01
3.160522040202626393e+00
1.292317137186418385e-01
2.600000000000000089e-01
-5.585949495434761047e-02
1.000000000000000000e+00
1.000000000000000000e+00
1.000000000000000000e+00
1.000000000000000000e+00
9.422552884656403283e-01
9.763344420275430480e-01
1.000000000000000000e+00
1.000000000000000000e+00
1.000000000000000000e+00
9.703010834068697132e-01
9.907961813285225405e-01
1.000000000000000000e+00
1.000000000000000000e+00
9.742183282806451405e-01
9.318849013216993216e-01
9.414527568694311954e-01
1.000000000000000000e+00
9.962444396371584743e-01
1.000000000000000000e+00
1.000000000000000000e+00
1.000000000000000000e+00
9.292928821485685331e-01
9.813287019499105091e-01
1.000000000000000000e+00
3.126232786953141218e+00
1.396303214992218322e-01
2.600000000000000089e-01
-6.713703274726867676e-02
9.681235892817383615e-01
1.000000000000000000e+00
1.000000000000000000e+00
9.302302405343525482e-01
1.000000000000000000e+00
9.349804673602907235e-01
9.462397090207185224e-01
9.328121992203938229e-01
1.000000000000000000e+00
1.000000000000000000e+00
1.000000000000000000e+00
9.317915913637829783e-01
9.897546381624432454e-01
1.000000000000000000e+00
9.337533803737345650e-01
9.550080770635721583e-01
1.000000000000000000e+00
1.000000000000000000e+00
1.000000000000000000e+00
1.000000000000000000e+00
9.711691173682257539e-01
9.983918150196429142e-01
1.000000000000000000e+00
1.000000000000000000e+00
3.100550038335134317e+00
1.463780439660338217e-01
2.600000000000000089e-01
-5.685308948159217834e-02
1.000000000000000000e+00
1.000000000000000000e+00
1.000000000000000000e+00
1.000000000000000000e+00
1.000000000000000000e+00
1.000000000000000000e+00
1.000000000000000000e+00
9.350408207246287962e-01
9.911364256265057238e-01
1.000000000000000000e+00
1.000000000000000000e+00
9.688644164092080624e-01
1.000000000000000000e+00
9.966783193405859276e-01
1.000000000000000000e+00
9.371395174799237449e-01
9.673595468701183808e-01
1.000000000000000000e+00
1.000000000000000000e+00
1.000000000000000000e+00
1.000000000000000000e+00
9.322723835190634967e-01
1.000000000000000000e+00
9.885335559936624383e-01
3.066055637497150155e+00
1.462236933334017941e-01
2.600000000000000089e-01
2.084362320601940155e-02
1.000000000000000000e+00
1.000000000000000000e+00
9.436593382751555792e-01
1.000000000000000000e+00
1.000000000000000000e+00
1.000000000000000000e+00
1.000000000000000000e+00
9.878864018845661121e-01
9.304547381311288889e-01
1.000000000000000000e+00
9.467147420129226054e-01
1.000000000000000000e+00
9.762748839696752112e-01
9.627965261195319258e-01
1.000000000000000000e+00
9.954961416693686171e-01
9.487627444418729183e-01
9.647803377758581433e-01
9.737930488779514837e-01
9.868614619458675463e-01
9.679825109071880096e-01
1.000000000000000000e+00
9.549948834903311257e-01
9.612608014072685503e-01
3.040291891187892226e+00
1.472710658357359037e-01
2.600000000000000089e-01
-2.904733875766396523e-03
9.710889701417289022e-01
9.922840283978974218e-01
1.000000000000000000e+00
9.427686414014706529e-01
1.000000000000000000e+00
1.000000000000000000e+00
9.336353515856476992e-01
1.000000000000000000e+00
9.925816313912115829e-01
9.348634963474812265e-01
9.656085535809949549e-01
9.479091706249967997e-01
9.721226244202573197e-01
1.000000000000000000e+00
9.432467487355254976e-01
9.352478631554438371e-01
1.000000000000000000e+00
9.601347292799947697e-01
1.000000000000000000e+00
1.000000000000000000e+00
9.460514450272879960e-01
9.679644318148094007e-01
9.429654283352191246e-01
9.637519661054472220e-01
3.014711790774434519e+00
1.502158402119522229e-01
2.600000000000000089e-01
-3.137235715985298157e-02
1.000000000000000000e+00
1.000000000000000000e+00
9.897830537748155688e-01
1.000000000000000000e+00
9.718749604993371927e-01
1.000000000000000000e+00
1.000000000000000000e+00
1.000000000000000000e+00
9.491760827404515100e-01
9.767942336000982051e-01
1.000000000000000000e+00
1.000000000000000000e+00
9.904839364984214800e-01
1.000000000000000000e+00
1.000000000000000000e+00
9.468802737226319488e-01
9.977695213196920987e-01
9.563053577060867116e-01
9.681134613281291434e-01
9.945753934567561627e-01
9.501158993682424780e-01
9.372997521917397767e-01
1.000000000000000000e+00
9.411018292609555358e-01
2.972052081587177597e+00
1.578187140660469723e-01
2.600000000000000089e-01
-4.344688355922698975e-02
9.895863728617111388e-01
1.000000000000000000e+00
1.000000000000000000e+00
1.000000000000000000e+00
1.000000000000000000e+00
1.000000000000000000e+00
1.000000000000000000e+00
9.426341393026789195e-01
1.000000000000000000e+00
9.337841157340230902e-01
9.422993160115923361e-01
9.362565389549309947e-01
9.710878747389152243e-01
1.000000000000000000e+00
1.000000000000000000e+00
9.378318139522728858e-01
1.000000000000000000e+00
9.937419122108840375e-01
9.487061043745237399e-01
9.842831382749046565e-01
1.000000000000000000e+00
1.000000000000000000e+00
1.000000000000000000e+00
9.887354625029561861e-01
2.937635379035349104e+00
1.647453972003951606e-01
2.600000000000000089e-01
-1.960949599742889404e-02
9.822119110114865270e-01
1.000000000000000000e+00
1.000000000000000000e+00
9.645532167092362164e-01
1.000000000000000000e+00
9.844473556080185483e-01
9.653180820760278724e-01
9.874069099989764009e-01
9.634728721629128856e-01
1.000000000000000000e+00
1.000000000000000000e+00
1.000000000000000000e+00
9.310027014494685060e-01
1.000000000000000000e+00
9.489788021403341434e-01
9.839845735941931126e-01
9.341834924744170099e-01
9.473786673977074857e-01
1.000000000000000000e+00
1.000000000000000000e+00
1.000000000000000000e+00
1.000000000000000000e+00
9.379753349031190179e-01
9.499612271008647246e-01
2.912079667922651272e+00
1.660403615625036799e-01
2.600000000000000089e-01
5.011872947216033936e-02
9.293924978448553365e-01
9.667798759194409230e-01
9.383448123178366185e-01
9.411536233103395821e-01
1.000000000000000000e+00
1.000000000000000000e+00
9.463973905337577097e-01
1.000000000000000000e+00
1.000000000000000000e+00
1.000000000000000000e+00
9.517025468009973066e-01
1.000000000000000000e+00
9.862014138264713070e-01
9.606313395759655815e-01
9.807827882510192774e-01
9.977262099560526565e-01
9.958381598021441850e-01
1.000000000000000000e+00
1.000000000000000000e+00
9.368548346848679653e-01
9.669608219587410014e-01
1.000000000000000000e+00
9.933339805225995800e-01
9.433375034711585227e-01
2.878013657917037449e+00
1.659772363089397906e-01
2.600000000000000089e-01
-4.298041760921478271e-02
1.000000000000000000e+00
1.000000000000000000e+00
1.000000000000000000e+00
9.394014024498416049e-01
9.571071916525532020e-01
1.000000000000000000e+00
1.000000000000000000e+00
9.940440327082666894e-01
1.000000000000000000e+00
9.876509007283355013e-01
9.427597931397496689e-01
9.710416970728532604e-01
1.000000000000000000e+00
1.000000000000000000e+00
1.000000000000000000e+00
9.466815771998529083e-01
1.000000000000000000e+00
1.000000000000000000e+00
9.864334851491903811e-01
9.799776120266864288e-01
9.554293659636233782e-01
1.000000000000000000e+00
9.302706023494584642e-01
9.940654239686903537e-01
2.852366920333983202e+00
1.641773675660096465e-01
2.600000000000000089e-01
7.497727125883102417e-02
1.000000000000000000e+00
1.000000000000000000e+00
1.000000000000000000e+00
9.991957303225288411e-01
9.686600708992135766e-01
1.000000000000000000e+00
9.353206702220574487e-01
1.000000000000000000e+00
9.632162569337292535e-01
1.000000000000000000e+00
9.869480700709073462e-01
9.403877896887148369e-01
1.000000000000000000e+00
9.637097807485154322e-01
9.678172757844561991e-01
9.548606946469633261e-01
1.000000000000000000e+00
9.428093937530656055e-01
9.689171112881732606e-01
9.457267453290173487e-01
1.000000000000000000e+00
9.440527383772960857e-01
1.000000000000000000e+00
1.000000000000000000e+00
2.818342929393149010e+00
1.609135904483531831e-01
2.600000000000000089e-01
-4.573035053908824921e-03
1.000000000000000000e+00
1.000000000000000000e+00
1.000000000000000000e+00
9.362195533033083050e-01
9.880294001750010713e-01
9.347156009989097125e-01
1.000000000000000000e+00
9.371137575363027716e-01
9.895101527242119444e-01
1.000000000000000000e+00
9.318041034386632671e-01
9.402507207878836315e-01
1.000000000000000000e+00
1.000000000000000000e+00
1.000000000000000000e+00
9.933011182807485184e-01
9.602324074827256473e-01
9.850158404793326605e-01
9.462705171968485152e-01
9.692453535466796222e-01
9.552010642334848312e-01
1.000000000000000000e+00
9.537997401357423133e-01
9.809083273337917408e-01
2.784092010523556926e+00
1.586265298040121507e-01
2.600000000000000089e-01
5.947191640734672546e-02
9.893379463508803484e-01
1.000000000000000000e+00
1.000000000000000000e+00
1.000000000000000000e+00
9.391807892814305614e-01
1.000000000000000000e+00
1.000000000000000000e+00
9.410680955876008502e-01
9.861704093502882129e-01
9.690041791608763333e-01
9.377767803963327209e-01
9.434745609741665984e-01
1.000000000000000000e+00
1.000000000000000000e+00
1.000000000000000000e+00
1.000000000000000000e+00
9.443688036383657280e-01
1.000000000000000000e+00
9.807530044780923273e-01
9.841513565019087695e-01
9.452132529038512754e-01
9.571508718887049572e-01
9.481230531090008018e-01
1.000000000000000000e+00
2.758394933114052261e+00
1.567074756373654232e-01
2.600000000000000089e-01
1.601571403443813324e-02
9.938657553497499686e-01
9.634376877223589375e-01
1.000000000000000000e+00
9.969441110424740460e-01
1.000000000000000000e+00
1.000000000000000000e+00
9.342651927462911621e-01
9.890973478248404893e-01
1.000000000000000000e+00
9.611510803179853513e-01
9.837372080790424134e-01
1.000000000000000000e+00
1.000000000000000000e+00
9.573192753382500086e-01
9.463088544381760281e-01
9.689464829053588968e-01
9.319001131136402938e-01
9.300915119540890119e-01
1.000000000000000000e+00
9.495203608365312409e-01
9.697137518525850153e-01
9.746143256983506031e-01
9.415858931321828829e-01
1.000000000000000000e+00
2.724267735859135176e+00
1.566399988353270878e-01
2.600000000000000089e-01
2.800591476261615753e-02
9.902748135906869198e-01
9.591007530193048636e-01
1.000000000000000000e+00
1.000000000000000000e+00
9.385390923858830670e-01
9.294172354085981080e-01
1.000000000000000000e+00
1.000000000000000000e+00
9.846776128468154310e-01
9.439560076840098901e-01
1.000000000000000000e+00
9.361555320475073438e-01
1.000000000000000000e+00
1.000000000000000000e+00
9.776327925174642663e-01
9.872659348564264414e-01
9.380559258601964823e-01
9.444624296600755420e-01
1.000000000000000000e+00
1.000000000000000000e+00
1.000000000000000000e+00
1.000000000000000000e+00
9.682743185853366352e-01
1.000000000000000000e+00
2.698692117664986956e+00
1.521269966453320244e-01
2.600000000000000089e-01
7.457882910966873169e-02
9.584371781190491602e-01
1.000000000000000000e+00
1.000000000000000000e+00
1.000000000000000000e+00
9.713574419023307538e-01
1.000000000000000000e+00
9.406627148993502718e-01
9.443064153734657129e-01
9.708552800058128929e-01
1.000000000000000000e+00
9.951590951567684806e-01
1.000000000000000000e+00
9.630212557535779982e-01
9.909376110973998619e-01
1.000000000000000000e+00
9.744514426783936756e-01
1.000000000000000000e+00
1.000000000000000000e+00
9.317437782245285849e-01
9.809399900976136788e-01
9.788026395438947924e-01
9.458391390544862443e-01
1.000000000000000000e+00
1.000000000000000000e+00
2.673066174952882790e+00
1.439259264568573116e-01
2.600000000000000089e-01
1.005115807056427002e-01
1.000000000000000000e+00
1.000000000000000000e+00
9.472471019470786180e-01
1.000000000000000000e+00
9.683291223371081058e-01
1.000000000000000000e+00
9.765509791468369727e-01
1.000000000000000000e+00
9.976479943274599860e-01
1.000000000000000000e+00
9.842308530954698709e-01
1.000000000000000000e+00
9.614543298607388655e-01
1.000000000000000000e+00
1.000000000000000000e+00
9.931119212054108081e-01
1.000000000000000000e+00
1.000000000000000000e+00
1.000000000000000000e+00
9.760922757293259977e-01
1.000000000000000000e+00
9.966247778969947735e-01
1.000000000000000000e+00
1.000000000000000000e+00
2.647292125943877750e+00
1.362582289706004701e-01
2.600000000000000089e-01
5.287222191691398621e-02
1.000000000000000000e+00
9.431170691830165209e-01
9.929533542136764757e-01
9.571051499689072761e-01
1.000000000000000000e+00
9.943645426071282545e-01
9.494263328794365631e-01
1.000000000000000000e+00
1.000000000000000000e+00
1.000000000000000000e+00
1.000000000000000000e+00
1.000000000000000000e+00
9.393751237796258424e-01
9.335527240321255249e-01
1.000000000000000000e+00
1.000000000000000000e+00
9.749556125803956474e-01
1.000000000000000000e+00
1.000000000000000000e+00
1.000000000000000000e+00
9.367052645231238595e-01
1.000000000000000000e+00
9.861527090378646720e-01
1.000000000000000000e+00
2.613057234602506718e+00
1.348893499745327240e-01
2.600000000000000089e-01
3.260221797972917557e-03
1.000000000000000000e+00
9.427534304989683145e-01
1.000000000000000000e+00
1.000000000000000000e+00
1.000000000000000000e+00
1.000000000000000000e+00
9.321323611249570096e-01
1.000000000000000000e+00
9.856976629337916851e-01
1.000000000000000000e+00
9.554325092326928504e-01
9.512270968124829640e-01
9.439472234976241660e-01
9.869705245977410391e-01
9.471959741504337726e-01
9.944115852837460690e-01
1.000000000000000000e+00
9.928546214027361705e-01
1.000000000000000000e+00
9.365785047526697937e-01
1.000000000000000000e+00
1.000000000000000000e+00
1.000000000000000000e+00
1.000000000000000000e+00
2.587380928953367576e+00
1.339075012128794206e-01
2.600000000000000089e-01
2.537009306252002716e-02
9.624134363926948321e-01
9.822591207848050399e-01
9.707003040046165987e-01
1.000000000000000000e+00
1.000000000000000000e+00
1.000000000000000000e+00
1.000000000000000000e+00
9.789784927964050310e-01
9.600869675702617956e-01
9.396531494757496272e-01
1.000000000000000000e+00
1.000000000000000000e+00
9.682817028126612380e-01
9.452181947391674610e-01
9.342663089497331708e-01
1.000000000000000000e+00
1.000000000000000000e+00
9.540090914493773999e-01
1.000000000000000000e+00
1.000000000000000000e+00
1.000000000000000000e+00
1.000000000000000000e+00
9.954307952747096788e-01
1.000000000000000000e+00
2.552856449585653387e+00
1.306000848990751528e-01
2.600000000000000089e-01
4.303161799907684326e-02
9.701761195555285155e-01
9.561360513193309929e-01
1.000000000000000000e+00
1.000000000000000000e+00
9.671221818971140749e-01
9.434788488166487852e-01
9.960431177149355886e-01
9.425982736241761417e-01
1.000000000000000000e+00
1.000000000000000000e+00
9.733497907777609592e-01
1.000000000000000000e+00
1.000000000000000000e+00
9.794531523188751976e-01
9.832963682775136549e-01
9.606063107214417585e-01
9.831854435450010365e-01
9.605832247895015330e-01
9.670040884147194094e-01
1.000000000000000000e+00
1.000000000000000000e+00
9.674248692004768779e-01
9.380546846371885517e-01
1.000000000000000000e+00
2.527213632093415541e+00
1.252120916599097633e-01
2.600000000000000089e-01
1.009630113840103149e-01
9.404417515718010989e-01
9.351331757704973713e-01
1.000000000000000000e+00
1.000000000000000000e+00
9.947628782447364149e-01
1.000000000000000000e+00
1.000000000000000000e+00
9.312745314768421379e-01
9.507311493136901825e-01
9.608514970252877152e-01
1.000000000000000000e+00
9.494857048516458509e-01
1.000000000000000000e+00
9.391543347586489565e-01
9.410274400672603567e-01
9.306042126226631295e-01
9.535811832974711022e-01
9.538018107198090734e-01
1.000000000000000000e+00
1.000000000000000000e+00
1.000000000000000000e+00
1.000000000000000000e+00
1.000000000000000000e+00
9.444040533240691815e-01
2.493153448946832107e+00
1.162106033677359207e-01
2.600000000000000089e-01
4.342985898256301880e-02
1.000000000000000000e+00
9.611890114988419498e-01
9.971407020299482005e-01
1.000000000000000000e+00
1.000000000000000000e+00
9.609706413309648809e-01
1.000000000000000000e+00
9.655447750335761636e-01
9.640333169790337164e-01
1.000000000000000000e+00
9.411001141352289823e-01
1.000000000000000000e+00
1.000000000000000000e+00
1.000000000000000000e+00
1.000000000000000000e+00
1.000000000000000000e+00
9.514497363514750061e-01
1.000000000000000000e+00
1.000000000000000000e+00
1.000000000000000000e+00
1.000000000000000000e+00
1.000000000000000000e+00
1.000000000000000000e+00
1.000000000000000000e+00
2.467397987989102592e+00
1.096329653113121694e-01
2.600000000000000089e-01
8.632905781269073486e-02
9.392371825503680327e-01
9.389102718024417982e-01
9.453281848338164206e-01
9.873338510729491313e-01
9.339799956112209145e-01
1.000000000000000000e+00
1.000000000000000000e+00
9.865942487119337967e-01
9.846657633980885338e-01
9.402603270547297276e-01
9.680029926294680953e-01
9.848077973859196144e-01
1.000000000000000000e+00
1.000000000000000000e+00
1.000000000000000000e+00
9.784266693675609528e-01
9.586017188277269341e-01
1.000000000000000000e+00
9.478371624920683969e-01
9.656373610062159996e-01
9.664813267691598764e-01
9.875594511051372093e-01
9.793194705277274981e-01
9.676542432599445354e-01
2.433098886741555056e+00
1.008197765668454871e-01
2.600000000000000089e-01
7.258838415145874023e-02
1.000000000000000000e+00
9.359948764531159648e-01
1.000000000000000000e+00
9.602180840391242311e-01
1.000000000000000000e+00
1.000000000000000000e+00
9.402609401354619090e-01
1.000000000000000000e+00
1.000000000000000000e+00
1.000000000000000000e+00
9.399932473357563989e-01
1.000000000000000000e+00
9.659693722086253320e-01
9.423674456103791064e-01
1.000000000000000000e+00
9.813699398939002005e-01
1.000000000000000000e+00
1.000000000000000000e+00
1.000000000000000000e+00
1.000000000000000000e+00
1.000000000000000000e+00
1.000000000000000000e+00
9.574142963183432942e-01
9.796596071517073012e-01
2.407255532587780245e+00
9.615988298472011309e-02
2.600000000000000089e-01
5.943205580115318298e-02
9.863109932448300698e-01
9.540886888772696084e-01
1.000000000000000000e+00
9.324233775716865846e-01
1.000000000000000000e+00
9.321536739532130245e-01
1.000000000000000000e+00
9.489736036555281862e-01
9.287940297657172328e-01
1.000000000000000000e+00
1.000000000000000000e+00
9.433886637129844654e-01
1.000000000000000000e+00
9.419903554127804224e-01
9.883850886046845474e-01
1.000000000000000000e+00
1.000000000000000000e+00
1.000000000000000000e+00
1.000000000000000000e+00
1.000000000000000000e+00
1.000000000000000000e+00
1.000000000000000000e+00
1.000000000000000000e+00
9.998320034455264738e-01
2.381608836834129939e+00
9.498851310431133399e-02
2.600000000000000089e-01
-1.348142139613628387e-02
1.000000000000000000e+00
1.000000000000000000e+00
1.000000000000000000e+00
1.000000000000000000e+00
1.000000000000000000e+00
1.000000000000000000e+00
1.000000000000000000e+00
9.749634566554821191e-01
9.701253549333858084e-01
1.000000000000000000e+00
9.510261366153668350e-01
9.319979804034336235e-01
9.339112478236391013e-01
9.455948067557951031e-01
9.398884943619710830e-01
1.000000000000000000e+00
1.000000000000000000e+00
9.962010531271892066e-01
9.876323590108098127e-01
9.775973873580267037e-01
1.000000000000000000e+00
9.623936272674921133e-01
9.395372571804490036e-01
1.000000000000000000e+00
2.346970662287044540e+00
9.308538125233267735e-02
2.600000000000000089e-01
6.082524359226226807e-02
9.428688872013023525e-01
9.540822505921470187e-01
9.923821950651824375e-01
9.356807951691792358e-01
1.000000000000000000e+00
1.000000000000000000e+00
9.826334733909594110e-01
1.000000000000000000e+00
9.986097918051176636e-01
1.000000000000000000e+00
9.663060515189022537e-01
9.927778718386945922e-01
1.000000000000000000e+00
9.781969214665166001e-01
9.712760401238663688e-01
9.766869971721555688e-01
9.540635740479334048e-01
1.000000000000000000e+00
1.000000000000000000e+00
1.000000000000000000e+00
9.789444550722211646e-01
9.364122239767928013e-01
9.541429466308860574e-01
9.855570501344175227e-01
2.321013647808814362e+00
9.765023821149521055e-02
2.600000000000000089e-01
-5.993001908063888550e-02
9.465681159357498542e-01
1.000000000000000000e+00
9.810855957189804633e-01
9.932269136143961896e-01
9.330179637902008549e-01
9.582148182394431002e-01
1.000000000000000000e+00
1.000000000000000000e+00
9.337501333684868898e-01
9.386587767144035643e-01
1.000000000000000000e+00
9.767663929687214752e-01
1.000000000000000000e+00
9.293647021408629749e-01
9.909286806640358325e-01
1.000000000000000000e+00
9.593296178316215173e-01
9.500558766908199226e-01
9.520784062677065673e-01
9.388649261977999316e-01
1.000000000000000000e+00
1.000000000000000000e+00
1.000000000000000000e+00
1.000000000000000000e+00
2.286504187204809746e+00
1.036317923612490866e-01
2.600000000000000089e-01
5.892878398299217224e-03
9.828966611859482061e-01
9.389030373428205456e-01
1.000000000000000000e+00
9.473792058303264207e-01
1.000000000000000000e+00
9.957342291460183903e-01
1.000000000000000000e+00
9.452478311800939226e-01
1.000000000000000000e+00
9.376918324754440759e-01
9.818862878038169262e-01
1.000000000000000000e+00
1.000000000000000000e+00
9.384178744279850770e-01
1.000000000000000000e+00
9.888924061485538930e-01
1.000000000000000000e+00
1.000000000000000000e+00
9.773377490722668925e-01
1.000000000000000000e+00
1.000000000000000000e+00
1.000000000000000000e+00
1.000000000000000000e+00
1.000000000000000000e+00
2.260705266230913058e+00
9.839008909848701023e-02
2.600000000000000089e-01
1.232483386993408203e-01
9.879865471025300883e-01
9.667019897978678111e-01
9.682440540980963295e-01
9.697590777367001147e-01
9.621698747708676835e-01
1.000000000000000000e+00
9.709264628749173509e-01
1.000000000000000000e+00
9.496536760171834235e-01
9.490734904131816752e-01
1.000000000000000000e+00
9.896503184440164080e-01
1.000000000000000000e+00
9.720773460199579885e-01
9.545535534261837540e-01
9.392776900125412443e-01
1.000000000000000000e+00
9.642237117363406940e-01
1.000000000000000000e+00
1.000000000000000000e+00
9.414203530581739532e-01
1.000000000000000000e+00
9.746815841862371821e-01
1.000000000000000000e+00
2.234914571701855479e+00
8.811579894761623066e-02
2.600000000000000089e-01
1.089932173490524292e-01
9.714870639504924466e-01
1.000000000000000000e+00
1.000000000000000000e+00
9.441735250413033631e-01
1.000000000000000000e+00
9.318133362607319281e-01
1.000000000000000000e+00
9.678718539995099235e-01
9.335843000665663416e-01
1.000000000000000000e+00
9.444655867211722011e-01
1.000000000000000000e+00
9.816467401329205256e-01
1.000000000000000000e+00
1.000000000000000000e+00
9.686733917348845369e-01
9.861963852100318340e-01
9.357265622426114149e-01
1.000000000000000000e+00
1.000000000000000000e+00
1.000000000000000000e+00
1.000000000000000000e+00
9.826160180164844604e-01
9.320948676947891087e-01
2.200539896277310614e+00
7.590035502204095508e-02
2.600000000000000089e-01
1.073863208293914795e-01
1.000000000000000000e+00
9.381348187932126992e-01
9.760130741099012353e-01
9.718750177939984303e-01
9.436000904715368121e-01
9.916294575785042920e-01
1.000000000000000000e+00
9.987723140201368865e-01
1.000000000000000000e+00
1.000000000000000000e+00
9.742922561452084240e-01
1.000000000000000000e+00
9.443032985529392631e-01
1.000000000000000000e+00
9.650244742998026481e-01
1.000000000000000000e+00
9.289904951070362404e-01
9.295101999117091340e-01
1.000000000000000000e+00
1.000000000000000000e+00
1.000000000000000000e+00
9.478211205583181309e-01
1.000000000000000000e+00
1.000000000000000000e+00
2.174927494392495220e+00
6.991082783484170449e-02
2.600000000000000089e-01
3.181919828057289124e-02
1.000000000000000000e+00
9.545372966984355667e-01
1.000000000000000000e+00
1.000000000000000000e+00
1.000000000000000000e+00
1.000000000000000000e+00
9.344393415883087695e-01
9.937884277340980343e-01
9.525384141609214428e-01
9.290001817278188412e-01
9.394878433382682914e-01
9.986063670098712652e-01
1.000000000000000000e+00
9.419805248091351890e-01
1.000000000000000000e+00
9.626666780189527817e-01
9.768897234832190080e-01
1.000000000000000000e+00
9.807522698659683069e-01
9.574611104520759364e-01
9.720525771774344292e-01
1.000000000000000000e+00
9.912473576530478336e-01
1.000000000000000000e+00
2.149018434569252012e+00
6.884987628371908031e-02
2.600000000000000089e-01
3.376548411324620247e-03
1.000000000000000000e+00
9.529482772979491756e-01
9.504072147715331154e-01
9.502220552719435887e-01
1.000000000000000000e+00
9.321920109299905999e-01
1.000000000000000000e+00
9.566989457644530237e-01
1.000000000000000000e+00
9.509053111746691433e-01
9.784086390552372281e-01
1.000000000000000000e+00
9.328618707082003692e-01
1.000000000000000000e+00
1.000000000000000000e+00
9.375839692472622833e-01
1.000000000000000000e+00
1.000000000000000000e+00
9.403204013834111086e-01
1.000000000000000000e+00
9.588500702482051219e-01
9.426898254473338179e-01
9.826992731761280409e-01
9.767817927254497379e-01
2.123170581206824448e+00
6.847248222034219012e-02
2.600000000000000089e-01
7.487609982490539551e-02
9.577765424691980778e-01
1.000000000000000000e+00
1.000000000000000000e+00
1.000000000000000000e+00
9.881265747930572108e-01
9.911021166641934554e-01
9.446927703068869198e-01
9.383139940794104072e-01
9.746212045585134209e-01
9.828722173724638855e-01
9.852305066249622545e-01
9.465822001436651201e-01
1.000000000000000000e+00
1.000000000000000000e+00
1.000000000000000000e+00
9.527061942907169012e-01
1.000000000000000000e+00
1.000000000000000000e+00
9.919973140013930157e-01
9.819477580832499664e-01
9.741713456935249260e-01
1.000000000000000000e+00
1.000000000000000000e+00
1.000000000000000000e+00
2.088419035273571200e+00
6.423750549146189925e-02
2.600000000000000089e-01
1.031434349715709686e-02
9.670775903639386994e-01
9.966053167012282055e-01
9.651032818216431775e-01
9.840879355191886058e-01
9.695997545045133004e-01
9.485944622917183988e-01
9.655556262624342967e-01
1.000000000000000000e+00
9.380923534542670028e-01
9.711554995216350461e-01
9.303773453019950068e-01
1.000000000000000000e+00
9.709238793659834554e-01
1.000000000000000000e+00
1.000000000000000000e+00
9.288328628392772401e-01
9.630049125072464022e-01
9.356802053213152393e-01
9.935581022162794929e-01
1.000000000000000000e+00
1.000000000000000000e+00
9.915793403992340105e-01
1.000000000000000000e+00
1.000000000000000000e+00
2.053976040240345302e+00
6.128784954393928786e-02
2.600000000000000089e-01
3.477912768721580505e-02
9.791626707332303781e-01
9.779484094668980942e-01
1.000000000000000000e+00
1.000000000000000000e+00
9.869298468955346459e-01
9.868983973906327867e-01
9.712955858569990442e-01
1.000000000000000000e+00
1.000000000000000000e+00
9.784112475193965652e-01
1.000000000000000000e+00
1.000000000000000000e+00
9.892504441445332253e-01
9.470972157798781543e-01
9.906385891054376724e-01
1.000000000000000000e+00
9.290702869127817065e-01
9.984591642440150405e-01
1.000000000000000000e+00
9.388556872227761252e-01
1.000000000000000000e+00
9.698131975381105718e-01
1.000000000000000000e+00
1.000000000000000000e+00
2.028200732941147333e+00
5.676908173936956459e-02
2.600000000000000089e-01
7.525055855512619019e-02
9.498950155624810154e-01
9.882238906960010283e-01
1.000000000000000000e+00
9.693150467873207221e-01
9.760887336749470844e-01
1.000000000000000000e+00
1.000000000000000000e+00
9.290755654217702775e-01
1.000000000000000000e+00
1.000000000000000000e+00
1.000000000000000000e+00
1.000000000000000000e+00
9.969709622853241138e-01
9.880596345623638976e-01
1.000000000000000000e+00
1.000000000000000000e+00
1.000000000000000000e+00
1.000000000000000000e+00
1.000000000000000000e+00
9.995422025654462361e-01
9.324404141961949444e-01
1.000000000000000000e+00
1.000000000000000000e+00
1.000000000000000000e+00
1.993712954618146904e+00
4.975292219897387014e-02
2.600000000000000089e-01
5.412822589278221130e-02
9.754146372457361824e-01
1.000000000000000000e+00
9.423943912933578915e-01
9.587704436410920961e-01
1.000000000000000000e+00
9.890205259613527033e-01
9.287459174290680908e-01
1.000000000000000000e+00
9.737699763464905400e-01
1.000000000000000000e+00
1.000000000000000000e+00
1.000000000000000000e+00
1.000000000000000000e+00
9.995269158370569951e-01
9.495634708833202708e-01
1.000000000000000000e+00
1.000000000000000000e+00
1.000000000000000000e+00
1.000000000000000000e+00
9.624646995368421054e-01
1.000000000000000000e+00
1.000000000000000000e+00
9.292932087483670722e-01
9.949221282540277045e-01
1.967786831073748743e+00
4.498822040636563102e-02
2.600000000000000089e-01
4.574967548251152039e-02
1.000000000000000000e+00
9.978011310620699126e-01
9.514160282008564673e-01
1.000000000000000000e+00
1.000000000000000000e+00
1.000000000000000000e+00
9.644839803801534828e-01
1.000000000000000000e+00
1.000000000000000000e+00
1.000000000000000000e+00
1.000000000000000000e+00
1.000000000000000000e+00
9.901194775869538445e-01
9.919577248178981232e-01
1.000000000000000000e+00
9.788368616841622849e-01
1.000000000000000000e+00
9.691965315424165839e-01
1.000000000000000000e+00
1.000000000000000000e+00
9.986988977386443977e-01
9.964389031761438087e-01
1.000000000000000000e+00
1.000000000000000000e+00
1.932917655692628189e+00
4.399711232312197851e-02
2.600000000000000089e-01
-5.042359232902526855e-02
1.000000000000000000e+00
9.516939361208777148e-01
1.000000000000000000e+00
9.637153947680152655e-01
1.000000000000000000e+00
9.658202772661202973e-01
9.688787737358496299e-01
1.000000000000000000e+00
9.328352390717843390e-01
1.000000000000000000e+00
1.000000000000000000e+00
1.000000000000000000e+00
1.000000000000000000e+00
9.528454081584226687e-01
1.000000000000000000e+00
9.851626658850002327e-01
1.000000000000000000e+00
9.440336984749737592e-01
1.000000000000000000e+00
1.000000000000000000e+00
9.413363911868811718e-01
9.966435517965553936e-01
1.000000000000000000e+00
1.000000000000000000e+00
1.906920612055715836e+00
5.243849028800129375e-02
2.600000000000000089e-01
-8.655083179473876953e-02
1.000000000000000000e+00
1.000000000000000000e+00
9.770107092633504298e-01
1.000000000000000000e+00
1.000000000000000000e+00
1.000000000000000000e+00
1.000000000000000000e+00
9.477998051112646039e-01
1.000000000000000000e+00
9.605765616298845844e-01
1.000000000000000000e+00
9.703900347886380562e-01
1.000000000000000000e+00
1.000000000000000000e+00
9.821736213612154431e-01
1.000000000000000000e+00
1.000000000000000000e+00
9.422281894365905908e-01
9.807100450629876454e-01
9.782094041858536704e-01
9.741616917420311550e-01
9.527476739046665255e-01
1.000000000000000000e+00
9.527865711828368278e-01
1.872289702690324464e+00
6.460456818841731064e-02
2.600000000000000089e-01
-8.048216253519058228e-02
1.000000000000000000e+00
9.520495219979737689e-01
1.000000000000000000e+00
1.000000000000000000e+00
9.817621572586789913e-01
1.000000000000000000e+00
1.000000000000000000e+00
9.517952445667120509e-01
1.000000000000000000e+00
1.000000000000000000e+00
1.000000000000000000e+00
1.000000000000000000e+00
1.000000000000000000e+00
9.709615662685199267e-01
1.000000000000000000e+00
9.546669673347268903e-01
9.847084800419315664e-01
1.000000000000000000e+00
9.431933952649169672e-01
9.835296422103471103e-01
1.000000000000000000e+00
1.000000000000000000e+00
1.000000000000000000e+00
1.000000000000000000e+00
1.846311871515191383e+00
7.440350435859999223e-02
2.600000000000000089e-01
-1.049662455916404724e-01
9.554469702681339660e-01
1.000000000000000000e+00
1.000000000000000000e+00
9.505706667641190544e-01
1.000000000000000000e+00
1.000000000000000000e+00
9.418825901351174368e-01
9.570816005029747497e-01
9.567048541764169300e-01
9.767363309139310834e-01
1.000000000000000000e+00
1.000000000000000000e+00
1.000000000000000000e+00
1.000000000000000000e+00
9.819038512762835458e-01
1.000000000000000000e+00
9.866834583953203452e-01
9.892104234632338455e-01
1.000000000000000000e+00
1.000000000000000000e+00
9.778556174085405450e-01
9.297312124376535536e-01
9.599416856670864862e-01
9.711086512585780373e-01
1.811832870270416729e+00
8.942605038830198083e-02
2.600000000000000089e-01
-8.959862589836120605e-02
9.390522466950239622e-01
1.000000000000000000e+00
9.849398949684216031e-01
1.000000000000000000e+00
1.000000000000000000e+00
9.835803471192668956e-01
9.667732246244088445e-01
1.000000000000000000e+00
9.953376125846292721e-01
1.000000000000000000e+00
1.000000000000000000e+00
1.000000000000000000e+00
1.000000000000000000e+00
9.636091918976799064e-01
9.367201629148882436e-01
9.434694937629213296e-01
9.789480806094186249e-01
9.935563835655628617e-01
9.562816123300026394e-01
9.911613554500817713e-01
1.000000000000000000e+00
1.000000000000000000e+00
9.902529901655763300e-01
1.000000000000000000e+00
1.785843119374384447e+00
1.018821287020847954e-01
2.600000000000000089e-01
-1.153477430343627930e-01
9.463524431418710581e-01
9.411778103727438394e-01
1.000000000000000000e+00
1.000000000000000000e+00
9.727687725201087376e-01
1.000000000000000000e+00
9.320910048657039537e-01
9.415975136305243520e-01
1.000000000000000000e+00
1.000000000000000000e+00
1.000000000000000000e+00
9.633134528267243146e-01
9.671783486672257402e-01
1.000000000000000000e+00
9.896809645696195146e-01
1.000000000000000000e+00
9.736383891468118890e-01
9.428303283123147249e-01
9.876147840192281979e-01
1.000000000000000000e+00
1.000000000000000000e+00
1.000000000000000000e+00
9.678423081533196193e-01
9.891584102864846573e-01
1.751156159595086859e+00
1.189625103304270404e-01
2.600000000000000089e-01
-1.196301355957984924e-01
9.968259422586278617e-01
9.677034553686336693e-01
1.000000000000000000e+00
1.000000000000000000e+00
9.740747248684361592e-01
1.000000000000000000e+00
9.825165099405476221e-01
9.320752617751069113e-01
9.941576020620003229e-01
1.000000000000000000e+00
9.788614426848980532e-01
9.583011659402101978e-01
1.000000000000000000e+00
1.000000000000000000e+00
9.366254365207337118e-01
9.908937368516080868e-01
9.348859565271642191e-01
1.000000000000000000e+00
9.959363844625680473e-01
1.000000000000000000e+00
1.000000000000000000e+00
1.000000000000000000e+00
1.000000000000000000e+00
1.000000000000000000e+00
1.725291525612067334e+00
1.295238487168508534e-01
2.600000000000000089e-01
-7.360791414976119995e-02
1.000000000000000000e+00
9.876381276104907458e-01
1.000000000000000000e+00
9.998146042958626634e-01
9.332797272055740612e-01
9.544544249713592388e-01
1.000000000000000000e+00
9.815192269078495402e-01
1.000000000000000000e+00
9.521231728216452694e-01
9.385756013080835958e-01
9.652150220157762472e-01
9.999732017703395481e-01
9.491289667519490214e-01
9.738026917267139648e-01
9.669478620812743674e-01
9.877445700004853224e-01
1.000000000000000000e+00
9.396874752711673606e-01
9.461510531913457367e-01
9.497738140416348562e-01
9.854701806987683499e-01
1.000000000000000000e+00
9.555724043963363945e-01
1.699514055784560496e+00
1.379848073924230256e-01
2.600000000000000089e-01
-2.039892971515655518e-02
9.419780735934749627e-01
9.495435290382169269e-01
9.894824933751992235e-01
1.000000000000000000e+00
1.000000000000000000e+00
9.807155524218124087e-01
9.638755737236344157e-01
9.756813763603452427e-01
9.585322700599402390e-01
9.690744870807511679e-01
9.941279287533809628e-01
1.000000000000000000e+00
9.514389334989700187e-01
9.926542272006890766e-01
9.515278720769082543e-01
1.000000000000000000e+00
1.000000000000000000e+00
9.720870658837198475e-01
1.000000000000000000e+00
9.830126935329440707e-01
1.000000000000000000e+00
1.000000000000000000e+00
9.567867492325593526e-01
1.000000000000000000e+00
1.665371168713196459e+00
1.446043154207492520e-01
2.600000000000000089e-01
-4.578449949622154236e-02
9.682576472770509923e-01
9.679857147602307643e-01
9.782402776782898046e-01
1.000000000000000000e+00
1.000000000000000000e+00
9.657152235144366159e-01
9.806833621049021454e-01
1.000000000000000000e+00
9.631495096065533223e-01
9.972005657947945467e-01
9.519641241962465417e-01
1.000000000000000000e+00
9.423960691033167469e-01
9.410714831199490371e-01
1.000000000000000000e+00
1.000000000000000000e+00
9.894601261524371694e-01
9.662413473635221850e-01
1.000000000000000000e+00
9.364016293395612811e-01
9.603880289681485660e-01
1.000000000000000000e+00
1.000000000000000000e+00
1.000000000000000000e+00
1.639622634024828329e+00
1.528683354179225518e-01
2.600000000000000089e-01
-7.605568319559097290e-02
9.662113217713412805e-01
9.739495373326289007e-01
9.396032091996235902e-01
1.000000000000000000e+00
1.000000000000000000e+00
1.000000000000000000e+00
1.000000000000000000e+00
9.665809848697212159e-01
9.622313026888775767e-01
1.000000000000000000e+00
9.462334775886116489e-01
1.000000000000000000e+00
9.380174524082042220e-01
9.658080812336651277e-01
1.000000000000000000e+00
1.000000000000000000e+00
9.562983278813186327e-01
9.316137158636983440e-01
1.000000000000000000e+00
9.982025973678608777e-01
1.000000000000000000e+00
9.591572939579374735e-01
9.398605069170538062e-01
1.000000000000000000e+00
1.605418736051071660e+00
1.667575826848888276e-01
2.600000000000000089e-01
-7.597746700048446655e-02
9.530834297083999873e-01
1.000000000000000000e+00
9.522181507164914072e-01
1.000000000000000000e+00
1.000000000000000000e+00
9.411171837215971392e-01
9.500804749840791041e-01
1.000000000000000000e+00
9.635688609732833143e-01
9.879673495234067016e-01
1.000000000000000000e+00
1.000000000000000000e+00
9.732442099274030145e-01
9.538253394216141823e-01
9.837663927278240683e-01
9.722111088852855021e-01
1.000000000000000000e+00
9.934755270485524647e-01
1.000000000000000000e+00
9.664225226128158042e-01
1.000000000000000000e+00
9.685215477284349062e-01
9.346977738994167728e-01
9.468385852303214945e-01
1.579757046240439777e+00
1.784521022184399897e-01
2.600000000000000089e-01
-8.963389694690704346e-02
1.000000000000000000e+00
1.000000000000000000e+00
1.000000000000000000e+00
9.456908178439135115e-01
1.000000000000000000e+00
9.666401489488064547e-01
9.304851074245484854e-01
1.000000000000000000e+00
9.768328299794214464e-01
1.000000000000000000e+00
9.316427449135114003e-01
1.000000000000000000e+00
1.000000000000000000e+00
1.000000000000000000e+00
1.000000000000000000e+00
9.816210840535831705e-01
1.000000000000000000e+00
1.000000000000000000e+00
1.000000000000000000e+00
1.000000000000000000e+00
1.000000000000000000e+00
9.545782548151845459e-01
9.850884698346000778e-01
9.545383357811869640e-01
1.545466026628745437e+00
1.985534886775326413e-01
2.600000000000000089e-01
-1.848720610141754150e-01
1.000000000000000000e+00
9.909061657373789966e-01
9.431323015639242469e-01
9.724595182625035417e-01
9.943519974973954456e-01
9.725671523782214445e-01
9.815157989198842747e-01
9.491795488473505626e-01
1.000000000000000000e+00
1.000000000000000000e+00
1.000000000000000000e+00
9.478595632486171985e-01
1.000000000000000000e+00
9.777582543138464422e-01
1.000000000000000000e+00
9.832388072773348142e-01
1.000000000000000000e+00
9.620336346576561226e-01
9.401691223484699433e-01
1.000000000000000000e+00
1.000000000000000000e+00
9.880796837997612991e-01
9.963214596792873134e-01
9.641827161802100088e-01
1.519845862154127092e+00
2.191912795407033876e-01
2.600000000000000089e-01
-1.689880639314651489e-01
1.000000000000000000e+00
9.996111513254721803e-01
1.000000000000000000e+00
9.708313105051803449e-01
1.000000000000000000e+00
1.000000000000000000e+00
9.545691442084448530e-01
9.593216178055251619e-01
9.335087792532161810e-01
1.000000000000000000e+00
9.692326652487508465e-01
1.000000000000000000e+00
9.316940086903352514e-01
9.533937407516089868e-01
9.418130990360226162e-01
9.457986455368183609e-01
1.000000000000000000e+00
9.364316824206143641e-01
9.903482251958638516e-01
1.000000000000000000e+00
1.000000000000000000e+00
1.000000000000000000e+00
9.481973707930853035e-01
9.526430071037819136e-01
1.486088179499720718e+00
2.452749931752138401e-01
2.600000000000000089e-01
-1.276292949914932251e-01
9.964173427416967987e-01
1.000000000000000000e+00
9.488409164944513474e-01
9.797223372555269316e-01
9.773644172732680602e-01
9.428117681944280237e-01
9.794467566333754371e-01
1.000000000000000000e+00
1.000000000000000000e+00
1.000000000000000000e+00
1.000000000000000000e+00
1.000000000000000000e+00
9.758407827526739409e-01
9.823662301029878474e-01
1.000000000000000000e+00
9.783159559478896705e-01
9.585032760827647547e-01
9.999872286995160620e-01
9.759321715483640913e-01
1.000000000000000000e+00
1.000000000000000000e+00
9.519280248884621765e-01
9.582119254606956682e-01
1.000000000000000000e+00
1.460929273916888871e+00
2.640639063627121530e-01
2.600000000000000089e-01
-1.598547399044036865e-01
9.326451733278050549e-01
9.741759162402868766e-01
1.000000000000000000e+00
9.938591882257433729e-01
9.729277654749736159e-01
9.819631810879931866e-01
1.000000000000000000e+00
1.000000000000000000e+00
1.000000000000000000e+00
9.823220677585192684e-01
1.000000000000000000e+00
1.000000000000000000e+00
1.000000000000000000e+00
9.395583311119803938e-01
1.000000000000000000e+00
1.000000000000000000e+00
9.877938551676636036e-01
9.310077763706642306e-01
9.503907582612274307e-01
9.501114302001107959e-01
9.711637204422624015e-01
1.000000000000000000e+00
1.000000000000000000e+00
1.000000000000000000e+00
1.427493331822167644e+00
2.904678670415763442e-01
2.600000000000000089e-01
-1.439705491065979004e-01
9.919560969168299547e-01
1.000000000000000000e+00
1.000000000000000000e+00
1.000000000000000000e+00
1.000000000000000000e+00
1.000000000000000000e+00
9.614148988417666741e-01
1.000000000000000000e+00
1.000000000000000000e+00
9.635846016428322169e-01
1.000000000000000000e+00
1.000000000000000000e+00
9.826382920301736101e-01
9.863934410787421614e-01
1.000000000000000000e+00
1.000000000000000000e+00
9.475022452797569050e-01
9.607544049642839923e-01
1.000000000000000000e+00
1.000000000000000000e+00
9.738823731987441557e-01
9.812286565780041769e-01
1.000000000000000000e+00
1.000000000000000000e+00
1.402520310586034213e+00
3.036119116704072418e-01
2.600000000000000089e-01
-2.453413419425487518e-02
1.000000000000000000e+00
9.390470929416666612e-01
9.652576552219073180e-01
1.000000000000000000e+00
9.927901886084322669e-01
1.000000000000000000e+00
1.000000000000000000e+00
1.000000000000000000e+00
1.000000000000000000e+00
9.938183773373721053e-01
1.000000000000000000e+00
1.000000000000000000e+00
9.371449634934035933e-01
9.470882413150120138e-01
1.000000000000000000e+00
9.349204209980686020e-01
9.306019934639072622e-01
9.301495789032100392e-01
9.347884238252441857e-01
1.000000000000000000e+00
1.000000000000000000e+00
9.293471646322631896e-01
9.541249730400341855e-01
1.000000000000000000e+00
1.369424993408189462e+00
3.125760139838420493e-01
2.600000000000000089e-01
3.770068055018782616e-03
1.000000000000000000e+00
9.700111097053917275e-01
9.740923477364585858e-01
1.000000000000000000e+00
1.000000000000000000e+00
9.352872505529392644e-01
1.000000000000000000e+00
1.000000000000000000e+00
1.000000000000000000e+00
1.000000000000000000e+00
9.960685152803930853e-01
1.000000000000000000e+00
1.000000000000000000e+00
1.000000000000000000e+00
1.000000000000000000e+00
1.000000000000000000e+00
1.000000000000000000e+00
1.000000000000000000e+00
1.000000000000000000e+00
9.529263224398135668e-01
1.000000000000000000e+00
9.670281697490761275e-01
9.810101234692717442e-01
1.000000000000000000e+00
1.344732136057358751e+00
3.184623906480501532e-01
2.600000000000000089e-01
-3.562865545973181725e-03
9.782756526982016032e-01
1.000000000000000000e+00
1.000000000000000000e+00
9.685103584592507087e-01
1.000000000000000000e+00
9.546073453205713433e-01
1.000000000000000000e+00
1.000000000000000000e+00
1.000000000000000000e+00
1.000000000000000000e+00
9.461386676796169626e-01
9.814111106784443317e-01
1.000000000000000000e+00
9.545552608675882400e-01
1.000000000000000000e+00
1.000000000000000000e+00
1.000000000000000000e+00
1.000000000000000000e+00
9.815279395167079146e-01
1.000000000000000000e+00
9.604710262747434557e-01
9.707592562465675590e-01
1.000000000000000000e+00
9.559480763863918984e-01
1.311814903819078504e+00
3.316412719929724418e-01
2.600000000000000089e-01
-7.430548965930938721e-02
9.414959852158573117e-01
1.000000000000000000e+00
9.616684702425503106e-01
9.518235987761810568e-01
1.000000000000000000e+00
9.625211106032490749e-01
1.000000000000000000e+00
9.318516569016173090e-01
1.000000000000000000e+00
9.629962439177793820e-01
1.000000000000000000e+00
1.000000000000000000e+00
1.000000000000000000e+00
9.979325674566650317e-01
9.511805588281966317e-01
9.416543071561384037e-01
9.651648662069078899e-01
1.000000000000000000e+00
1.000000000000000000e+00
1.000000000000000000e+00
9.441205461015613754e-01
9.521573380193597558e-01
1.000000000000000000e+00
9.791257874606865697e-01
1.287320703374690956e+00
3.483746923328467915e-01
2.600000000000000089e-01
-1.514272540807723999e-01
1.000000000000000000e+00
9.974055627371007926e-01
9.808777149627260217e-01
1.000000000000000000e+00
9.650978997273831350e-01
9.955375993629965725e-01
9.797225564921528962e-01
9.970634336682013821e-01
9.904872029120064258e-01
1.000000000000000000e+00
9.687791906337792636e-01
9.955387605409031782e-01
1.000000000000000000e+00
9.341519878166394397e-01
9.862534902116083524e-01
1.000000000000000000e+00
1.000000000000000000e+00
1.000000000000000000e+00
1.000000000000000000e+00
1.000000000000000000e+00
9.946084893500352075e-01
1.000000000000000000e+00
1.000000000000000000e+00
9.715642252309230065e-01
1.262994814848152458e+00
3.670766966921323871e-01
2.600000000000000089e-01
-1.004074960947036743e-01
9.312956175860931385e-01
1.000000000000000000e+00
1.000000000000000000e+00
9.689322502362774925e-01
9.959862058638465632e-01
1.000000000000000000e+00
9.352278991374972650e-01
1.000000000000000000e+00
9.369649402803700289e-01
1.000000000000000000e+00
1.000000000000000000e+00
1.000000000000000000e+00
1.000000000000000000e+00
1.000000000000000000e+00
1.000000000000000000e+00
1.000000000000000000e+00
1.000000000000000000e+00
1.000000000000000000e+00
9.616018085215067845e-01
9.312251342423589762e-01
9.785009830431309341e-01
1.000000000000000000e+00
1.000000000000000000e+00
1.000000000000000000e+00
1.230728654741737538e+00
3.953033561333194612e-01
2.600000000000000089e-01
-1.746296286582946777e-01
1.000000000000000000e+00
1.000000000000000000e+00
9.966657339056534948e-01
1.000000000000000000e+00
1.000000000000000000e+00
1.000000000000000000e+00
1.000000000000000000e+00
9.422991189894677211e-01
9.840000545653967423e-01
1.000000000000000000e+00
1.000000000000000000e+00
9.358169104978094621e-01
9.445895843550082827e-01
9.585744421434740925e-01
1.000000000000000000e+00
1.000000000000000000e+00
1.000000000000000000e+00
1.000000000000000000e+00
9.699817649467509240e-01
9.360953150617612462e-01
9.908177449645071411e-01
9.465466443719589007e-01
1.000000000000000000e+00
9.400272965590571461e-01
1.198460513607175315e+00
4.249047599847899370e-01
2.600000000000000089e-01
-6.358592957258224487e-02
9.770926864563191927e-01
9.313860534196862773e-01
1.000000000000000000e+00
9.981927211807072320e-01
1.000000000000000000e+00
9.617929885978266924e-01
1.000000000000000000e+00
9.586980317852803468e-01
1.000000000000000000e+00
9.292058753825391815e-01
1.000000000000000000e+00
1.000000000000000000e+00
1.000000000000000000e+00
9.331038509391443858e-01
9.953109733498429756e-01
9.784815160335117445e-01
9.892092375612951960e-01
9.531954946808999241e-01
1.000000000000000000e+00
1.000000000000000000e+00
9.665183032568955834e-01
9.777890137810031357e-01
9.763944767079731912e-01
1.000000000000000000e+00
1.174909962286886378e+00
4.429248785043320424e-01
2.600000000000000089e-01
-1.045067906379699707e-01
9.653392051647793348e-01
9.292663925947491910e-01
1.000000000000000000e+00
1.000000000000000000e+00
1.000000000000000000e+00
9.485787768524721608e-01
9.646365308392100824e-01
1.000000000000000000e+00
1.000000000000000000e+00
1.000000000000000000e+00
1.000000000000000000e+00
1.000000000000000000e+00
1.000000000000000000e+00
1.000000000000000000e+00
9.784449275442812510e-01
9.663103253308985563e-01
1.000000000000000000e+00
1.000000000000000000e+00
9.542284795506229544e-01
9.924275033602578677e-01
1.000000000000000000e+00
1.000000000000000000e+00
9.583828818891400037e-01
1.000000000000000000e+00
1.143796459768900986e+00
4.669599665997288263e-01
2.600000000000000089e-01
-5.694675445556640625e-02
1.000000000000000000e+00
9.583033208846386541e-01
1.000000000000000000e+00
9.375487626796543683e-01
1.000000000000000000e+00
1.000000000000000000e+00
1.000000000000000000e+00
9.340120590361244979e-01
1.000000000000000000e+00
1.000000000000000000e+00
1.000000000000000000e+00
9.822863489624115152e-01
9.467285640622804532e-01
9.728653695779759802e-01
1.000000000000000000e+00
9.932535800789032976e-01
9.442823852329184087e-01
9.395167360489544706e-01
9.678461866969085836e-01
9.690746725689857177e-01
9.669860162019821015e-01
9.399440583898226453e-01
1.000000000000000000e+00
9.453079758813507372e-01
1.120569415290437076e+00
4.815217117421530801e-01
2.600000000000000089e-01
-3.205884993076324463e-02
1.000000000000000000e+00
1.000000000000000000e+00
1.000000000000000000e+00
9.962687227228137488e-01
1.000000000000000000e+00
1.000000000000000000e+00
1.000000000000000000e+00
1.000000000000000000e+00
9.835150434698041177e-01
9.502623019306976060e-01
1.000000000000000000e+00
1.000000000000000000e+00
9.407009941517081586e-01
9.360964740166526354e-01
9.309495136115987224e-01
9.311472176234574238e-01
1.000000000000000000e+00
9.617408200114788697e-01
9.713997311547367675e-01
9.690831297224873353e-01
1.000000000000000000e+00
9.564794242096267274e-01
1.000000000000000000e+00
9.496044866556034858e-01
1.097677203418925052e+00
4.911560365424061381e-01
2.600000000000000089e-01
4.021600633859634399e-02
9.785108965298523476e-01
1.000000000000000000e+00
1.000000000000000000e+00
1.000000000000000000e+00
1.000000000000000000e+00
1.000000000000000000e+00
9.607200809235622030e-01
9.813848264576060521e-01
1.000000000000000000e+00
1.000000000000000000e+00
9.383402147174396690e-01
1.000000000000000000e+00
1.000000000000000000e+00
1.000000000000000000e+00
9.762807751161233227e-01
1.000000000000000000e+00
1.000000000000000000e+00
9.510712143548191166e-01
1.000000000000000000e+00
1.000000000000000000e+00
9.344280744386981308e-01
9.802231680979360817e-01
1.000000000000000000e+00
1.000000000000000000e+00
1.067373056428731593e+00
5.051457173619846586e-01
2.600000000000000089e-01
-2.238441072404384613e-02
1.000000000000000000e+00
1.000000000000000000e+00
1.000000000000000000e+00
1.000000000000000000e+00
9.472983088798399010e-01
1.000000000000000000e+00
1.000000000000000000e+00
9.616008473634034548e-01
1.000000000000000000e+00
1.000000000000000000e+00
1.000000000000000000e+00
1.000000000000000000e+00
1.000000000000000000e+00
1.000000000000000000e+00
9.293345076261853022e-01
1.000000000000000000e+00
1.000000000000000000e+00
1.000000000000000000e+00
9.875428665006410478e-01
1.000000000000000000e+00
1.000000000000000000e+00
9.473085943339444315e-01
1.000000000000000000e+00
9.431320377019144496e-01
1.044665281137274082e+00
5.165321738900234827e-01
2.600000000000000089e-01
2.531026117503643036e-02
1.000000000000000000e+00
1.000000000000000000e+00
9.641534679983888578e-01
9.365467754718684867e-01
1.000000000000000000e+00
1.000000000000000000e+00
1.000000000000000000e+00
9.793064876373470673e-01
9.981337427631495895e-01
9.346284285493331456e-01
9.818022700537064607e-01
9.982146176205530796e-01
9.877449272368236111e-01
9.353387435416493645e-01
9.329146643330038513e-01
9.909590230042171211e-01
1.000000000000000000e+00
1.000000000000000000e+00
1.000000000000000000e+00
1.000000000000000000e+00
9.619613494826296796e-01
9.620138179621965380e-01
9.968396295070551805e-01
1.000000000000000000e+00
1.022205244996001960e+00
5.322836505854446898e-01
2.600000000000000089e-01
-5.268241837620735168e-02
