1.000000000000000000e+00
1.000000000000000000e+00
1.000000000000000000e+00
1.000000000000000000e+00
1.000000000000000000e+00
1.000000000000000000e+00
1.000000000000000000e+00
1.000000000000000000e+00
1.000000000000000000e+00
1.000000000000000000e+00
1.000000000000000000e+00
1.000000000000000000e+00
1.000000000000000000e+00
1.000000000000000000e+00
1.000000000000000000e+00
1.000000000000000000e+00
1.000000000000000000e+00
1.000000000000000000e+00
1.000000000000000000e+00
1.000000000000000000e+00
1.000000000000000000e+00
1.000000000000000000e+00
1.000000000000000000e+00
1.000000000000000000e+00
0.000000000000000000e+00
0.000000000000000000e+00
0.000000000000000000e+00
0.000000000000000000e+00
1.000000000000000000e+00
9.422116816423381502e-01
1.000000000000000000e+00
1.000000000000000000e+00
6.767277612267574849e-01
7.060059852517819312e-01
5.958271568108080007e-01
1.000000000000000000e+00
1.000000000000000000e+00
1.000000000000000000e+00
1.000000000000000000e+00
5.737039766522390449e-01
1.000000000000000000e+00
1.000000000000000000e+00
1.000000000000000000e+00
6.433728898807269392e-01
1.000000000000000000e+00
4.331992256692357435e-01
6.306262850475052861e-01
7.353111882690657186e-01
1.000000000000000000e+00
1.000000000000000000e+00
7.133764277244638574e-01
1.000000000000000000e+00
1.866027405631765745e+01
-7.545716026263584730e-01
7.419325351715087835e-02
-3.726845979690551758e-02
8.480266602556564282e-01
1.000000000000000000e+00
1.000000000000000000e+00
5.824352865342147245e-01
1.000000000000000000e+00
1.000000000000000000e+00
9.074709213664754470e-01
1.000000000000000000e+00
6.328710199199252262e-01
6.114652715736086375e-01
8.385412173598962848e-01
1.000000000000000000e+00
9.961787623963649363e-01
7.848124479881308790e-01
1.000000000000000000e+00
5.830420774275578699e-01
7.000204584611230407e-01
7.385424051013002034e-01
4.412168351411812628e-01
5.329473798181972866e-01
8.004544787097989111e-01
1.000000000000000000e+00
1.000000000000000000e+00
1.000000000000000000e+00
1.865329087118667672e+01
-7.186118443377429443e-01
2.600000000000000089e-01
-2.993344366550445557e-01
1.000000000000000000e+00
6.323412581742337002e-01
9.293331069934881450e-01
9.390759523492321348e-01
1.000000000000000000e+00
1.000000000000000000e+00
1.000000000000000000e+00
6.200012202866435063e-01
1.000000000000000000e+00
1.000000000000000000e+00
7.012222036783687384e-01
1.000000000000000000e+00
1.000000000000000000e+00
9.045168271426966555e-01
1.000000000000000000e+00
8.916089354341547590e-01
6.223828704406211276e-01
9.953128813916595208e-01
9.196392640517603301e-01
6.656676845022315714e-01
1.000000000000000000e+00
5.751070342769065702e-01
8.636379568795994333e-01
1.000000000000000000e+00
1.864196747669231513e+01
-6.889053855323399311e-01
2.600000000000000089e-01
-4.356449842453002930e-01
1.000000000000000000e+00
1.000000000000000000e+00
1.000000000000000000e+00
1.000000000000000000e+00
6.323367499688953286e-01
1.000000000000000000e+00
1.000000000000000000e+00
1.000000000000000000e+00
1.000000000000000000e+00
5.694174298068322981e-01
9.911844904863554850e-01
1.000000000000000000e+00
5.941339172114743494e-01
8.125779165065313281e-01
1.000000000000000000e+00
1.000000000000000000e+00
7.014102004044351357e-01
1.000000000000000000e+00
1.000000000000000000e+00
4.627014284015786849e-01
4.757417915720175694e-01
1.000000000000000000e+00
6.457102523550430906e-01
7.097416781141350217e-01
1.862680131795557870e+01
-6.824943751544352288e-01
2.600000000000000089e-01
-4.831397235393524170e-01
1.000000000000000000e+00
1.000000000000000000e+00
8.375019671411484401e-01
6.251161596174410473e-01
7.967853517760098425e-01
1.000000000000000000e+00
9.323929534907063887e-01
1.000000000000000000e+00
1.000000000000000000e+00
8.046083102632274331e-01
9.293402557481930115e-01
1.000000000000000000e+00
8.730549395561880699e-01
1.000000000000000000e+00
1.000000000000000000e+00
1.000000000000000000e+00
8.008593593840055425e-01
1.000000000000000000e+00
5.319579508838413462e-01
4.581270522229142217e-01
1.000000000000000000e+00
1.000000000000000000e+00
9.572644875009691523e-01
1.000000000000000000e+00
1.860898937362020078e+01
-6.556084112655455876e-01
2.600000000000000089e-01
-5.451219677925109863e-01
8.799037848242612370e-01
9.364236368885874295e-01
7.528806028562092800e-01
1.000000000000000000e+00
7.368446629889824351e-01
7.216396432398914929e-01
1.000000000000000000e+00
7.552735343037275673e-01
8.359318990791452242e-01
9.423628532513520506e-01
1.000000000000000000e+00
1.000000000000000000e+00
9.300403078579252414e-01
1.000000000000000000e+00
1.000000000000000000e+00
1.000000000000000000e+00
1.000000000000000000e+00
1.000000000000000000e+00
1.000000000000000000e+00
9.963666151104779711e-01
8.476544074369886106e-01
8.549338127079325611e-01
1.000000000000000000e+00
1.000000000000000000e+00
1.858024002121974760e+01
-5.866809953462421845e-01
2.600000000000000089e-01
-5.179977416992187500e-01
9.042914763318992133e-01
6.509030690722626966e-01
1.000000000000000000e+00
5.740583781409979158e-01
5.618309194170608700e-01
6.935849532082952740e-01
1.000000000000000000e+00
1.000000000000000000e+00
6.627124661995521526e-01
1.000000000000000000e+00
6.598639552721505819e-01
5.817239215343258385e-01
6.766868915835198006e-01
5.655117623369739777e-01
9.905520031925504343e-01
1.000000000000000000e+00
1.000000000000000000e+00
9.301304439378955680e-01
8.771388815714907805e-01
7.948012536449835519e-01
8.605025325439817907e-01
1.000000000000000000e+00
9.257149998784743872e-01
6.811825461359047873e-01
1.855800192049356667e+01
-5.384297206302632866e-01
2.600000000000000089e-01
-4.797088801860809326e-01
9.571761470946713590e-01
1.000000000000000000e+00
1.000000000000000000e+00
1.000000000000000000e+00
7.544552414563023834e-01
1.000000000000000000e+00
9.799073998762620752e-01
1.000000000000000000e+00
1.000000000000000000e+00
6.890874472902132064e-01
1.000000000000000000e+00
1.000000000000000000e+00
1.000000000000000000e+00
8.882693720421241945e-01
1.000000000000000000e+00
1.000000000000000000e+00
1.000000000000000000e+00
5.843284493883731390e-01
1.000000000000000000e+00
6.850077911926840679e-01
3.917545105947474737e-01
9.385255070965899948e-01
8.318049905270606947e-01
9.036097880577658170e-01
1.852741578958282886e+01
-4.819100911481561944e-01
2.600000000000000089e-01
-4.138384461402893066e-01
8.112111792368532637e-01
9.293450417293698251e-01
8.116773926109370763e-01
1.000000000000000000e+00
8.333748322472478431e-01
5.672694329550621584e-01
1.000000000000000000e+00
1.000000000000000000e+00
1.000000000000000000e+00
1.000000000000000000e+00
1.000000000000000000e+00
8.977368256995494900e-01
1.000000000000000000e+00
6.324458211908279281e-01
7.911746664072248914e-01
9.906511747807229540e-01
1.000000000000000000e+00
8.461395981346920836e-01
6.453650842982424640e-01
1.000000000000000000e+00
9.905558775457130594e-01
9.941878472369450881e-01
8.487258508078581176e-01
8.208175694315669180e-01
1.850374606857361925e+01
-4.375787438204166158e-01
2.600000000000000089e-01
-4.712153971195220947e-01
8.596397035341484250e-01
9.036542523726007747e-01
7.091511155372588471e-01
7.805133129697926497e-01
1.000000000000000000e+00
5.639368956890925544e-01
1.000000000000000000e+00
5.717455541706117916e-01
1.000000000000000000e+00
1.000000000000000000e+00
1.000000000000000000e+00
8.277479196791662774e-01
9.290035759199649634e-01
1.000000000000000000e+00
1.000000000000000000e+00
1.000000000000000000e+00
1.000000000000000000e+00
6.259698918884897267e-01
8.181868521871056288e-01
1.000000000000000000e+00
5.929322467657934803e-01
1.000000000000000000e+00
6.541787871966808776e-01
8.855374662158796983e-01
1.847958775692810107e+01
-3.896495572825373621e-01
2.600000000000000089e-01
-5.062031745910644531e-01
1.000000000000000000e+00
1.000000000000000000e+00
1.000000000000000000e+00
1.000000000000000000e+00
9.502268693566084945e-01
7.242848376058859117e-01
1.000000000000000000e+00
5.895949860073125270e-01
9.150083629523907414e-01
8.105992664030460260e-01
7.324642492312057884e-01
9.220625702373533850e-01
1.000000000000000000e+00
9.739140814610536268e-01
9.116149778646170931e-01
7.382152296836120842e-01
1.000000000000000000e+00
1.000000000000000000e+00
6.975521883734526751e-01
1.000000000000000000e+00
1.000000000000000000e+00
4.239844559647668598e-01
5.382914765001288737e-01
8.205608504189998431e-01
1.844765443475489874e+01
-3.341437238254885145e-01
2.600000000000000089e-01
-3.672399520874023438e-01
1.000000000000000000e+00
8.743626152708389165e-01
1.000000000000000000e+00
6.378100340007354374e-01
7.605420635002969609e-01
1.000000000000000000e+00
1.000000000000000000e+00
8.425665100004611219e-01
1.000000000000000000e+00
7.484244288393619993e-01
1.000000000000000000e+00
6.139057796357467733e-01
1.000000000000000000e+00
1.000000000000000000e+00
1.000000000000000000e+00
1.000000000000000000e+00
1.000000000000000000e+00
1.000000000000000000e+00
7.872273881535161166e-01
5.898109598841624335e-01
6.995109967146740937e-01
3.418216428794250694e-01
5.191240181398886211e-01
1.000000000000000000e+00
1.842356227433773697e+01
-3.045042159026305484e-01
2.600000000000000089e-01
-3.384239673614501953e-01
5.995376625077487587e-01
9.530090588255593076e-01
1.000000000000000000e+00
1.000000000000000000e+00
9.956200709104978674e-01
9.403005950981684347e-01
1.000000000000000000e+00
7.631824507511498767e-01
1.000000000000000000e+00
1.000000000000000000e+00
1.000000000000000000e+00
1.000000000000000000e+00
8.890654528501743536e-01
1.000000000000000000e+00
6.913982984903063178e-01
1.000000000000000000e+00
8.208355033572229953e-01
6.990875555989803924e-01
1.000000000000000000e+00
7.550429122675227367e-01
1.000000000000000000e+00
1.000000000000000000e+00
4.357576643926402427e-01
9.069657074322697854e-01
1.839845227990459620e+01
-2.697137746351927490e-01
2.600000000000000089e-01
-4.053713679313659668e-01
1.000000000000000000e+00
1.000000000000000000e+00
7.633691793174944840e-01
5.616759940738177415e-01
9.279262883852830157e-01
7.262656689124080689e-01
8.056847253876284753e-01
1.000000000000000000e+00
1.000000000000000000e+00
9.410765202584087108e-01
1.000000000000000000e+00
1.000000000000000000e+00
1.000000000000000000e+00
1.000000000000000000e+00
1.000000000000000000e+00
1.000000000000000000e+00
1.000000000000000000e+00
1.000000000000000000e+00
1.000000000000000000e+00
1.000000000000000000e+00
1.000000000000000000e+00
8.983946438153930236e-01
3.704662151724815722e-01
4.141442530414866652e-01
1.837331700052384420e+01
-2.315963355432604232e-01
2.600000000000000089e-01
-4.792729914188385010e-01
1.000000000000000000e+00
8.614493866006954770e-01
1.000000000000000000e+00
5.614972032966982773e-01
5.919987864563308610e-01
9.167900619935459572e-01
1.000000000000000000e+00
7.898518287739513255e-01
1.000000000000000000e+00
1.000000000000000000e+00
1.000000000000000000e+00
1.000000000000000000e+00
6.637859329725189772e-01
7.399408872475099486e-01
1.000000000000000000e+00
7.960852897693513341e-01
7.266014197169544664e-01
9.974106819609434016e-01
1.000000000000000000e+00
1.000000000000000000e+00
6.036662682800676416e-01
8.308356325874035608e-01
4.108863168135014621e-01
8.339673192097206700e-01
1.833927344551571892e+01
-1.773853388421429145e-01
2.600000000000000089e-01
-3.944754004478454590e-01
6.937895811986776184e-01
8.784233490772493935e-01
1.000000000000000000e+00
6.153827505500384376e-01
1.000000000000000000e+00
8.118477731661533081e-01
8.815815880758304246e-01
9.236534918793639637e-01
6.197618207682994429e-01
8.978862395236413274e-01
1.000000000000000000e+00
1.000000000000000000e+00
1.000000000000000000e+00
1.000000000000000000e+00
1.000000000000000000e+00
1.000000000000000000e+00
6.848209860154790274e-01
1.000000000000000000e+00
1.000000000000000000e+00
1.000000000000000000e+00
8.613614277755969884e-01
1.000000000000000000e+00
5.391352567214565683e-01
5.225160797217610620e-01
1.831342199643791346e+01
-1.365733092231011803e-01
2.600000000000000089e-01
-4.157279431819915771e-01
1.000000000000000000e+00
9.661874557669213326e-01
1.000000000000000000e+00
6.192254170137453384e-01
1.000000000000000000e+00
8.394027037638923661e-01
5.975432052888847156e-01
8.321230204294154387e-01
1.000000000000000000e+00
1.000000000000000000e+00
6.030949299323419277e-01
7.728822579606475784e-01
9.258595246216282382e-01
6.182472391040193527e-01
1.000000000000000000e+00
1.000000000000000000e+00
1.000000000000000000e+00
1.000000000000000000e+00
1.000000000000000000e+00
6.025261925600001733e-01
5.982183817449325813e-01
7.203842822788563138e-01
5.847442184324914694e-01
5.532473928031153010e-01
1.828771408934381881e+01
-1.042220536820614996e-01
2.600000000000000089e-01
-3.230908513069152832e-01
7.786786140758091834e-01
6.404202423379504738e-01
1.000000000000000000e+00
8.580554487830210908e-01
9.896562206254676530e-01
8.306501530052220472e-01
7.492838592316637403e-01
7.335724605063439485e-01
1.000000000000000000e+00
6.410231955721573671e-01
9.352964832319674571e-01
8.677149277814945050e-01
1.000000000000000000e+00
5.919353226885684105e-01
1.000000000000000000e+00
1.000000000000000000e+00
1.000000000000000000e+00
1.000000000000000000e+00
5.686090666562481077e-01
1.000000000000000000e+00
1.000000000000000000e+00
6.243259940077694470e-01
1.000000000000000000e+00
8.900357030220253929e-01
1.825284501792273772e+01
-6.254924143339657405e-02
2.600000000000000089e-01
-3.036800324916839600e-01
8.287586302909932812e-01
1.000000000000000000e+00
1.000000000000000000e+00
9.008249759572978244e-01
8.250309443641621332e-01
7.058036704388575000e-01
6.331701376684532034e-01
1.000000000000000000e+00
6.203410410125519414e-01
6.853078682626156937e-01
1.000000000000000000e+00
1.000000000000000000e+00
9.024580813712616001e-01
1.000000000000000000e+00
8.357481749513903102e-01
1.000000000000000000e+00
6.393159293264165655e-01
1.000000000000000000e+00
1.000000000000000000e+00
8.027035233285589877e-01
1.000000000000000000e+00
1.000000000000000000e+00
1.000000000000000000e+00
1.000000000000000000e+00
1.822663535838325188e+01
-3.727882662827664006e-02
2.600000000000000089e-01
-2.312932461500167847e-01
1.000000000000000000e+00
8.935598505174789929e-01
1.000000000000000000e+00
8.356327610219859148e-01
1.000000000000000000e+00
8.559152566497544301e-01
7.611574171762326424e-01
1.000000000000000000e+00
1.000000000000000000e+00
1.000000000000000000e+00
7.703627316015333459e-01
1.000000000000000000e+00
1.000000000000000000e+00
1.000000000000000000e+00
6.020089128894510200e-01
9.029142004784164177e-01
1.000000000000000000e+00
9.932839802717349231e-01
1.000000000000000000e+00
1.000000000000000000e+00
1.000000000000000000e+00
1.000000000000000000e+00
1.000000000000000000e+00
1.000000000000000000e+00
1.819203138904880390e+01
-8.882988301833982803e-03
2.600000000000000089e-01
-1.815302819013595581e-01
1.000000000000000000e+00
1.000000000000000000e+00
8.419470584166351967e-01
1.000000000000000000e+00
1.000000000000000000e+00
1.000000000000000000e+00
1.000000000000000000e+00
1.000000000000000000e+00
7.643618820596481678e-01
9.654449299049672195e-01
1.000000000000000000e+00
5.936070973639456794e-01
6.102321318190310206e-01
1.000000000000000000e+00
1.000000000000000000e+00
1.000000000000000000e+00
1.000000000000000000e+00
1.000000000000000000e+00
1.000000000000000000e+00
9.354901229466973112e-01
7.041758716409233232e-01
6.437563319840867715e-01
1.000000000000000000e+00
6.022145683903065150e-01
1.816719173598142589e+01
8.444305123091133680e-03
2.600000000000000089e-01
-3.108218610286712646e-01
1.000000000000000000e+00
1.000000000000000000e+00
7.516602988671581276e-01
1.000000000000000000e+00
1.000000000000000000e+00
9.875060495209242450e-01
1.000000000000000000e+00
1.000000000000000000e+00
8.821816181636632503e-01
9.534178958435050033e-01
9.095840710437498311e-01
1.000000000000000000e+00
8.337588203595499570e-01
7.926458210248288339e-01
1.000000000000000000e+00
1.000000000000000000e+00
1.000000000000000000e+00
6.276496836681201286e-01
1.000000000000000000e+00
7.672911930476608022e-01
1.000000000000000000e+00
1.000000000000000000e+00
1.000000000000000000e+00
1.000000000000000000e+00
1.813443574911391565e+01
3.470345433662735957e-02
2.600000000000000089e-01
-3.191526234149932861e-01
5.914574068291637010e-01
6.482549256385082836e-01
1.000000000000000000e+00
1.000000000000000000e+00
1.000000000000000000e+00
8.277816822547688913e-01
7.440937291787148578e-01
7.160653337461437840e-01
1.000000000000000000e+00
7.545595836326727257e-01
6.556261401106794340e-01
1.000000000000000000e+00
1.000000000000000000e+00
8.300650947975284355e-01
8.695386159749796118e-01
1.000000000000000000e+00
5.933477227012168287e-01
1.000000000000000000e+00
1.000000000000000000e+00
1.000000000000000000e+00
1.000000000000000000e+00
6.249920576108848325e-01
7.955698188262315673e-01
1.000000000000000000e+00
1.810831023658883510e+01
6.351046120786874027e-02
2.600000000000000089e-01
-2.880256772041320801e-01
1.000000000000000000e+00
7.211341595459394016e-01
7.336718272055738899e-01
1.000000000000000000e+00
1.000000000000000000e+00
1.000000000000000000e+00
1.000000000000000000e+00
9.247346842989205840e-01
7.109620734039123757e-01
1.000000000000000000e+00
7.388971289436856438e-01
8.538038093166223641e-01
7.919544989598862328e-01
7.802623636245010763e-01
7.937647556014955086e-01
6.732256399428800941e-01
8.144436977505770114e-01
8.237635165726384656e-01
1.000000000000000000e+00
1.000000000000000000e+00
5.614781667404870058e-01
1.000000000000000000e+00
5.655436654295384891e-01
1.000000000000000000e+00
1.807410878160427714e+01
9.340920182341783118e-02
2.600000000000000089e-01
-1.591758057475090027e-02
7.464788017691823541e-01
1.000000000000000000e+00
1.000000000000000000e+00
7.174823996709308593e-01
7.282814779633337565e-01
1.000000000000000000e+00
1.000000000000000000e+00
9.160561012610235476e-01
8.880819938435328131e-01
6.673087386628976381e-01
6.456762311936434795e-01
9.349337056695719017e-01
6.096643994233009733e-01
6.462818504392467966e-01
1.000000000000000000e+00
8.667416423335588815e-01
7.606624709279484753e-01
1.000000000000000000e+00
8.305789504925866762e-01
9.779931365297100943e-01
6.142454828332165606e-01
1.000000000000000000e+00
1.000000000000000000e+00
1.000000000000000000e+00
1.804886815723463300e+01
1.006802397957340389e-01
2.600000000000000089e-01
-1.514344662427902222e-01
6.366919600853387928e-01
1.000000000000000000e+00
1.000000000000000000e+00
1.000000000000000000e+00
1.000000000000000000e+00
1.000000000000000000e+00
9.025729527898417315e-01
8.550306312436070089e-01
8.927260218744973441e-01
9.021764862117012118e-01
1.000000000000000000e+00
5.583903815080860644e-01
1.000000000000000000e+00
6.059683631704498863e-01
9.289606425667980005e-01
1.000000000000000000e+00
7.626669946014311696e-01
8.605533540785942348e-01
1.000000000000000000e+00
9.063627626312936725e-01
1.000000000000000000e+00
8.472427164631058938e-01
8.268281389102999368e-01
7.204654130436031201e-01
1.802354384746230664e+01
1.080097960331993789e-01
2.600000000000000089e-01
-6.252714991569519043e-02
1.000000000000000000e+00
1.000000000000000000e+00
1.000000000000000000e+00
1.000000000000000000e+00
5.888417906655233347e-01
1.000000000000000000e+00
7.722319196366382865e-01
1.000000000000000000e+00
1.000000000000000000e+00
7.361399225111675548e-01
9.615671488012710322e-01
8.355189654394575838e-01
1.000000000000000000e+00
9.343691183077004192e-01
1.000000000000000000e+00
7.661708105201545660e-01
8.725593649598041290e-01
1.000000000000000000e+00
6.722708800799619411e-01
1.000000000000000000e+00
1.000000000000000000e+00
6.604575895781586992e-01
1.000000000000000000e+00
5.733642816938502307e-01
1.799819949224852778e+01
1.061542360318852296e-01
2.600000000000000089e-01
3.935176506638526917e-02
1.000000000000000000e+00
1.000000000000000000e+00
1.000000000000000000e+00
7.204627904338788413e-01
8.524518692612185200e-01
7.852252746440608888e-01
1.000000000000000000e+00
6.285456508031016520e-01
1.000000000000000000e+00
9.178648849616519723e-01
5.761060651241675101e-01
9.486592340170475479e-01
1.000000000000000000e+00
1.000000000000000000e+00
7.824307190782544552e-01
7.733017132462950416e-01
1.000000000000000000e+00
9.834723308598493086e-01
1.000000000000000000e+00
7.800609036522244688e-01
1.000000000000000000e+00
7.703081929836592678e-01
1.000000000000000000e+00
1.000000000000000000e+00
1.796436655650255076e+01
1.053448967662560243e-01
2.600000000000000089e-01
-2.108610868453979492e-01
6.785230207093450039e-01
1.000000000000000000e+00
1.000000000000000000e+00
1.000000000000000000e+00
1.000000000000000000e+00
6.377988029518364410e-01
1.000000000000000000e+00
8.761242569360719878e-01
1.000000000000000000e+00
8.436872305641589520e-01
1.000000000000000000e+00
9.732887513875591035e-01
8.693184692408567615e-01
5.878582363202361494e-01
1.000000000000000000e+00
1.000000000000000000e+00
8.443569253352468662e-01
8.605294569691382955e-01
6.034646825483184207e-01
1.000000000000000000e+00
6.079599828147601581e-01
1.000000000000000000e+00
5.730000915889625901e-01
1.000000000000000000e+00
1.793930123958732281e+01
1.204209398175462020e-01
2.600000000000000089e-01
-2.030029296875000000e-01
1.000000000000000000e+00
9.360133453952926841e-01
1.000000000000000000e+00
6.904287787669193266e-01
1.000000000000000000e+00
1.000000000000000000e+00
1.000000000000000000e+00
6.130778334675243135e-01
6.202845199864592818e-01
7.613905842890112963e-01
9.497077265368323307e-01
1.000000000000000000e+00
6.992255310380023348e-01
1.000000000000000000e+00
7.965403098135716009e-01
1.000000000000000000e+00
1.000000000000000000e+00
8.875748792827469202e-01
7.166321624705483950e-01
1.000000000000000000e+00
6.484402161812686805e-01
5.998371664695889560e-01
8.539172899145667239e-01
1.000000000000000000e+00
1.790491588816804480e+01
1.362716123255927059e-01
2.600000000000000089e-01
-2.368144504725933075e-02
7.266213571208347544e-01
8.483667797066731797e-01
9.269153609915355974e-01
9.402675689417413496e-01
9.894347846048118233e-01
1.000000000000000000e+00
1.000000000000000000e+00
1.000000000000000000e+00
1.000000000000000000e+00
1.000000000000000000e+00
9.323838544295727226e-01
1.000000000000000000e+00
1.000000000000000000e+00
8.560480472147761200e-01
1.000000000000000000e+00
1.000000000000000000e+00
8.240305502186109354e-01
1.000000000000000000e+00
8.813322026619336835e-01
9.353333563832616493e-01
8.658972606294715879e-01
9.066868626755398841e-01
1.000000000000000000e+00
7.820991535074650614e-01
1.787144406777708383e+01
1.441883088638515886e-01
2.600000000000000089e-01
-1.467388719320297241e-01
1.000000000000000000e+00
1.000000000000000000e+00
7.962004669824883640e-01
1.000000000000000000e+00
8.018271688111239248e-01
7.751608605287605425e-01
8.201164313024840169e-01
1.000000000000000000e+00
1.000000000000000000e+00
1.000000000000000000e+00
1.000000000000000000e+00
7.106371275970612134e-01
5.454766481479091933e-01
6.619960702050445844e-01
1.000000000000000000e+00
1.000000000000000000e+00
8.121226522883454590e-01
1.000000000000000000e+00
9.591516502929982035e-01
6.902730925879423385e-01
7.434875961921522114e-01
7.548022416406531265e-01
1.000000000000000000e+00
1.000000000000000000e+00
1.784553330511055691e+01
1.518438759641651536e-01
2.600000000000000089e-01
1.721215993165969849e-01
8.171195298933857654e-01
1.000000000000000000e+00
6.686764047948499101e-01
1.000000000000000000e+00
1.000000000000000000e+00
8.397767790335127769e-01
5.762408940277558012e-01
6.855253034462202022e-01
7.061007980532897355e-01
7.542043899224010195e-01
1.000000000000000000e+00
9.193417956941988267e-01
1.000000000000000000e+00
6.683530623158741024e-01
1.000000000000000000e+00
1.000000000000000000e+00
1.000000000000000000e+00
8.529050517943748133e-01
1.000000000000000000e+00
1.000000000000000000e+00
1.000000000000000000e+00
9.361140999401573737e-01
1.000000000000000000e+00
1.000000000000000000e+00
1.781991106589732254e+01
1.365595852738321625e-01
2.600000000000000089e-01
1.509414464235305786e-01
9.280785754296729806e-01
8.432627058286220612e-01
6.228082699142019063e-01
6.453842019191318169e-01
6.652752234488564786e-01
1.000000000000000000e+00
1.000000000000000000e+00
9.350049703768570364e-01
8.842298224605779078e-01
5.901234156562976674e-01
8.806279219713497586e-01
7.548987203501454912e-01
1.000000000000000000e+00
9.301437443551484607e-01
9.326696198727079112e-01
1.000000000000000000e+00
1.000000000000000000e+00
1.000000000000000000e+00
6.913538199549845720e-01
1.000000000000000000e+00
1.000000000000000000e+00
1.000000000000000000e+00
6.949506113145239583e-01
8.812043519726214802e-01
1.778567024583527711e+01
1.208290197975725455e-01
2.600000000000000089e-01
8.113922178745269775e-02
9.455531334728066728e-01
1.000000000000000000e+00
1.000000000000000000e+00
7.732938458221679801e-01
1.000000000000000000e+00
9.232917648505648556e-01
9.775630285866677704e-01
7.911254449780218412e-01
6.183531835116841124e-01
9.401504980675010614e-01
8.993427851631083936e-01
1.000000000000000000e+00
6.935069930605811672e-01
7.331126389526004816e-01
1.000000000000000000e+00
1.000000000000000000e+00
7.283038747819473580e-01
9.430221948031652923e-01
8.973720872775233781e-01
1.000000000000000000e+00
7.836121803496859384e-01
1.000000000000000000e+00
8.859800970759830196e-01
9.531687779331493582e-01
1.775986071279375267e+01
1.182378097204788148e-01
2.600000000000000089e-01
-5.400377884507179260e-02
9.235691325298128751e-01
5.596158475006295374e-01
7.036106151677253839e-01
1.000000000000000000e+00
1.000000000000000000e+00
8.770330746704411151e-01
7.963272076903289420e-01
5.743578396786003237e-01
1.000000000000000000e+00
1.000000000000000000e+00
1.000000000000000000e+00
7.750795735491112781e-01
9.212320504758635398e-01
8.257527171409232425e-01
8.572402782396364440e-01
1.000000000000000000e+00
8.950168975641269453e-01
9.652291560911587798e-01
8.039191385085714403e-01
8.235059655467126261e-01
1.000000000000000000e+00
8.833949322983316588e-01
1.000000000000000000e+00
6.193868230134444985e-01
1.773424971730164046e+01
1.271710354201278648e-01
2.600000000000000089e-01
-1.341554522514343262e-01
1.000000000000000000e+00
8.913957225051493127e-01
9.138173185731276460e-01
1.000000000000000000e+00
1.000000000000000000e+00
6.384544329830702525e-01
9.113353877031834527e-01
8.036385578761178206e-01
8.300343731649127976e-01
8.752841619979166987e-01
7.349427235448400264e-01
1.000000000000000000e+00
1.000000000000000000e+00
1.000000000000000000e+00
8.563919322157662606e-01
9.030305056838593414e-01
1.000000000000000000e+00
1.000000000000000000e+00
1.000000000000000000e+00
1.000000000000000000e+00
1.000000000000000000e+00
1.000000000000000000e+00
9.234090904671697908e-01
6.088741317812385034e-01
1.769964518503569550e+01
1.394885814892656839e-01
2.600000000000000089e-01
-5.072489380836486816e-02
1.000000000000000000e+00
5.714385304087225004e-01
1.000000000000000000e+00
8.152712910877871755e-01
6.065577570314371059e-01
1.000000000000000000e+00
7.285279592339729549e-01
1.000000000000000000e+00
1.000000000000000000e+00
1.000000000000000000e+00
7.431674037755394702e-01
7.101655536301938465e-01
9.470794303139936643e-01
7.072374426825499549e-01
6.233186829274102170e-01
1.000000000000000000e+00
9.184549785101437935e-01
1.000000000000000000e+00
1.000000000000000000e+00
1.000000000000000000e+00
1.000000000000000000e+00
1.000000000000000000e+00
1.000000000000000000e+00
7.040438157283431808e-01
1.767379087330544252e+01
1.455575222261198398e-01
2.600000000000000089e-01
-6.316751986742019653e-02
9.883152042437978180e-01
1.000000000000000000e+00
9.975451336554161941e-01
9.168454984306436684e-01
7.594977975101792067e-01
9.156028401079563395e-01
6.383895073754582983e-01
5.668347247542976364e-01
1.000000000000000000e+00
1.000000000000000000e+00
9.401238878166048307e-01
1.000000000000000000e+00
6.875199875901193414e-01
6.966429023003612997e-01
9.732112208009093823e-01
1.000000000000000000e+00
9.928400344984760206e-01
7.514138591872653317e-01
6.437603514949229444e-01
8.553132084301154903e-01
6.121771196542231674e-01
1.000000000000000000e+00
8.383373899466091128e-01
1.000000000000000000e+00
1.764807875413518090e+01
1.467386894586057977e-01
2.600000000000000089e-01
1.169775649905204773e-01
1.000000000000000000e+00
7.855423715421154807e-01
1.000000000000000000e+00
1.000000000000000000e+00
1.000000000000000000e+00
1.000000000000000000e+00
6.631841138441080252e-01
8.089467836614472329e-01
7.400674641006828036e-01
7.091563421077439200e-01
1.000000000000000000e+00
1.000000000000000000e+00
5.874314048449874592e-01
1.000000000000000000e+00
6.287739191142970308e-01
1.000000000000000000e+00
8.023602922601205112e-01
7.268825328102815897e-01
7.524570597505698677e-01
1.000000000000000000e+00
6.462341828483358919e-01
1.000000000000000000e+00
8.809926695728153012e-01
6.524844751138422216e-01
1.762254797781500315e+01
1.436017252619352647e-01
2.600000000000000089e-01
-4.871588945388793945e-02
8.765307765988864519e-01
7.535027376353825579e-01
1.000000000000000000e+00
1.000000000000000000e+00
7.520701008266116316e-01
1.000000000000000000e+00
6.300831237853482536e-01
5.605314270730404891e-01
1.000000000000000000e+00
6.203754839803917731e-01
1.000000000000000000e+00
1.000000000000000000e+00
1.000000000000000000e+00
6.821191209979424741e-01
1.000000000000000000e+00
1.000000000000000000e+00
1.000000000000000000e+00
8.315382717775339216e-01
1.000000000000000000e+00
1.000000000000000000e+00
1.000000000000000000e+00
1.000000000000000000e+00
1.000000000000000000e+00
1.000000000000000000e+00
1.758819399638304048e+01
1.571116944780883706e-01
2.600000000000000089e-01
-1.725610494613647461e-01
1.000000000000000000e+00
1.000000000000000000e+00
1.000000000000000000e+00
6.758257033395788094e-01
8.525270364251316124e-01
1.000000000000000000e+00
7.633726738341540807e-01
1.000000000000000000e+00
1.000000000000000000e+00
1.000000000000000000e+00
8.000944137251464472e-01
1.000000000000000000e+00
1.000000000000000000e+00
1.000000000000000000e+00
1.000000000000000000e+00
6.782884303957198435e-01
1.000000000000000000e+00
9.049691804039861065e-01
8.089980169042478853e-01
1.000000000000000000e+00
1.000000000000000000e+00
6.054687087162177184e-01
7.606056971847152681e-01
1.000000000000000000e+00
1.756283494360191355e+01
1.646568346651666737e-01
2.600000000000000089e-01
2.186771333217620850e-01
1.000000000000000000e+00
7.094788280147797943e-01
1.000000000000000000e+00
1.000000000000000000e+00
1.000000000000000000e+00
1.000000000000000000e+00
1.000000000000000000e+00
1.000000000000000000e+00
8.363522801177278865e-01
1.000000000000000000e+00
1.000000000000000000e+00
6.249618800390087658e-01
1.000000000000000000e+00
9.841983408959438240e-01
7.661474848813443206e-01
1.000000000000000000e+00
1.000000000000000000e+00
1.000000000000000000e+00
1.000000000000000000e+00
5.729813369183810456e-01
1.000000000000000000e+00
1.000000000000000000e+00
1.000000000000000000e+00
1.000000000000000000e+00
1.753862749031051393e+01
1.548916200465515480e-01
2.600000000000000089e-01
-2.211419865489006042e-02
9.023149934809649997e-01
8.162746645392751077e-01
5.790190934412147161e-01
9.697206488512255529e-01
1.000000000000000000e+00
1.000000000000000000e+00
1.000000000000000000e+00
1.000000000000000000e+00
1.000000000000000000e+00
1.000000000000000000e+00
5.768366401560029999e-01
7.793343908820854482e-01
7.969434734178216795e-01
4.635185531575176099e-01
9.918189607794377638e-01
1.000000000000000000e+00
1.000000000000000000e+00
9.403663965287114568e-01
6.693443155479469331e-01
8.292641403131477684e-01
7.179005583938578017e-01
6.617401556381915517e-01
6.555319389231364369e-01
1.000000000000000000e+00
1.751333191681412416e+01
1.496248339690309237e-01
2.600000000000000089e-01
2.763918936252593994e-01
9.085344728180742013e-01
5.814427598121046925e-01
1.000000000000000000e+00
1.000000000000000000e+00
1.000000000000000000e+00
9.227797739420358081e-01
1.000000000000000000e+00
1.000000000000000000e+00
7.476945362411951956e-01
1.000000000000000000e+00
6.238685331185978011e-01
1.000000000000000000e+00
7.762378284821332963e-01
8.106832580255309839e-01
1.000000000000000000e+00
1.000000000000000000e+00
1.000000000000000000e+00
8.680635844846870119e-01
6.331837359768535123e-01
1.000000000000000000e+00
9.618690974071366639e-01
1.000000000000000000e+00
1.000000000000000000e+00
9.059264710916791197e-01
1.747932405019007618e+01
1.123179097338273813e-01
2.600000000000000089e-01
2.876587510108947754e-01
1.000000000000000000e+00
1.000000000000000000e+00
1.000000000000000000e+00
5.846292984713290508e-01
5.660570928768856591e-01
9.262945372025244151e-01
1.000000000000000000e+00
1.000000000000000000e+00
1.000000000000000000e+00
8.131478219577074062e-01
1.000000000000000000e+00
1.000000000000000000e+00
8.040840481532731676e-01
4.803772140554803949e-01
1.000000000000000000e+00
8.305286255826348496e-01
9.948335047536025488e-01
9.910509406995213766e-01
9.493944199454799060e-01
8.977976796669739912e-01
1.000000000000000000e+00
1.000000000000000000e+00
7.474370459797482491e-01
9.957954396852678469e-01
1.744493242131177979e+01
8.190384905966041629e-02
2.600000000000000089e-01
1.925888955593109131e-01
7.771317919249336459e-01
6.225440193333214856e-01
9.624854417381373262e-01
6.946305714078254701e-01
9.336867527039720560e-01
6.806433948006370693e-01
1.000000000000000000e+00
9.047715117681978114e-01
6.586540692325451030e-01
8.971258099407395381e-01
9.267794486463026837e-01
9.294269292209167421e-01
4.635599004463202832e-01
9.277786837990082969e-01
1.000000000000000000e+00
1.000000000000000000e+00
7.446716598147309352e-01
8.181150288230768508e-01
1.000000000000000000e+00
7.612624445914900617e-01
9.181956640132415970e-01
1.000000000000000000e+00
8.893279292515919865e-01
9.885538993710755173e-01
1.741973690885501114e+01
7.358964061619488461e-02
2.600000000000000089e-01
-1.018202751874923706e-01
1.000000000000000000e+00
9.601623021305043526e-01
1.000000000000000000e+00
9.895803132998466367e-01
1.000000000000000000e+00
1.000000000000000000e+00
9.628595322087871722e-01
1.000000000000000000e+00
7.770277538522203375e-01
8.748481168963453403e-01
6.991346604801186304e-01
5.645719506875911398e-01
5.552144926906542599e-01
1.000000000000000000e+00
7.857834591237085053e-01
1.000000000000000000e+00
1.000000000000000000e+00
6.681486047594012989e-01
6.031728326669026918e-01
1.000000000000000000e+00
7.595100610491899440e-01
1.000000000000000000e+00
8.815898385034951490e-01
7.200896699582658433e-01
1.738527961419313428e+01
8.170000391450482624e-02
2.600000000000000089e-01
-5.705050751566886902e-02
1.000000000000000000e+00
1.000000000000000000e+00
7.787943850624154951e-01
1.000000000000000000e+00
1.000000000000000000e+00
1.000000000000000000e+00
1.000000000000000000e+00
9.162428222047933613e-01
6.445861691538213867e-01
1.000000000000000000e+00
1.000000000000000000e+00
8.130639086647862834e-01
9.147463838784231083e-01
7.541604676533830709e-01
1.000000000000000000e+00
1.000000000000000000e+00
7.084121462293708760e-01
6.025962789154520882e-01
1.000000000000000000e+00
5.723805740073188986e-01
1.000000000000000000e+00
9.191844833048351537e-01
1.000000000000000000e+00
9.562641580194374269e-01
1.735932129584047701e+01
8.903057463522268122e-02
2.600000000000000089e-01
-7.275353372097015381e-02
6.696395111703010716e-01
1.000000000000000000e+00
1.000000000000000000e+00
8.409316795881167650e-01
1.000000000000000000e+00
8.526673399410648058e-01
6.464719026430562065e-01
9.198474365448150447e-01
8.770992200631931857e-01
9.914917036574403264e-01
9.364286912208937830e-01
1.000000000000000000e+00
4.411433323005630180e-01
9.512014408695217416e-01
1.000000000000000000e+00
7.576239644876103796e-01
1.000000000000000000e+00
6.221725999852648625e-01
9.845647134188261207e-01
1.000000000000000000e+00
5.691838735319181275e-01
7.003609159708320542e-01
1.000000000000000000e+00
5.804583688779835215e-01
1.732497177364549401e+01
1.066619114559763659e-01
2.600000000000000089e-01
-1.568557024002075195e-01
7.069813323025980756e-01
1.000000000000000000e+00
7.028936102064670122e-01
1.000000000000000000e+00
1.000000000000000000e+00
1.000000000000000000e+00
1.000000000000000000e+00
1.000000000000000000e+00
1.000000000000000000e+00
1.000000000000000000e+00
1.000000000000000000e+00
5.284713070437977445e-01
9.683494274196505769e-01
6.320059404731611652e-01
7.139831070891181630e-01
1.000000000000000000e+00
9.339611353822380169e-01
6.714200875134361812e-01
6.713231445660419183e-01
6.329935073420488445e-01
7.076447936672816130e-01
1.000000000000000000e+00
1.000000000000000000e+00
1.000000000000000000e+00
1.729906940381634328e+01
1.202430700086116744e-01
2.600000000000000089e-01
-1.295972317457199097e-01
7.660344958279653449e-01
9.654636307783126536e-01
9.137793867767022293e-01
7.279827033958691240e-01
6.949243817577992477e-01
8.604735746175692368e-01
1.000000000000000000e+00
1.000000000000000000e+00
1.000000000000000000e+00
6.046648465597631583e-01
8.204440673337283219e-01
1.000000000000000000e+00
8.433377228914944457e-01
5.607179877617947117e-01
7.541738628657667087e-01
1.000000000000000000e+00
1.000000000000000000e+00
1.000000000000000000e+00
1.000000000000000000e+00
1.000000000000000000e+00
1.000000000000000000e+00
1.000000000000000000e+00
1.000000000000000000e+00
1.000000000000000000e+00
1.726451175725976128e+01
1.284433767408104110e-01
2.600000000000000089e-01
5.915587395429611206e-02
6.372486468504595658e-01
7.600769245591639800e-01
1.000000000000000000e+00
6.549501270751328930e-01
1.000000000000000000e+00
7.164089908674328155e-01
1.000000000000000000e+00
1.000000000000000000e+00
1.000000000000000000e+00
1.000000000000000000e+00
8.846440508108120993e-01
9.278655767956655032e-01
1.000000000000000000e+00
5.890368000718230190e-01
8.199241772908570924e-01
7.551817138430079179e-01
1.000000000000000000e+00
9.057830527206994775e-01
6.100838227896971944e-01
8.750592694315059150e-01
1.000000000000000000e+00
8.007133693812554798e-01
5.930514045023410619e-01
1.000000000000000000e+00
1.723888096446658835e+01
1.166387297778155308e-01
2.600000000000000089e-01
2.181159257888793945e-01
1.000000000000000000e+00
8.270001526252899193e-01
1.000000000000000000e+00
6.389640885304618267e-01
1.000000000000000000e+00
1.000000000000000000e+00
1.000000000000000000e+00
1.000000000000000000e+00
8.454707749944494477e-01
1.000000000000000000e+00
1.000000000000000000e+00
1.000000000000000000e+00
8.388328291450515284e-01
7.833549453226529291e-01
8.457843551362996815e-01
9.805773973579180458e-01
1.000000000000000000e+00
9.121650813917587808e-01
1.000000000000000000e+00
6.293307629479630849e-01
1.000000000000000000e+00
6.576372487286467061e-01
8.108898833476929635e-01
6.266083723017218388e-01
1.720482999575711247e+01
8.554757822778880083e-02
2.600000000000000089e-01
2.372552603483200073e-01
7.764574021714685248e-01
1.000000000000000000e+00
1.000000000000000000e+00
1.000000000000000000e+00
5.781046371689750885e-01
8.632666092194677399e-01
6.130433248610415164e-01
8.505333567983662801e-01
6.495490767342556593e-01
1.000000000000000000e+00
7.103572443770104217e-01
4.949448998785104803e-01
1.000000000000000000e+00
9.962072115931598359e-01
6.889670155609967095e-01
7.239297205627609477e-01
1.000000000000000000e+00
1.000000000000000000e+00
5.607960061555872233e-01
1.000000000000000000e+00
8.891511470329628297e-01
1.000000000000000000e+00
6.647834548944240307e-01
1.000000000000000000e+00
1.717873003137120591e+01
7.864229963319768757e-02
2.600000000000000089e-01
-3.389378786087036133e-01
1.000000000000000000e+00
8.038865316199235167e-01
9.487466056424553873e-01
1.000000000000000000e+00
1.000000000000000000e+00
1.000000000000000000e+00
1.000000000000000000e+00
7.949820897894509519e-01
8.615866154384388409e-01
8.039890054862858237e-01
5.955887661669174715e-01
5.402460495181261591e-01
6.969250099597340542e-01
6.465875903359373789e-01
8.699799663361184043e-01
1.000000000000000000e+00
1.000000000000000000e+00
1.000000000000000000e+00
1.000000000000000000e+00
1.000000000000000000e+00
1.000000000000000000e+00
1.000000000000000000e+00
1.000000000000000000e+00
1.000000000000000000e+00
1.715241973998285019e+01
1.013186583104510596e-01
2.600000000000000089e-01
-1.756114512681961060e-01
1.000000000000000000e+00
7.315639534155190526e-01
1.000000000000000000e+00
1.000000000000000000e+00
1.000000000000000000e+00
9.226264051159522861e-01
1.000000000000000000e+00
7.777154804288033407e-01
1.000000000000000000e+00
1.000000000000000000e+00
1.000000000000000000e+00
9.675176357639253544e-01
3.362643800444672371e-01
8.342940059419300391e-01
9.372656050351526602e-01
8.722238415314844673e-01
1.000000000000000000e+00
1.000000000000000000e+00
6.912283985232691164e-01
7.597228869155099318e-01
1.000000000000000000e+00
1.000000000000000000e+00
1.000000000000000000e+00
1.000000000000000000e+00
1.711796136861063999e+01
1.217395361344650873e-01
2.600000000000000089e-01
-1.215515285730361938e-01
8.022587625917620979e-01
6.947556556265254146e-01
1.000000000000000000e+00
8.280094850110414351e-01
6.156689202390952520e-01
8.293373551556152412e-01
8.672130296235707192e-01
7.615321961037623266e-01
5.585841130418170986e-01
8.154005147628718975e-01
8.180660828368624404e-01
8.128119868551058058e-01
7.251679090092196800e-01
4.937263134403712672e-01
1.000000000000000000e+00
6.493366780051543774e-01
1.000000000000000000e+00
9.676537586256854784e-01
8.027529304015504907e-01
1.000000000000000000e+00
7.757116044317350356e-01
1.000000000000000000e+00
1.000000000000000000e+00
8.723960940179458223e-01
1.709218908189810904e+01
1.260326133678582039e-01
2.600000000000000089e-01
8.977480232715606689e-03
9.042336861237725287e-01
7.314092246247785312e-01
7.392104867785843636e-01
1.000000000000000000e+00
9.360890621755236785e-01
7.978473589260407506e-01
8.558180820687143475e-01
1.000000000000000000e+00
1.000000000000000000e+00
1.000000000000000000e+00
8.870423280857338000e-01
9.386384916102750164e-01
7.980124611706285176e-01
9.505111251655529170e-01
7.624925028000006932e-01
6.685270867409653928e-01
1.000000000000000000e+00
6.800673677376322113e-01
1.000000000000000000e+00
9.533640602517616802e-01
1.000000000000000000e+00
1.000000000000000000e+00
1.000000000000000000e+00
1.000000000000000000e+00
1.705754923456738581e+01
1.277006040808270626e-01
2.600000000000000089e-01
-1.769990287721157074e-02
6.064582883859834794e-01
6.837306867866485005e-01
7.750252457037239973e-01
1.000000000000000000e+00
7.796533654416829551e-01
1.000000000000000000e+00
5.629347091996079744e-01
1.000000000000000000e+00
1.000000000000000000e+00
7.133431057153506449e-01
9.920898425461819325e-01
7.825108239357897455e-01
1.000000000000000000e+00
3.983477034715642295e-01
9.834285823281615491e-01
1.000000000000000000e+00
1.000000000000000000e+00
9.251847690168938376e-01
1.000000000000000000e+00
1.000000000000000000e+00
1.000000000000000000e+00
9.357366684640501253e-01
1.000000000000000000e+00
5.902151923021869973e-01
1.703184650055066385e+01
1.243493651184937043e-01
2.600000000000000089e-01
9.672965854406356812e-02
7.331550407700729854e-01
6.278918763051561935e-01
1.000000000000000000e+00
1.000000000000000000e+00
1.000000000000000000e+00
5.613461418718536100e-01
9.328745588710438685e-01
1.000000000000000000e+00
6.333168015520893590e-01
1.000000000000000000e+00
1.000000000000000000e+00
9.536246560151138141e-01
3.963670728607019966e-01
7.005724448015092642e-01
6.492213623419387236e-01
1.000000000000000000e+00
7.163667834929012823e-01
1.000000000000000000e+00
5.721100575567934499e-01
1.000000000000000000e+00
1.000000000000000000e+00
7.223171532992440635e-01
6.464664078087513088e-01
1.000000000000000000e+00
1.700621811901274683e+01
1.057076303868562661e-01
2.600000000000000089e-01
2.466686964035034180e-01
1.000000000000000000e+00
1.000000000000000000e+00
9.396732388933539681e-01
8.945423721750940249e-01
8.444470275261029002e-01
1.000000000000000000e+00
1.000000000000000000e+00
1.000000000000000000e+00
8.004559187192759051e-01
6.318660233431704354e-01
1.000000000000000000e+00
8.865446953233691030e-01
3.917736327623767556e-01
8.590333741119814404e-01
1.000000000000000000e+00
1.000000000000000000e+00
9.136719146830711846e-01
1.000000000000000000e+00
1.000000000000000000e+00
9.436424439061078528e-01
1.000000000000000000e+00
6.031533902870082064e-01
8.369597559097030626e-01
1.000000000000000000e+00
1.697194458021502683e+01
8.371235807954091612e-02
2.600000000000000089e-01
4.012283310294151306e-02
7.494151418478447457e-01
6.657200586618789995e-01
1.000000000000000000e+00
6.791942231294763044e-01
6.586560898278486231e-01
1.000000000000000000e+00
1.000000000000000000e+00
1.000000000000000000e+00
1.000000000000000000e+00
7.100814869387230832e-01
1.000000000000000000e+00
7.052458684538882583e-01
4.311584441327527828e-01
1.000000000000000000e+00
5.696093320206548904e-01
8.883230427633304060e-01
9.884780114855876709e-01
7.079631021153652837e-01
5.633291857398613489e-01
9.860025822165686682e-01
1.000000000000000000e+00
9.084969321395249819e-01
9.534357105392585741e-01
1.000000000000000000e+00
1.694612594415272611e+01
7.924937314045710224e-02
2.600000000000000089e-01
6.428909301757812500e-02
1.000000000000000000e+00
8.712777028077149932e-01
1.000000000000000000e+00
1.000000000000000000e+00
9.781265515479853345e-01
1.000000000000000000e+00
1.000000000000000000e+00
8.928709795605058730e-01
9.207812038071353511e-01
6.986278413573757673e-01
1.000000000000000000e+00
7.927495716527405145e-01
8.527378464014488957e-01
5.323917688914462376e-01
1.000000000000000000e+00
1.000000000000000000e+00
1.000000000000000000e+00
1.000000000000000000e+00
6.212386982046391726e-01
5.637455115287303142e-01
1.000000000000000000e+00
8.103390682380905430e-01
9.800331210299086937e-01
9.237489072663714884e-01
1.692025859052763437e+01
7.470964085648157393e-02
2.600000000000000089e-01
4.393476620316505432e-02
7.691124204377063345e-01
1.000000000000000000e+00
1.000000000000000000e+00
7.841220569902233040e-01
1.000000000000000000e+00
1.000000000000000000e+00
6.563020479696246579e-01
6.793158446076985602e-01
8.348981545830730377e-01
9.768177973960868732e-01
1.000000000000000000e+00
5.236938508845587759e-01
3.056038565761157733e-01
5.516835844713983139e-01
7.850399483057596273e-01
8.507720477162771244e-01
7.019329282819247728e-01
8.918113780861196549e-01
1.000000000000000000e+00
1.000000000000000000e+00
8.703706246592844975e-01
9.599342840424850420e-01
1.000000000000000000e+00
8.595495314380381391e-01
1.688592698509538792e+01
5.989186276769853379e-02
2.600000000000000089e-01
1.830268800258636475e-01
1.000000000000000000e+00
7.247305320457334554e-01
9.017594524117428234e-01
1.000000000000000000e+00
1.000000000000000000e+00
1.000000000000000000e+00
1.000000000000000000e+00
1.000000000000000000e+00
1.000000000000000000e+00
6.071934378283031508e-01
1.000000000000000000e+00
1.000000000000000000e+00
7.167553824623527081e-01
5.119197898671525859e-01
1.000000000000000000e+00
9.841226480521262365e-01
1.000000000000000000e+00
5.571812346558666640e-01
9.101884411919607398e-01
1.000000000000000000e+00
6.496187823563891461e-01
6.981209639542542700e-01
1.000000000000000000e+00
6.820871967889582388e-01
1.685987165177288105e+01
4.464551169670150088e-02
2.600000000000000089e-01
-1.263218671083450317e-01
9.242499478280284952e-01
1.000000000000000000e+00
9.252029441919074060e-01
7.615891651931558926e-01
1.000000000000000000e+00
6.398315767623340422e-01
6.061435739409416490e-01
7.623627230377602038e-01
5.841029988231041248e-01
7.162597191061200741e-01
1.000000000000000000e+00
1.000000000000000000e+00
2.251833660574162899e-01
3.361837564205932827e-01
7.492564273880789605e-01
1.000000000000000000e+00
1.000000000000000000e+00
1.000000000000000000e+00
7.046679208708296338e-01
9.874916882937289087e-01
1.000000000000000000e+00
8.144513035199084650e-01
8.790754104253399870e-01
6.461481081851341290e-01
1.682451638321459342e+01
6.615761734046055054e-02
2.600000000000000089e-01
-2.461180686950683594e-01
4.941658121038393636e-01
7.776654643838423198e-01
1.000000000000000000e+00
1.000000000000000000e+00
1.000000000000000000e+00
1.000000000000000000e+00
1.000000000000000000e+00
1.000000000000000000e+00
1.000000000000000000e+00
1.000000000000000000e+00
1.000000000000000000e+00
1.000000000000000000e+00
3.167245593681921045e-01
4.110847990180704903e-01
9.376295178064477653e-01
8.657346204959003311e-01
1.000000000000000000e+00
1.000000000000000000e+00
1.000000000000000000e+00
6.893358035292782571e-01
7.497316073471933517e-01
1.000000000000000000e+00
8.484228160017099896e-01
1.000000000000000000e+00
1.679842852229752381e+01
8.104152578053547273e-02
2.600000000000000089e-01
-7.300630211830139160e-02
1.000000000000000000e+00
1.000000000000000000e+00
7.956942800088258050e-01
8.863671956334882029e-01
1.000000000000000000e+00
9.448626312882494327e-01
9.260411700141111258e-01
1.000000000000000000e+00
8.504527571954729748e-01
1.000000000000000000e+00
1.000000000000000000e+00
5.489304026483126098e-01
4.562538530249849456e-01
6.234536745598505680e-01
1.000000000000000000e+00
8.582929237753249563e-01
1.000000000000000000e+00
1.000000000000000000e+00
1.000000000000000000e+00
7.915756621416782934e-01
6.408760924061246422e-01
1.000000000000000000e+00
9.300537134124345906e-01
1.000000000000000000e+00
1.677245903169131580e+01
8.899414317023790488e-02
2.600000000000000089e-01
-8.918488025665283203e-02
9.410252358317973131e-01
6.064463096404087983e-01
1.000000000000000000e+00
6.967840639517811629e-01
5.749164970143925135e-01
1.000000000000000000e+00
8.780809953770073450e-01
1.000000000000000000e+00
6.523402455197940819e-01
9.544758979942373767e-01
1.000000000000000000e+00
4.266403958328018331e-01
5.936592317191031754e-01
3.114458322404576873e-01
7.057085535122319397e-01
7.870487318886427719e-01
6.626120017992855882e-01
1.000000000000000000e+00
1.000000000000000000e+00
1.000000000000000000e+00
9.447011830031252222e-01
1.000000000000000000e+00
9.816402455755584011e-01
1.000000000000000000e+00
1.673766873670598443e+01
1.077398752869838106e-01
2.600000000000000089e-01
-2.289133071899414062e-01
6.713585975496952907e-01
1.000000000000000000e+00
8.729889233981555918e-01
1.000000000000000000e+00
9.961561312218106812e-01
1.000000000000000000e+00
1.000000000000000000e+00
1.000000000000000000e+00
9.486493166201382943e-01
1.000000000000000000e+00
1.000000000000000000e+00
6.160887557033932760e-01
6.575981622256710235e-01
7.441858452869521967e-01
5.605939067466498837e-01
1.000000000000000000e+00
5.581986762618017517e-01
1.000000000000000000e+00
1.000000000000000000e+00
5.811275620328374414e-01
1.000000000000000000e+00
1.000000000000000000e+00
1.000000000000000000e+00
6.521897530962174061e-01
1.671194812217993331e+01
1.354483019340291250e-01
2.600000000000000089e-01
-3.482725322246551514e-01
8.682718752155257347e-01
7.870367920952821006e-01
1.000000000000000000e+00
1.000000000000000000e+00
1.000000000000000000e+00
1.000000000000000000e+00
1.000000000000000000e+00
1.000000000000000000e+00
1.000000000000000000e+00
1.000000000000000000e+00
1.000000000000000000e+00
1.000000000000000000e+00
5.600402907722894508e-01
8.439735455876231640e-01
5.425894167428748638e-01
1.000000000000000000e+00
6.492662828189043056e-01
6.808454886749457646e-01
9.597682394182643906e-01
1.000000000000000000e+00
1.000000000000000000e+00
5.798568277830481454e-01
1.000000000000000000e+00
1.000000000000000000e+00
1.668599261007300072e+01
1.755998710591164524e-01
2.600000000000000089e-01
-4.537406265735626221e-01
9.158227715878091146e-01
1.000000000000000000e+00
1.000000000000000000e+00
1.000000000000000000e+00
6.393070280139175887e-01
1.000000000000000000e+00
8.607305039576844674e-01
1.000000000000000000e+00
7.309309074148411245e-01
7.155180688244231479e-01
6.214384543466684452e-01
1.000000000000000000e+00
5.970424711901323178e-01
1.574087073518904700e-01
4.835457897708261288e-01
3.344901028549450706e-01
1.000000000000000000e+00
7.257836431333597460e-01
7.292060098515535937e-01
1.000000000000000000e+00
6.056033546792222166e-01
9.823626729799538326e-01
1.000000000000000000e+00
6.876232742472053738e-01
1.665160625991425292e+01
2.268986424467325236e-01
2.600000000000000089e-01
-3.026810884475708008e-01
6.181655856565926310e-01
1.000000000000000000e+00
1.000000000000000000e+00
8.184642297943979239e-01
1.000000000000000000e+00
1.000000000000000000e+00
1.000000000000000000e+00
6.493079331946722821e-01
1.000000000000000000e+00
7.979116939907182626e-01
9.443305321919469586e-01
6.772120379568973281e-01
9.667458173410538036e-01
2.369068115985888123e-01
6.403191969200349165e-01
9.775048589596284643e-01
9.360688777383570081e-01
1.000000000000000000e+00
6.164418314117104947e-01
1.000000000000000000e+00
1.000000000000000000e+00
1.000000000000000000e+00
7.490083118521297934e-01
1.000000000000000000e+00
1.662624015323927651e+01
2.608103879297312133e-01
2.599999690055847523e-01
-4.297793209552764893e-01
6.658768966736262618e-01
1.000000000000000000e+00
1.000000000000000000e+00
1.000000000000000000e+00
1.000000000000000000e+00
1.000000000000000000e+00
5.638336237066208234e-01
7.656038046114931328e-01
9.044907861196919141e-01
1.000000000000000000e+00
1.000000000000000000e+00
1.000000000000000000e+00
4.198429064667987265e-01
2.485374148815732709e-01
2.260773124070993290e-01
5.218442797301940939e-01
1.000000000000000000e+00
9.004083054287479460e-01
1.000000000000000000e+00
5.869839901352192912e-01
1.000000000000000000e+00
9.672949795882771484e-01
1.000000000000000000e+00
1.000000000000000000e+00
1.660171445429502413e+01
2.901828086295776821e-01
2.600000000000000089e-01
1.920161843299865723e-01
1.000000000000000000e+00
1.000000000000000000e+00
1.000000000000000000e+00
1.000000000000000000e+00
1.000000000000000000e+00
8.375448600078441164e-01
1.000000000000000000e+00
1.000000000000000000e+00
8.546672401678586661e-01
1.000000000000000000e+00
6.024813938452255879e-01
9.242114258558421502e-01
1.000000000000000000e+00
6.733057961557279425e-01
5.955675371238042803e-01
8.477787834028754910e-01
1.000000000000000000e+00
1.000000000000000000e+00
9.771475629014260145e-01
1.000000000000000000e+00
1.000000000000000000e+00
9.307464592257002067e-01
6.229083885440663826e-01
1.000000000000000000e+00
1.657728594443459258e+01
2.939108473261780041e-01
2.600000000000000089e-01
-2.895425856113433838e-01
1.000000000000000000e+00
7.833435723239592363e-01
1.000000000000000000e+00
7.033349013206530165e-01
1.000000000000000000e+00
7.789195303845917184e-01
7.249282591348341631e-01
9.454522262336492178e-01
1.000000000000000000e+00
1.000000000000000000e+00
6.989677417950217464e-01
1.000000000000000000e+00
7.808256616659221550e-01
8.161897309368603137e-01
6.043233499406840403e-01
6.255969210634526601e-01
1.000000000000000000e+00
1.000000000000000000e+00
1.000000000000000000e+00
7.277042598835742337e-01
1.000000000000000000e+00
7.689069874665234172e-01
9.834189375275906864e-01
1.000000000000000000e+00
1.654322131468421730e+01
3.203519298058417064e-01
2.600000000000000089e-01
2.790244519710540771e-01
7.236740046353966616e-01
6.263456339477969648e-01
8.803157005345456643e-01
9.879609516854019891e-01
6.078975816229176266e-01
5.945815019952439551e-01
7.763599075632254820e-01
1.000000000000000000e+00
6.919975212172607693e-01
1.000000000000000000e+00
9.548174298522751346e-01
9.003741375881855191e-01
7.876044058775638623e-01
3.016596271864341872e-01
5.244749774015660115e-01
2.715992743344212701e-01
1.000000000000000000e+00
1.000000000000000000e+00
1.000000000000000000e+00
1.000000000000000000e+00
1.000000000000000000e+00
7.131304479926627859e-01
9.799085206739880372e-01
1.000000000000000000e+00
1.651751470392543908e+01
3.018891922577751075e-01
2.600000000000000089e-01
2.551754713058471680e-01
1.000000000000000000e+00
5.348193245119204908e-01
1.000000000000000000e+00
5.785447974227808654e-01
6.027861944825954055e-01
7.043949370579734026e-01
6.688136336770568180e-01
6.096252016802617968e-01
6.321753014920654667e-01
1.000000000000000000e+00
1.000000000000000000e+00
1.000000000000000000e+00
6.749065856505312988e-01
3.543140311651588603e-01
9.539513856307750839e-01
5.635668372226866341e-01
8.788550317361590869e-01
1.000000000000000000e+00
9.854653265969519627e-01
6.422471647742354905e-01
9.013222977178794171e-01
6.961464106058511403e-01
6.372697299735927690e-01
9.015766909799639572e-01
1.649279616196737308e+01
2.898354082632801365e-01
2.600000000000000089e-01
1.985276350751519203e-03
7.052776596232315232e-01
7.070550363330825316e-01
1.000000000000000000e+00
6.893213702978011614e-01
9.862788685657447596e-01
1.000000000000000000e+00
1.000000000000000000e+00
1.000000000000000000e+00
7.430507555594701996e-01
8.402178574344711937e-01
8.005162747281558966e-01
1.000000000000000000e+00
1.000000000000000000e+00
8.652228764690076401e-01
8.779472459092375614e-01
5.970161865601705253e-01
7.242463427337314519e-01
7.675459889819483683e-01
8.860475777545675502e-01
1.000000000000000000e+00
1.000000000000000000e+00
8.937558391192269580e-01
7.426980003186162138e-01
1.000000000000000000e+00
1.645962155523116621e+01
2.897794731479237385e-01
2.600000000000000089e-01
1.134295854717493057e-02
1.000000000000000000e+00
1.000000000000000000e+00
1.000000000000000000e+00
1.000000000000000000e+00
8.019415067907862404e-01
1.000000000000000000e+00
7.401802244393326236e-01
1.000000000000000000e+00
1.000000000000000000e+00
7.915951139207891840e-01
1.000000000000000000e+00
7.039325070936689466e-01
1.000000000000000000e+00
2.670213792235644479e-01
3.542722816949281928e-01
6.745213834314061074e-01
1.000000000000000000e+00
1.000000000000000000e+00
1.000000000000000000e+00
6.959803852479355957e-01
1.000000000000000000e+00
6.021134196891304580e-01
1.000000000000000000e+00
7.445148832698686991e-01
1.643431853271157195e+01
2.799281022476622915e-01
2.600000000000000089e-01
2.812530398368835449e-01
7.189708835659356367e-01
1.000000000000000000e+00
1.000000000000000000e+00
7.859265535783487300e-01
1.000000000000000000e+00
9.129323252036510850e-01
5.951803972460777414e-01
6.058170642521581994e-01
1.000000000000000000e+00
1.000000000000000000e+00
9.684431776487930632e-01
1.000000000000000000e+00
8.034904288856117294e-01
6.918113628485416111e-01
4.487529869462575371e-01
5.701505553522034919e-01
1.000000000000000000e+00
8.676546928493006350e-01
1.000000000000000000e+00
1.000000000000000000e+00
8.079623906294189917e-01
6.777571420993826479e-01
1.000000000000000000e+00
8.300182200534279575e-01
1.640907194039527184e+01
2.607822097839620490e-01
2.600000000000000089e-01
1.097407788038253784e-01
1.000000000000000000e+00
6.806535232509374200e-01
5.849636558917288287e-01
1.000000000000000000e+00
5.907611682262575714e-01
1.000000000000000000e+00
6.408415412686510049e-01
9.941423754947218416e-01
1.000000000000000000e+00
1.000000000000000000e+00
1.000000000000000000e+00
1.000000000000000000e+00
4.560709165271966126e-01
6.469539641981049138e-01
5.147160747268598735e-01
6.065253948936882855e-01
7.247648387169870476e-01
8.202221469961491485e-01
1.000000000000000000e+00
7.614476013393797205e-01
1.000000000000000000e+00
8.956975359488001942e-01
5.572262184633439697e-01
1.000000000000000000e+00
1.637578435310287617e+01
2.423556782079319127e-01
2.600000000000000089e-01
1.805285811424255371e-01
1.000000000000000000e+00
7.291437736417094584e-01
1.000000000000000000e+00
1.000000000000000000e+00
7.274843135917310466e-01
8.074904870532354506e-01
1.000000000000000000e+00
8.842731717517805512e-01
1.000000000000000000e+00
7.936557441676040936e-01
5.778025770037614750e-01
8.022803432315982475e-01
9.951104879469812037e-01
2.504869437628988171e-01
7.674565482964142982e-01
2.712780104270984260e-01
1.000000000000000000e+00
9.577525889153201133e-01
6.681243300278124631e-01
8.811707467713590924e-01
5.599418654776174842e-01
8.534291835074344634e-01
7.553539984140262842e-01
1.000000000000000000e+00
1.635053860044074270e+01
2.339842804585674507e-01
2.600000000000000089e-01
4.710743576288223267e-02
5.799311127951590761e-01
9.105524393204077471e-01
7.574389980741648154e-01
1.000000000000000000e+00
1.000000000000000000e+00
1.000000000000000000e+00
1.000000000000000000e+00
7.265300425818311814e-01
1.000000000000000000e+00
1.000000000000000000e+00
1.000000000000000000e+00
1.000000000000000000e+00
2.817238767880456685e-01
5.834579532125220291e-01
6.981164304583101776e-01
7.841017635158694654e-01
6.614046693705429858e-01
7.505645386364311333e-01
9.214045369543006903e-01
1.000000000000000000e+00
1.000000000000000000e+00
1.000000000000000000e+00
1.000000000000000000e+00
6.088277717186935112e-01
1.632522416721172220e+01
2.324274481929400338e-01
2.600000000000000089e-01
-2.482209354639053345e-01
6.412364735977933439e-01
9.995036865311224261e-01
6.325099630876032109e-01
1.000000000000000000e+00
1.000000000000000000e+00
8.115537210859405937e-01
1.000000000000000000e+00
1.000000000000000000e+00
9.017527317462459280e-01
1.000000000000000000e+00
7.799251370321133026e-01
1.000000000000000000e+00
5.711506198821189040e-01
9.324890529591604027e-01
8.607026797398743545e-01
2.281143327070800642e-01
1.000000000000000000e+00
9.196504979630584220e-01
7.048266023626634791e-01
8.654568205754473720e-01
1.000000000000000000e+00
5.805076607439340064e-01
6.268162236224826822e-01
9.858590340945705410e-01
1.629142325509054601e+01
2.574355609982714732e-01
2.600000000000000089e-01
-1.941788792610168457e-01
6.523413435804944482e-01
7.902889127378848189e-01
1.000000000000000000e+00
9.639132192500391438e-01
6.776662116728010554e-01
1.000000000000000000e+00
1.000000000000000000e+00
6.667561339540879484e-01
9.462464798553477108e-01
1.000000000000000000e+00
7.808476941558064599e-01
9.235886803146871049e-01
2.538826932880030030e-01
8.557545259035551632e-01
4.781176189872040072e-01
5.660901736712075083e-01
1.000000000000000000e+00
9.538211731978771812e-01
5.994757646744511836e-01
1.000000000000000000e+00
9.372004615141944495e-01
1.000000000000000000e+00
8.689482675999337102e-01
1.000000000000000000e+00
1.628308639432972527e+01
2.639977741874974804e-01
2.600000000000000089e-01
-1.763464882969856262e-02
6.927525518237790392e-01
1.000000000000000000e+00
1.000000000000000000e+00
9.560879184202845105e-01
7.390917394589171519e-01
1.000000000000000000e+00
1.000000000000000000e+00
8.341333076065990948e-01
1.000000000000000000e+00
8.471669563822903370e-01
1.000000000000000000e+00
8.684800963764145454e-01
8.832418346491218708e-01
2.011638932379919142e-01
2.504405193205553326e-01
4.580027314892162749e-01
8.847557880445042766e-01
7.897631947249443840e-01
1.000000000000000000e+00
1.000000000000000000e+00
7.879090738111406145e-01
9.153131181509203129e-01
1.000000000000000000e+00
7.670325015401101565e-01
1.623299237822093843e+01
2.750138803704746948e-01
2.600000000000000089e-01
-1.392086148262023926e-01
